286.341926
256.665279
299.256382
278.964485
234.210554
275.216632
279.848118
280.008029
275.825809
236.637129
261.876441
273.600265
264.461103
259.039721
249.673910
300.257588
265.492676
273.916279
282.695691
228.273617
260.683926
290.345544
279.625338
273.921044
227.942207
264.383162
272.618118
270.128324
264.719588
223.988591
264.330000
281.858412
276.858191
278.212015
265.848592
290.745147
275.592912
270.457338
264.887103
221.044770
287.466603
282.319059
274.242971
292.299324
214.382918
265.915500
282.310162
277.951118
265.324824
205.900184
263.282529
279.204956
274.101235
277.328529
233.050112
304.046897
276.283750
276.146088
279.180676
237.731922
276.427015
308.218985
286.588926
285.563441
235.494512
290.767868
285.289382
259.448897
282.028824
225.594955
265.897868
273.372162
273.199191
284.115412
220.522191
269.598691
276.079765
294.920794
282.062794
228.316384
286.305647
280.695382
286.736456
271.205118
229.441841
277.424971
290.320235
274.204309
272.453632
220.357195
288.588118
278.814441
278.054147
302.672324
225.541388
281.059735
286.424000
260.736971
274.813809
215.702919
278.524662
268.157279
273.657838
274.369662
221.195111
268.612294
269.015706
286.657544
286.632029
222.112701
270.329132
272.291265
289.940324
285.034118
232.349290
288.323765
278.104868
285.669941
268.489279
221.572057
274.559397
278.009000
280.934794
294.473132
241.712881
282.583603
267.514926
278.377132
274.632529
223.964133
275.802015
271.551676
260.415632
301.556912
230.395649
283.815294
273.390647
256.442265
267.513500
222.334709
283.428294
272.615015
289.784353
297.519471
252.154755
272.098941
273.012221
269.512015
269.398118
230.694006
280.440000
278.625559
265.095221
281.020691
221.036051
275.181544
278.448176
257.644765
264.928162
241.395259
281.563412
293.530515
283.446353
279.418029
234.249642
257.646588
262.784750
271.158103
275.561794
229.728570
280.574235
273.856250
278.792926
265.448382
248.974778
293.827515
278.996647
281.241206
293.711647
242.724676
252.925000
277.074500
267.804691
260.471441
226.667398
273.986029
256.831368
276.106265
265.379074
249.966855
275.159691
275.114559
263.303500
284.979074
207.331695
275.695559
277.380176
273.113191
276.003235
226.983255
269.065206
284.985676
280.879618
302.808441
232.415786
288.005794
279.626926
278.694721
269.199162
212.643287
267.056500
273.141221
288.699794
278.952103
241.592597
279.050647
291.627971
265.169015
288.230632
228.718599
296.668544
282.332838
268.812412
282.150838
241.777835
265.424632
278.393338
294.925676
267.622632
220.873660
269.637706
277.987441
294.659765
258.474353
214.620132
281.981941
281.073485
274.421544
268.302426
245.451443
277.954324
276.170162
260.045412
265.319059
290.260235
243.323826
257.743015
255.330000
289.931544
270.098647
235.825078
285.407809
285.904750
284.257824
275.402485
231.308697
262.678926
270.741750
290.251088
277.935368
227.585727
276.812456
292.514632
286.268882
276.451662
252.058170
265.529956
271.465559
278.081588
276.393426
224.681848
268.250838
285.531544
266.254662
272.152779
233.904702
263.891412
275.461515
269.540397
296.324412
236.772498
287.960882
287.116897
296.216941
274.488956
235.271852
269.071044
277.263559
276.037676
279.158632
220.157059
278.243779
270.606926
272.421368
268.240515
236.659031
284.395176
276.448632
283.013294
268.532515
225.191680
264.264588
277.593074
288.928353
272.846485
224.898946
274.787765
254.150544
264.368044
277.938912
231.577374
278.877221
263.670397
261.815794
256.664882
242.714757
270.947456
266.861500
276.670088
279.117603
255.629435
291.802971
277.564838
269.863632
263.818500
240.735848
271.538559
274.921088
286.901029
271.930382
242.655967
280.196794
278.366294
265.433103
266.730765
234.948601
297.036662
269.822294
259.665426
270.119044
218.847411
292.645897
278.892471
284.548515
267.712515
229.484942
255.956603
290.425324
264.277191
265.878235
216.766443
274.455750
262.504926
280.409382
277.585676
229.817136
270.801426
253.983309
271.229250
285.216632
228.923167
270.150956
256.617456
274.671882
265.837912
227.146183
267.047765
282.238941
258.979809
282.058544
225.354420
274.280794
293.378088
275.740529
272.789750
225.824965
278.792662
261.228338
286.200118
267.795809
209.739805
286.891029
281.041485
286.002397
288.032824
229.618144
263.258809
250.447294
278.981412
274.547882
228.124249
266.666382
285.832000
274.344206
280.702279
246.865824
282.748735
258.356765
276.641426
302.873294
215.965795
262.556368
273.725353
276.492574
275.816824
230.536032
283.169103
262.636338
290.605353
265.084265
235.633136
271.191632
270.614735
275.591824
278.656824
235.523991
291.646971
279.350588
279.432324
283.306338
222.987404
278.129779
281.530338
282.856221
289.915118
241.075185
285.438529
260.569309
264.227397
281.947897
227.410554
302.458471
264.989529
268.415662
275.292794
238.933349
274.234809
262.066309
273.919515
275.162500
232.183630
277.204294
281.687794
289.630294
270.845956
226.427778
265.388853
268.671632
277.134265
260.240985
242.276912
267.970941
264.099412
268.254397
269.689706
230.108840
266.539588
270.361074
272.477868
267.077294
232.975915
284.924853
284.413956
284.038221
264.897132
239.730034
281.897000
267.024971
279.738118
274.057956
243.283241
273.557941
252.019706
281.500662
275.155897
229.606346
288.819515
275.143750
281.223250
277.287868
217.616038
278.690941
266.408647
292.888838
270.101912
223.838010
269.300324
289.922618
253.111382
252.983735
246.213497
283.387662
268.534132
286.861382
287.907515
222.727307
282.330471
290.097779
285.261794
271.899603
231.422632
272.863544
292.406824
279.054000
278.454971
237.533883
261.901088
254.757426
271.393176
266.705676
236.534311
276.152191
269.280147
279.679765
287.360647
223.188445
285.621632
295.644706
287.851794
264.870338
231.744799
281.146456
278.881868
277.474838
267.226235
220.581359
275.552118
293.607368
268.716000
288.016044
226.992964
265.534912
292.009926
292.246235
277.573691
231.256024
264.171176
288.966000
251.880912
279.273044
237.378437
276.601412
265.891632
288.241926
292.761515
227.271115
294.643647
275.001632
280.330676
283.794132
231.208057
275.171662
283.437176
272.323618
257.467809
237.622456
267.685265
302.025118
273.857029
282.670912
246.422148
261.937324
250.806382
305.974485
261.896794
233.497194
284.212603
276.145529
266.666147
286.770147
225.228181
282.923162
285.399015
282.621059
270.372956
234.727991
258.446824
283.254471
280.792662
281.984118
214.107830
286.809691
269.379441
291.574618
279.192500
242.077199
265.966397
279.736838
283.769500
282.899221
244.272407
277.395132
285.772485
250.969956
274.936132
216.347585
275.749044
274.958926
288.393544
284.464985
213.657924
275.996882
255.296794
266.792338
273.220691
230.288381
258.827559
290.451029
276.660103
284.146721
229.982618
294.599426
258.199691
275.269162
290.836441
237.735134
287.216412
272.318088
298.130132
278.334456
216.123930
260.735397
283.677471
280.509897
277.730088
217.389960
251.675250
270.761824
272.369985
281.957956
238.984109
271.774603
257.978515
269.848221
261.008706
225.925213
271.990912
253.478309
267.733088
287.515191
249.736715
286.810662
272.979603
273.088471
273.906074
225.394363
270.226735
287.807485
276.706456
298.527206
228.920453
264.309868
273.538132
268.289676
271.636279
211.260616
268.973044
268.624147
286.620103
276.702721
253.679161
259.796735
265.708029
267.740235
257.026471
222.019501
279.906471
266.639162
292.306618
289.725294
240.279282
285.033853
259.804176
310.553118
286.081618
234.262474
284.555412
297.464368
288.356044
271.747706
238.296564
319.599750
281.990882
266.904088
271.719647
250.254036
286.175000
276.093750
277.770853
284.848721
201.354170
277.453265
289.196044
273.086794
267.270265
242.340568
284.233250
278.827074
285.983191
289.661000
246.302275
251.965529
273.848603
288.396426
263.607279
230.745233
289.457779
284.619926
265.025735
288.495912
217.540013
290.121000
271.666706
267.410662
256.430147
231.906941
273.938926
255.512368
264.382044
267.761559
243.050928
273.215412
269.375809
275.079765
260.225412
226.169503
274.488279
296.355147
313.683074
260.848603
252.323034
269.616397
290.930868
269.676897
288.180588
216.740653
279.539000
272.842735
293.144824
269.578588
250.078933
272.013412
296.201588
274.883882
264.704544
218.375494
288.042662
272.972853
265.034662
286.610956
238.371142
274.784926
281.110544
260.768103
257.097088
211.834790
283.963456
270.408574
269.340706
281.158059
233.812733
254.413647
277.996529
272.799868
279.623500
235.731587
279.652824
273.956221
264.081088
266.805132
231.694780
270.893794
257.184441
276.338191
277.756956
223.803090
276.844912
281.771809
263.732868
288.120941
226.906341
280.202191
271.712838
269.684794
261.158162
242.447431
267.118809
268.647971
291.097338
280.830485
248.290271
271.120588
269.605912
277.570853
280.755985
231.190684
271.563706
263.799397
262.134265
270.040250
250.634715
268.492662
263.268221
276.843221
294.830794
239.833098
266.317971
286.411412
269.743691
275.660500
241.832041
272.520515
289.090059
294.975824
283.079735
243.912189
272.197897
280.440912
248.655721
252.231691
235.226323
264.700838
274.727471
281.167574
272.233500
223.251354
300.377779
265.811824
265.874103
264.113971
234.605223
286.844059
279.729853
275.813059
268.876118
234.584930
250.945985
275.041926
277.203853
276.698956
217.199196
284.779176
263.901412
264.367103
280.462000
221.221492
264.593103
283.064882
252.732118
278.887074
229.141905
297.918015
270.055632
266.587971
285.716985
212.432994
259.347250
284.220779
276.136838
248.447118
224.734025
269.257382
286.363485
270.766176
288.719838
239.938806
266.154147
274.353235
254.310529
265.584324
222.888307
285.288368
278.401559
276.726412
290.227926
237.254456
265.736868
265.358250
277.380500
278.187706
225.760840
279.220088
285.550441
274.092794
280.274456
239.191767
297.441412
273.699809
278.275471
264.673662
229.440813
277.092029
268.090824
280.020691
287.181309
238.065344
281.312824
270.637353
278.785162
276.295500
218.971772
265.436956
278.447603
271.888191
271.951294
226.772685
257.560471
274.752868
284.300485
269.543971
217.180613
261.078412
266.077118
276.089706
268.756735
227.458335
257.089000
291.448529
291.995853
259.965059
230.517909
261.728176
253.202029
278.758897
292.413162
227.811646
287.016529
265.070956
269.705294
296.447162
233.667074
263.126985
269.224456
266.646588
285.819853
237.242252
287.710882
268.497044
272.470794
277.685838
225.729577
264.661765
280.038426
273.347912
273.349985
222.032372
279.048191
294.222603
273.949544
274.449574
213.542785
270.487265
281.217544
281.213029
272.233544
222.881699
270.851706
262.815353
290.054162
291.141176
239.972950
287.602456
284.742500
283.888809
278.257868
218.349775
277.840162
289.129162
262.057206
258.741324
241.882467
269.640309
275.498162
272.136647
281.181324
215.844836
282.000088
279.892074
287.779985
249.976324
229.899573
273.771206
278.202206
273.659735
268.865471
254.587177
280.485824
284.767882
272.592750
271.671574
212.287958
278.525941
287.515868
271.765632
270.022897
225.778607
277.506750
278.763956
281.156735
267.582868
