523.833515
476.302647
456.007088
486.936926
416.884437
485.146735
483.387485
480.983162
507.568088
434.956997
467.711471
492.205044
456.486838
470.684426
430.285483
492.992676
453.970559
489.107059
490.716324
376.883073
495.085132
486.037588
492.979529
471.073118
399.439074
481.081824
488.750309
435.828000
437.229206
418.058193
462.415529
492.916118
473.664750
489.189368
446.483210
478.319926
474.751426
495.405515
484.281500
422.307402
469.738250
509.470206
505.203074
485.363603
388.780124
454.079941
475.004779
432.953941
495.129029
420.522552
504.727838
496.418029
495.370279
500.801735
429.523494
482.452926
508.021515
474.637515
483.082265
414.817055
464.333618
497.286162
479.127029
488.624985
419.254688
497.661118
462.522471
453.059471
481.197603
437.803675
452.756132
478.675265
468.208191
479.654176
405.431221
468.288971
472.928074
519.231735
497.139853
435.651722
501.846897
480.164500
488.536353
485.009206
439.870576
500.580794
495.077926
480.796000
502.639044
396.319739
453.111235
488.937926
479.572838
492.918529
466.042314
471.826779
471.196676
443.409559
493.849353
416.344875
470.090368
477.721456
498.783941
475.184809
398.323920
472.803382
493.748912
495.928074
505.480176
413.737598
448.623529
498.185941
459.989221
470.444897
443.107393
467.520632
476.343515
476.931765
498.240471
423.434836
495.786029
448.518882
445.870279
489.115221
442.932764
490.169235
474.845912
497.980132
471.750824
454.548839
447.062353
461.792676
454.443191
504.039191
445.191237
508.931529
491.860250
485.266279
484.580324
459.920709
456.306926
528.627059
497.416235
469.145632
457.065313
488.365632
476.660368
465.824618
465.398456
462.011800
501.904647
506.183265
503.129956
492.834265
423.466184
474.920824
463.942000
490.123294
484.004941
423.851523
475.576044
500.202765
488.638882
491.721162
436.844834
467.255809
447.838044
463.588176
467.549544
432.480041
514.662529
474.646426
494.651485
445.409485
462.980733
480.990618
497.889147
482.741809
481.954618
450.565617
440.969838
458.926706
493.309647
466.440338
432.391839
457.536544
481.248044
455.484000
473.684985
449.118135
457.894794
470.490603
466.212838
499.540044
416.224651
463.912809
490.789559
490.190500
532.270118
458.406402
459.786353
485.642059
468.230588
519.539588
408.586433
498.742191
463.578044
464.865824
460.277574
406.456670
479.438382
460.175632
480.118176
469.305971
467.694744
483.353353
516.433074
489.829074
508.422824
411.748878
486.992588
467.548353
463.146221
470.149882
427.765865
453.169882
493.851706
496.746632
446.001897
448.931410
505.726015
470.284647
463.181588
469.698794
433.565662
440.571235
500.197015
480.462926
449.915147
430.669369
459.132029
458.188471
470.307912
479.397574
510.379956
469.607209
468.253132
449.148706
494.552529
485.778353
427.882945
496.851735
474.326147
530.581206
491.957794
424.087167
479.386426
514.767103
481.163853
511.363074
436.842007
463.887294
466.413059
461.726559
454.350397
433.462155
471.176265
478.495000
457.375500
481.712971
447.465627
475.609765
491.119868
494.473088
458.442044
459.177893
435.433691
469.156441
481.191000
464.875735
435.376130
498.262029
506.341632
482.333750
490.062559
448.229543
493.707618
471.393147
490.351691
494.883397
419.175309
473.501353
454.905588
454.691029
501.513441
421.910090
486.263456
471.685574
478.495926
486.756279
427.035253
508.793824
519.712029
492.575941
495.675000
407.213490
460.347044
459.031294
480.384985
476.906647
426.283344
484.737632
463.134250
464.628103
481.496809
447.428949
452.976368
476.894456
460.331353
497.509971
436.131170
506.336824
473.877882
506.033250
450.509412
452.842084
469.168603
473.861412
490.016794
495.949250
450.385761
477.049868
467.871912
462.480074
462.613471
422.661645
470.211074
453.053500
473.163956
476.682294
449.434676
485.930279
479.320279
480.614706
470.082618
432.098722
455.269515
515.082882
450.681338
457.526103
397.836708
448.911559
436.527647
489.793691
475.184603
468.544460
482.144000
462.833221
510.274647
500.292338
457.903079
471.797500
486.546603
494.725029
454.408294
396.720580
486.814750
491.718632
467.463044
457.493338
432.355846
441.263897
496.926015
471.520382
508.957000
425.978642
478.181382
470.900588
493.198750
464.789912
414.732305
482.201574
470.908779
484.884765
501.982794
418.107762
488.680221
479.045618
510.064176
490.464706
427.630322
481.429059
483.091118
502.681882
476.654544
435.500647
477.133853
437.132118
482.464735
504.213309
423.075487
497.517426
485.604412
469.422985
479.158779
453.169459
468.834103
478.925603
474.553706
467.760382
445.982857
474.671235
482.934632
469.126176
499.516147
460.533535
480.626779
487.684647
467.583721
497.458618
426.319610
462.950147
461.539500
484.368059
477.594132
418.152523
453.849309
446.632706
506.164603
478.762559
430.504730
515.993559
462.539250
467.631132
463.390059
448.780849
509.673882
433.933000
467.794838
472.148074
449.108601
511.402691
496.507221
493.714074
468.379971
422.213867
469.190059
445.880735
465.913926
480.718265
441.648809
474.707191
479.211971
470.387103
463.110794
416.334046
467.438147
461.456294
452.008676
455.175662
445.449900
508.639294
455.106691
485.204088
461.862765
447.543299
500.731485
475.098147
511.592971
488.025029
440.492344
453.165882
491.135588
490.944853
464.443647
485.444610
518.204676
498.640118
493.310647
482.644515
433.506597
463.025868
467.054529
513.755559
526.270309
420.422819
479.459956
490.068456
473.062191
483.973691
418.091423
491.294294
490.426603
482.357515
477.744338
456.198042
469.951147
449.939397
504.016176
504.240485
457.551779
444.081485
515.867441
511.160544
478.050147
478.487295
471.567956
450.387853
495.349500
467.403809
446.968223
448.419647
525.703353
485.571765
523.577912
424.504180
500.803044
520.865529
484.119853
491.250956
435.371064
458.789559
468.774647
485.828691
444.017397
440.615036
515.315309
466.407059
455.667956
511.420603
436.821258
471.758574
517.389941
492.537676
486.950500
424.718906
463.690529
483.346015
446.290618
477.414647
417.377422
497.341897
472.040176
519.613368
508.964250
452.758703
502.684941
451.601500
502.893309
477.353544
462.998366
480.099735
480.832118
509.645603
478.205206
463.266926
465.854412
532.874426
451.691691
497.197059
438.577428
429.056824
493.919500
480.874691
465.501250
399.618047
484.205382
444.764897
470.086926
493.596676
439.710034
469.842441
499.596103
502.838044
469.971794
430.221961
482.984412
475.260868
473.241618
480.623235
429.872860
444.691029
481.510912
525.967691
465.559471
429.936361
440.924309
513.608662
490.031868
439.195544
484.582789
505.645382
470.095515
448.380235
454.578721
414.629085
508.545544
459.475706
525.518441
493.943118
419.803968
447.057941
483.214088
487.794735
491.540456
439.578852
491.122029
517.065971
480.060662
467.005029
400.970280
502.089853
458.040059
453.179618
523.260941
454.197164
451.810441
491.791279
519.623059
470.672676
449.303077
464.695147
489.657176
487.165471
446.188471
436.769784
482.179662
493.026676
492.950397
450.589926
423.248124
464.794647
462.996441
446.329750
479.408206
431.639022
495.864015
480.210015
478.901956
489.708544
431.495215
454.327412
481.864559
487.376971
457.294118
449.793981
485.167471
471.295544
460.080882
488.040426
420.489291
475.240147
485.663912
457.091779
509.747191
429.647895
445.899662
483.229676
471.911500
462.361471
428.748897
462.450618
500.614000
485.218809
473.916074
427.515913
514.405956
466.646206
507.692221
479.062559
428.350664
517.681059
485.436588
507.482662
524.247853
418.323371
467.335574
512.337176
487.595324
510.243853
407.315946
521.416926
499.170662
489.980868
471.787103
451.306801
519.959618
465.161147
508.083956
529.752721
380.468655
494.380412
490.971853
479.005294
449.287588
424.551803
487.626206
480.350368
517.201897
477.220118
449.726069
477.744294
470.536162
497.566912
471.313132
435.285262
488.191471
464.403221
458.670015
477.189353
455.990513
482.218647
466.564397
465.539059
476.549956
407.791912
490.552368
476.534735
465.226250
474.826059
441.262737
461.597118
451.305235
497.795735
453.200824
438.076782
465.664162
480.555500
491.679941
501.632882
442.482563
467.874074
501.215338
463.418588
508.361015
427.152638
459.630029
487.375618
493.413956
480.464971
443.194845
461.282912
503.614647
487.755765
448.563676
438.517435
479.846691
451.481765
498.702279
500.646324
457.908833
457.492118
468.373574
483.346294
460.835868
407.085908
485.530412
454.101824
469.744912
453.721279
442.567365
481.001147
466.424941
473.110088
417.083044
437.864264
514.879632
496.219059
466.928441
444.713265
438.344309
467.146088
472.114456
493.984338
472.297059
486.728061
466.194912
472.916397
493.729059
473.427926
425.156444
487.451412
473.399279
475.938074
468.109721
447.186269
468.867206
448.313265
480.709147
496.532897
474.605124
500.719926
524.071691
485.735265
452.345544
414.238875
456.101044
504.748397
469.312221
488.485426
447.044112
512.688191
496.625721
465.028956
479.462676
429.281128
487.403382
462.562603
449.337779
483.693926
434.782276
470.984397
501.383250
528.874044
474.111412
439.798778
489.012324
457.933176
466.382794
484.335985
455.282750
462.132309
485.652118
523.048456
493.729515
432.887633
513.437868
468.670676
490.984088
462.914088
458.697546
472.108838
471.532265
507.598426
465.221441
438.665224
455.473118
469.333412
457.814382
469.506838
433.239711
465.436029
464.023221
446.302926
498.674176
459.778418
442.758941
482.468088
447.076397
468.507647
420.988743
500.328235
492.618706
499.075868
479.359029
416.998597
461.206118
454.023015
470.029529
459.977456
433.224819
482.064941
482.618853
472.510971
515.016368
470.079424
466.596544
471.237044
459.791515
466.416603
414.164690
499.748588
466.951368
489.442250
503.437235
447.882191
474.547838
461.105706
465.811456
510.601588
460.256295
478.118132
469.155824
493.932059
481.913632
443.546679
472.031103
522.255559
478.449559
454.369059
416.693166
458.926456
484.856824
455.678662
471.728294
422.845535
462.496941
486.530588
506.821015
479.689824
412.911610
464.301147
480.524647
471.019029
483.972162
437.644023
476.638618
471.522515
493.505853
457.697603
421.359142
495.323397
473.873000
463.585368
454.709059
423.174629
446.870485
503.018426
490.963868
456.107618
438.667924
454.676265
448.800088
539.321088
491.717809
425.159264
484.223632
464.921132
472.886250
470.268794
416.030780
478.442029
457.871176
489.200603
469.738515
420.702767
505.852544
482.417176
467.137559
504.719809
421.883136
471.102676
505.391485
480.896588
472.418868
429.285608
457.954485
461.232324
463.971544
443.153103
457.805580
512.878412
486.771662
457.142382
485.400779
401.380831
468.725132
448.256662
501.390426
497.459735
453.085641
475.558882
501.873838
490.675103
487.101721
431.838392
451.043397
513.592941
498.027147
473.874956
468.608438
458.008000
487.562500
446.116971
470.666235
414.991616
496.154676
441.693706
506.893500
494.295941
442.454205
456.060515
497.150515
447.188574
479.498618
469.203001
488.217926
481.255632
484.570000
496.407162
424.203443
490.353015
487.006868
490.962206
519.086176
426.359827
471.932882
513.199059
492.141338
461.693471
