1758.638647
1650.259676
1696.582338
1769.840382
1733.991687
1710.405500
1641.633956
1809.356926
1734.992750
1805.906379
1742.804559
1830.793897
1698.783015
1778.153000
1789.053763
1832.190485
1724.554706
1770.187074
1888.902309
1631.922676
1701.139647
1684.466309
1768.339000
1805.178382
1682.431472
1728.198426
1662.060750
1780.490838
1676.100750
1705.911502
1670.604529
1712.451588
1711.524338
1748.591059
1837.471651
1821.563059
1678.068529
1808.207147
1670.727206
1826.350108
1792.018676
1791.827162
1761.601985
1744.126662
1527.934051
1791.213162
1629.450529
1833.657750
1727.546397
1607.863155
1720.021662
1800.429985
1777.629029
1802.495735
1688.202127
1812.299118
1790.546029
1798.579426
1712.877118
1699.373525
1739.405103
1906.752574
1691.685456
1752.856838
1692.043115
1772.120632
1735.196162
1658.847971
1781.273382
1689.986219
1542.919544
1807.105456
1775.442382
1777.179279
1712.952882
1710.315618
1658.438353
1777.705265
1817.952971
1701.749810
1905.127529
1778.618662
1809.587824
1859.823926
1691.734003
1813.647618
1692.004250
1809.074971
1663.061956
1594.407078
1753.105588
1782.654338
1766.249294
1824.961618
1707.217050
1794.200147
1692.174853
1743.161721
1772.505265
1696.067227
1752.472912
1945.312926
1755.019118
1837.417662
1735.909008
1782.762882
1875.785912
1730.170603
1812.295632
1626.717921
1730.091368
1771.693191
1767.990250
1678.504838
1763.537158
1795.212868
1696.933382
1607.151368
1794.900132
1611.705674
1677.210971
1699.533368
1698.126912
1880.905103
1769.262646
1682.000824
1779.538441
1843.940794
1752.380456
1647.206648
1896.393794
1679.737132
1678.682779
1721.525471
1665.860031
1782.487147
1644.436838
1731.619941
1725.743441
1697.609268
1841.239471
1736.817485
1763.522794
1871.867368
1832.729681
1758.360515
1714.521456
1692.380397
1615.084397
1792.708109
1841.855368
1732.824382
1856.556779
1822.339853
1579.103772
1772.526971
1736.777397
1720.382574
1727.050191
1676.670538
1712.140603
1826.345721
1899.507500
1764.626206
1718.196790
1767.960000
1737.279294
1640.862662
1771.316632
1563.233600
1994.842941
1648.591529
1716.175838
1735.264353
1756.278763
1799.956559
1678.798735
1849.618618
1675.838132
1651.051529
1611.236368
1716.555382
1799.058941
1613.315250
1765.071883
1843.892368
1759.921515
1857.723941
1676.714147
1761.555620
1696.611824
1782.724044
1840.987632
1713.748588
1658.823607
1636.522353
1674.582382
1761.560162
1760.100221
1777.927873
1709.282368
1793.444353
1737.145324
1793.937853
1785.819374
1673.457176
1776.859118
1821.483176
1881.812544
1670.554964
1642.999206
1751.625176
1741.549103
1615.916794
1846.857671
1859.588956
1845.595176
1915.512706
1963.190824
1647.634716
1710.338132
1809.611941
1800.459412
1602.874382
1687.675100
1632.987456
1767.134574
1747.277529
1707.290250
1845.460499
1673.416382
1736.077529
1847.637941
1731.534735
1501.282044
1938.381147
1671.925250
1647.536426
1763.371162
1890.052398
1740.041544
1785.798750
1842.449015
1641.312162
1680.223603
1882.796473
1676.236691
1770.048088
1862.423794
1681.293691
1679.992078
1840.609691
1903.671721
1656.813515
1784.282897
1642.447873
1691.992132
1743.085588
1738.706706
1848.654397
1582.552875
1688.774779
1935.778838
1700.421324
1791.314221
1664.077920
1741.345206
1703.855103
1728.809324
1796.366632
1731.267333
1752.739088
1842.360485
1781.259029
1712.746515
1759.057526
1620.305221
1747.055794
1680.217971
1812.934206
1853.550983
1730.782279
1703.022735
1679.286412
1667.493132
1698.956896
1626.691779
1876.206676
1730.121574
1741.423676
1782.250045
1794.060956
1736.414324
1753.536897
1803.049235
1677.791061
1666.147926
1757.711838
1874.933044
1764.252162
1663.769106
1883.065426
1840.852338
1732.234588
1736.186250
1731.946122
1679.286074
1681.500074
1727.392897
1934.910779
1675.930580
1660.927471
1617.919029
1594.448309
1638.588338
1761.854684
1747.932868
1746.530956
1617.582662
1623.652676
1752.388288
1810.629235
1731.318824
1759.392941
1609.055265
1681.637672
1674.962485
1704.640294
1646.326765
1848.422250
1786.203982
1745.989412
1691.979632
1756.513662
1775.441765
1823.715101
1767.220279
1774.179485
1673.928074
1782.669500
1654.295882
1741.207544
1729.198074
1832.122441
1804.183824
1758.167589
1696.433279
1821.650279
1743.262882
1626.149059
1573.155488
1738.888294
1788.742456
1689.250706
1730.537824
1892.816607
1687.158721
1773.777632
1713.066647
1775.247471
1664.366608
1825.019603
1782.708676
1656.448250
1729.681265
1633.589477
1619.709147
1788.992662
1677.665618
1799.458044
1653.785405
1663.831206
1737.125662
1726.978971
1859.086809
1691.789627
1743.754426
1700.299574
1751.778059
1710.326294
1573.813511
1895.932941
1834.573809
1809.391412
1770.654338
1736.108688
1830.360618
1609.709294
1738.689529
1711.485176
1613.210969
1771.493294
1847.451779
1772.575088
1817.187353
1777.556926
1593.659118
1681.805529
1791.515588
1820.812353
1606.084663
1716.810647
1843.194294
1744.058471
1793.919265
1763.223973
1741.391956
1724.592118
1875.751853
1684.071853
1648.743460
1764.591147
1829.875941
1701.885662
1858.001912
1739.978550
1733.315559
1776.239529
1725.665147
1875.886691
1656.231375
1769.802853
1713.734941
1755.618456
1653.609500
1686.550170
1780.628750
1683.436838
1719.754824
1750.148971
1693.706480
1821.234221
1670.476471
1706.208456
1806.178588
1654.954879
1875.781735
1646.398912
1563.643662
1651.812426
1721.359468
1858.776544
1776.921735
1739.809824
1729.797794
1710.813014
1695.668206
1690.809750
1806.249897
1651.857632
1587.299412
1796.700412
1760.445926
1664.354221
1758.558691
1781.998531
1778.695588
1613.608779
1765.028074
1636.124559
1686.960974
1954.525588
1756.042118
1855.644412
1717.087750
1721.145240
1695.568515
1776.081471
1785.713794
1814.630706
1742.267624
1819.918735
1698.403926
1798.858074
1650.621632
1786.233757
1907.123676
1701.795044
1712.239471
1668.431956
1715.927597
1700.709441
1742.740750
1812.942221
1756.159309
1690.273598
1670.128897
1881.820676
1714.649706
1656.058015
1870.307085
1757.426235
1843.393324
1743.743632
1689.461338
1767.958498
1760.646824
1738.099500
1717.670353
1732.105221
1777.796308
1635.953897
1786.113324
1836.360309
1817.905632
1751.428266
1726.552529
1766.480676
1779.397691
1757.365221
1623.855414
1737.086868
1731.120559
1738.917765
1782.678721
1611.474621
1846.789397
1758.334044
1768.260897
1940.265706
1654.977799
1719.178368
1718.340765
1798.984559
1737.090603
1598.465256
1818.810279
1803.252382
1707.355118
1858.368118
1625.418802
1771.784485
1947.960985
1748.375853
1962.896897
1763.674656
1669.680838
1820.379103
1819.414632
1840.817912
1634.491908
1777.203059
1611.895794
1784.199618
1705.032412
1615.951174
1866.966221
1843.841176
1659.843691
1695.068574
1631.085013
1828.847779
1875.874206
1702.085853
1713.165309
1733.671338
1662.819044
1758.287574
1879.192897
1811.225235
1741.952590
1699.128676
1564.230324
1972.879412
1686.655500
1605.740841
1757.553235
1660.962191
1744.977265
1696.561559
1539.186695
1615.534368
1844.136029
1862.833441
1612.398044
1701.057844
1665.444074
1686.075132
1733.214368
1778.100103
1720.622213
1797.500441
1703.651779
1758.466706
1706.498059
1734.650935
1724.331279
1776.023985
1654.063868
1553.349765
1851.831921
1697.066853
1700.801000
1572.301515
1624.341941
1767.563217
1749.052603
1716.375544
1751.106956
1703.272397
1680.827130
1614.025868
1653.734632
1709.742779
1813.847985
1680.323220
1781.933750
1741.003426
1835.277544
1869.889044
1699.474927
1991.979926
1736.580588
1621.498574
1832.695912
1699.866722
1630.339426
1892.684088
1670.229603
1813.893750
1645.835930
1634.346000
1833.340824
1746.519809
1735.673265
1681.196063
1804.446235
1677.719250
1644.803691
1720.801029
1667.823535
1763.636103
1743.725412
1743.456000
1609.276971
1755.952331
1750.092853
1767.842191
1702.931235
1829.704412
1657.923641
1829.258471
1675.206691
1714.994676
1766.955750
1772.801819
1670.772176
1576.392971
1557.389794
1847.783191
1628.601409
1729.107412
1848.087485
1777.605824
1793.055721
1718.398469
1751.115676
1839.115279
1827.420838
1746.604176
1717.907044
1716.161824
2006.483441
1841.363118
1673.288412
1668.451207
1777.121853
1882.674353
1805.333000
1833.430456
1764.138443
1774.685191
1673.003750
1808.463853
1800.765103
1641.429827
1866.763074
1793.504132
1884.609721
1767.495691
1659.849358
1835.938809
1792.629632
1798.975529
1683.493221
1755.116712
1740.513029
1785.227441
1725.827044
1849.736162
1653.102302
1795.217559
1860.749382
1731.478912
1685.006000
1681.953642
1770.895338
1930.077397
1804.269574
1916.079426
1860.511393
1640.732426
1687.107015
1929.913485
1744.140632
1757.846953
1714.351824
1848.232015
1744.212706
1903.827559
1789.184072
1846.022750
1781.849765
1728.812294
1689.998132
1638.983515
1774.873809
1791.503382
1803.553926
1681.990897
1772.756825
1723.644750
1793.234456
1696.677265
1683.733515
1780.458165
1861.917853
1825.953676
1816.198426
1824.436162
1724.778181
1802.582485
1864.484618
1736.870176
1839.242985
1756.152211
1777.725882
1722.171574
1747.468529
1683.249559
1723.931419
1691.730485
1805.785559
1741.238029
1676.961147
1648.469082
1780.932279
1742.309441
1721.108912
1998.225853
1756.747995
1752.917250
1761.990588
1737.608632
1663.202971
1534.931452
1868.345191
1809.672412
1751.402809
1834.447662
1651.933777
1821.209956
1669.526412
1665.849485
1647.745368
1699.273926
1816.357632
1675.519456
1654.348176
1770.749853
1754.107721
1714.285912
1760.383324
1778.969471
1793.155956
1617.503914
1799.112618
1689.760471
1588.374338
1867.947676
1744.140547
1724.784191
1748.202441
1806.747676
1719.612868
1712.059358
1816.525162
1665.644382
1834.312794
1907.073897
1859.799506
1744.343632
1800.414500
1741.628059
1696.471721
1683.193096
1736.131441
1623.284794
1708.221441
1687.824544
1742.852759
1683.138588
1688.515250
1802.062941
1786.439279
1673.324290
1680.481574
1639.382603
1743.064382
1771.788735
1790.846526
1789.848868
1717.941676
1860.060529
1698.433132
1785.567895
1680.023691
1748.638706
1851.023779
1768.575544
1685.226500
1729.829294
1623.587912
1859.162000
1750.262132
1881.589486
1896.054176
1644.882956
1687.327441
1655.064735
1709.903443
1813.774676
1892.077838
1695.417485
1824.900029
1736.577680
1748.400382
1746.640588
1749.800368
1843.801265
1709.054373
1761.328015
1808.944147
1727.664044
1754.770809
1840.795889
1810.123529
1813.489265
1787.618632
1904.573176
1648.408302
1826.725515
1753.527353
1588.993971
1827.759279
1672.452333
1769.278662
1857.750853
1775.047632
1756.974603
1829.586114
1764.138118
1719.482515
1609.015059
1767.446559
1736.268394
1730.394059
1772.025353
1581.778544
1743.271206
1733.661469
1726.425029
1794.981206
1721.404809
1856.692765
1693.336162
1786.473750
1863.486206
1654.929309
1612.958897
1658.934634
1870.763956
1781.991441
1735.190912
1647.031779
1825.303723
1740.742000
1807.228500
1860.278809
1759.308971
1688.633607
1796.718250
1724.614044
1781.112838
1777.973721
1686.116079
1688.132382
1772.856235
1683.459191
1790.469691
1624.354786
1737.562500
1688.829794
1736.641706
1718.242221
1805.724111
1708.453618
1762.793397
1832.209868
1799.639676
1605.204554
1684.763853
1833.366956
1669.916897
1670.328088
1662.614305
1552.669971
1804.676471
1839.575015
1731.082353
1797.810101
1730.018676
1585.009515
1723.136706
1748.777956
1786.314278
1685.872515
1687.047515
1575.226897
1815.691044
1761.339809
1762.714941
1614.868235
1832.232074
1833.134221
1616.113428
1848.155426
1669.738926
1614.731676
1730.803662
1655.874680
1756.737162
1769.149706
1758.409779
1726.477765
1728.291210
1789.392971
1762.628426
1658.264221
1799.189853
1706.241124
1755.550015
1727.354647
1679.820765
1737.719971
1604.106272
1751.965544
1687.152235
1737.023941
1903.939191
1772.808979
1841.262191
1802.730647
1761.750485
1712.046074
1766.421275
1894.864529
1809.966000
1687.805265
1711.668515
1777.380747
1685.501471
1762.586309
1690.075941
1665.256265
1637.144881
1790.944059
1745.698544
1855.014971
1578.254338
1597.314544
1683.621294
1913.013206
1729.852412
1750.084838
1761.809339
1785.122706
1662.784559
1733.619132
1713.781412
1707.957943
1854.015868
1801.370676
1856.539897
1904.974471
1743.080783
1644.478382
1902.291471
1868.218147
1741.219838
