0 0.996825
1 0.984127
2 0.993651
3 0.996835
4 1.000000
5 1.000000
6 0.990486
7 0.996825
8 1.000000
9 0.993670
10 0.996825
11 0.993651
12 0.996825
13 0.993651
14 0.993651
15 1.000000
16 0.993660
17 1.000000
18 0.996825
19 0.996825
20 0.993651
21 0.993670
22 0.990476
23 0.996835
24 0.996825
25 0.996835
26 1.000000
27 0.996835
28 0.996825
29 1.000000
30 1.000000
31 1.000000
32 1.000000
33 0.996835
34 1.000000
35 0.996835
36 0.996835
37 0.996825
38 0.987302
39 0.996825
40 1.000000
41 0.996825
42 1.000000
43 0.993660
44 0.993670
45 0.990486
46 0.990505
47 1.000000
48 0.987330
49 1.000000
50 0.996825
51 0.993651
52 0.996825
53 0.996825
54 1.000000
55 0.987330
56 1.000000
57 1.000000
58 1.000000
59 0.993651
60 0.993660
61 0.996835
62 0.996835
63 0.996835
64 0.996835
65 0.993651
66 0.993651
67 0.996825
68 0.990495
69 0.987311
70 1.000000
71 0.993651
72 0.996825
73 0.987302
74 1.000000
75 0.996835
76 1.000000
77 0.993660
78 0.996835
79 0.996835
80 0.996835
81 0.993660
82 1.000000
83 0.990505
84 0.990495
85 0.996835
86 0.996825
87 1.000000
88 0.993651
89 1.000000
90 0.996825
91 0.987311
92 0.996825
93 0.987321
94 1.000000
95 1.000000
96 1.000000
97 0.996825
98 0.996835
99 1.000000
100 0.996825
101 0.987302
102 1.000000
103 0.996825
104 1.000000
105 1.000000
106 0.993651
107 1.000000
108 0.993660
109 0.993670
110 1.000000
111 0.993670
112 0.993660
113 0.993651
114 0.996835
115 0.993670
116 0.993651
117 0.996825
118 1.000000
119 1.000000
120 0.990495
121 1.000000
122 0.990495
123 1.000000
124 1.000000
125 0.996835
126 0.993651
127 0.996825
128 0.993660
129 0.993660
130 1.000000
131 0.980991
132 0.987311
133 0.993651
134 0.996825
135 0.996835
136 0.996825
137 1.000000
138 0.996825
139 1.000000
140 1.000000
141 1.000000
142 0.990495
143 0.996825
144 0.996825
145 0.984165
146 0.996835
147 0.987302
148 0.993660
149 0.996825
150 0.993660
151 0.993651
152 0.996825
153 0.996825
154 1.000000
155 0.996825
156 0.996825
157 0.996835
158 0.996825
159 0.996835
160 0.993670
161 0.996825
162 1.000000
163 0.996825
164 0.996825
165 0.996825
166 1.000000
167 0.996835
168 0.990486
169 1.000000
170 0.990476
171 1.000000
172 0.996825
173 1.000000
174 1.000000
175 1.000000
176 0.990505
177 0.996835
178 0.993651
179 1.000000
180 0.990486
181 0.990476
182 0.993651
183 1.000000
184 0.993651
185 1.000000
186 0.996825
187 1.000000
188 0.993651
189 0.996825
190 1.000000
191 0.996835
192 0.993651
193 0.996835
194 0.996835
195 1.000000
196 0.996835
197 0.996825
198 0.996825
199 0.996825
200 0.990495
201 0.993660
202 0.993660
203 1.000000
204 1.000000
205 0.993660
206 1.000000
207 0.996835
208 0.993651
209 1.000000
210 0.993660
211 0.996835
212 0.996835
213 0.996825
214 0.987311
215 0.990476
216 0.987330
217 0.996825
218 0.996835
219 1.000000
220 0.984146
221 0.993670
222 1.000000
223 1.000000
224 0.984127
225 0.996825
226 1.000000
227 0.993670
228 0.993660
229 0.996835
230 0.993651
231 0.993670
232 0.996825
233 0.996835
234 1.000000
235 1.000000
236 1.000000
237 1.000000
238 1.000000
239 0.987321
240 0.996835
241 1.000000
242 0.996825
243 0.993651
244 1.000000
245 0.996835
246 1.000000
247 1.000000
248 0.990495
249 0.990495
250 0.990486
251 0.996835
252 1.000000
253 0.996835
254 0.996825
255 0.996825
256 1.000000
257 1.000000
258 1.000000
259 0.993660
260 0.996835
261 0.996825
262 0.990495
263 0.996825
264 1.000000
265 0.996825
266 1.000000
267 1.000000
268 0.993660
269 0.996835
270 0.996825
271 0.993651
272 1.000000
273 0.996835
274 0.990495
275 0.996825
276 1.000000
277 0.996835
278 0.993670
279 1.000000
280 1.000000
281 0.993651
282 0.987311
283 0.993660
284 1.000000
285 0.996825
286 0.996835
287 1.000000
288 0.996835
289 0.993651
290 1.000000
291 1.000000
292 0.996825
293 1.000000
294 0.996835
295 0.993670
296 1.000000
297 0.996825
298 0.996825
299 0.993651
300 1.000000
301 0.996825
302 0.996835
303 0.993651
304 0.984146
305 1.000000
306 1.000000
307 1.000000
308 1.000000
309 0.993670
310 0.993670
311 0.996825
312 0.993660
313 0.993660
314 0.996835
315 0.990486
316 1.000000
317 0.996825
318 0.996835
319 0.996825
320 1.000000
321 1.000000
322 0.996825
323 0.987302
324 1.000000
325 0.990476
326 1.000000
327 0.996835
328 0.996825
329 0.993660
330 0.987311
331 0.987321
332 0.996825
333 0.993670
334 0.987321
335 0.993670
336 0.993670
337 0.993660
338 0.993670
339 1.000000
340 1.000000
341 1.000000
342 1.000000
343 0.996835
344 0.996835
345 1.000000
346 0.990505
347 1.000000
348 0.996825
349 1.000000
350 1.000000
351 1.000000
352 0.980991
353 1.000000
354 0.996835
355 0.996825
356 0.996835
357 1.000000
358 0.996825
359 0.996835
360 1.000000
361 1.000000
362 0.993660
363 1.000000
364 0.990486
365 1.000000
366 1.000000
367 0.993660
368 0.990486
369 0.996825
370 0.996825
371 1.000000
372 1.000000
373 0.990505
374 1.000000
375 0.993660
376 0.990476
377 0.993660
378 0.993660
379 1.000000
380 0.996825
381 0.996825
382 0.996825
383 1.000000
384 0.996825
385 0.996825
386 0.996825
387 0.996835
388 0.987321
389 0.996835
390 1.000000
391 1.000000
392 0.996825
393 0.990495
394 0.996825
395 1.000000
396 0.996835
397 0.993651
398 0.996835
399 1.000000
400 0.990495
401 0.993670
402 0.996835
403 0.993660
404 0.996835
405 0.987330
406 1.000000
407 0.996825
408 0.996825
409 0.996835
410 1.000000
411 1.000000
412 0.996825
413 0.993651
414 0.996835
415 0.990486
416 0.996835
417 0.996835
418 0.996835
419 0.996825
420 1.000000
421 0.993660
422 0.996835
423 0.996825
424 0.990495
425 1.000000
426 1.000000
427 1.000000
428 1.000000
429 1.000000
430 0.996835
431 1.000000
432 0.993670
433 1.000000
434 0.990486
435 0.993651
436 0.993651
437 0.996825
438 0.993651
439 1.000000
440 0.993660
441 1.000000
442 0.996835
443 0.996825
444 0.996835
445 0.996825
446 1.000000
447 0.993651
448 0.993660
449 0.996835
450 0.996825
451 1.000000
452 1.000000
453 1.000000
454 1.000000
455 0.996835
456 0.996835
457 0.996825
458 1.000000
459 0.990495
460 0.990495
461 1.000000
462 0.996825
463 0.993651
464 0.996835
465 0.996835
466 1.000000
467 1.000000
468 0.996825
469 1.000000
470 0.993670
471 1.000000
472 0.996825
473 0.990495
474 0.996835
475 1.000000
476 0.996825
477 1.000000
478 0.993670
479 0.987311
480 1.000000
481 0.996825
482 0.996825
483 1.000000
484 1.000000
485 0.980981
486 0.996835
487 0.996825
488 0.996825
489 0.996825
490 1.000000
491 0.996835
492 0.993660
493 0.993660
494 0.996825
495 1.000000
496 1.000000
497 0.996835
498 0.996835
499 0.996825
500 1.000000
501 1.000000
502 0.993651
503 1.000000
504 1.000000
505 0.996835
506 0.996835
507 0.996825
508 0.993660
509 1.000000
510 0.984137
511 1.000000
512 0.987321
513 0.990505
514 0.996835
515 0.996825
516 0.993651
517 0.996825
518 0.996835
519 1.000000
520 0.996835
521 0.996825
522 0.996835
523 0.996835
524 1.000000
525 0.990476
526 0.996825
527 0.990495
528 0.993660
529 1.000000
530 1.000000
531 0.993670
532 0.996825
533 0.987321
534 1.000000
535 1.000000
536 0.996835
537 1.000000
538 1.000000
539 0.996825
540 0.993660
541 0.996825
542 0.996825
543 1.000000
544 1.000000
545 0.993660
546 0.977825
547 0.993660
548 0.990486
549 0.987302
550 0.996825
551 0.996835
552 1.000000
553 1.000000
554 0.990476
555 1.000000
556 0.996825
557 1.000000
558 0.990486
559 1.000000
560 0.996835
561 0.996825
562 0.996835
563 0.996825
564 0.996835
565 1.000000
566 0.996825
567 0.993660
568 0.990486
569 1.000000
570 0.996825
571 1.000000
572 0.990486
573 0.990486
574 0.993660
575 0.996835
576 0.990486
577 1.000000
578 0.996825
579 0.980962
580 1.000000
581 0.993651
582 0.993670
583 0.993660
584 0.996835
585 0.996835
586 0.996825
587 0.993660
588 0.996835
589 0.996825
590 0.996825
591 0.996825
592 1.000000
593 0.984146
594 0.993651
595 0.996825
596 0.996825
597 0.993670
598 0.996835
599 0.996825
600 0.990495
601 1.000000
602 0.996835
603 0.990476
604 0.993660
605 0.996825
606 0.993651
607 0.993651
608 1.000000
609 1.000000
610 1.000000
611 0.996835
612 1.000000
613 0.996825
614 0.996835
615 1.000000
616 1.000000
617 0.996825
618 0.996835
619 0.996825
620 0.996825
621 0.990476
622 0.990486
623 1.000000
624 0.990486
625 0.996825
626 0.993660
627 1.000000
628 0.993660
629 1.000000
630 0.996825
631 0.996835
632 0.996825
633 0.990495
634 1.000000
635 1.000000
636 1.000000
637 0.993651
638 0.990476
639 0.996825
640 0.987311
641 0.996825
642 0.977806
643 1.000000
644 0.993660
645 0.993670
646 1.000000
647 0.996835
648 0.993651
649 0.990486
650 1.000000
651 0.993670
652 0.993670
653 0.993670
654 1.000000
655 0.996835
656 0.996825
657 1.000000
658 1.000000
659 0.996835
660 1.000000
661 0.993660
662 1.000000
663 0.996835
664 0.996835
665 0.996825
666 0.996825
667 0.996835
668 1.000000
669 0.996825
670 1.000000
671 0.996825
672 0.996825
673 1.000000
674 1.000000
675 0.996835
676 0.993660
677 1.000000
678 1.000000
679 0.996825
680 0.993651
681 0.993660
682 0.993651
683 0.987330
684 1.000000
685 0.996825
686 1.000000
687 0.996835
688 0.987330
689 0.996835
690 1.000000
691 1.000000
692 0.996835
693 1.000000
694 0.996825
695 0.993651
696 0.996835
697 0.993660
698 1.000000
699 1.000000
700 0.990486
701 1.000000
702 0.996835
703 0.996835
704 1.000000
705 0.996835
706 0.996835
707 0.993660
708 1.000000
709 0.993651
710 1.000000
711 0.996835
712 0.993660
713 0.996835
714 0.996835
715 0.996825
716 0.996835
717 0.987321
718 0.996835
719 0.990495
720 0.996825
721 0.996835
722 1.000000
723 0.996835
724 0.996825
725 0.990476
726 0.990486
727 0.990486
728 1.000000
729 0.996825
730 0.996835
731 0.993660
732 0.993660
733 0.993660
734 0.990486
735 0.996835
736 0.996835
737 1.000000
738 0.996825
739 0.996835
740 1.000000
741 1.000000
742 0.993651
743 0.996835
744 0.987311
745 0.990486
746 0.993660
747 0.990495
748 0.993651
749 1.000000
750 1.000000
751 1.000000
752 0.993651
753 0.993660
754 1.000000
755 1.000000
756 0.993660
757 0.990495
758 0.996835
759 1.000000
760 0.996835
761 1.000000
762 0.996825
763 1.000000
764 0.996835
765 0.990476
766 1.000000
767 0.996835
768 1.000000
769 0.996835
770 0.984146
771 0.990486
772 0.996825
773 0.996825
774 0.993660
775 0.996835
776 0.993651
777 0.996835
778 0.996825
779 0.996835
780 0.993660
781 1.000000
782 1.000000
783 0.996825
784 1.000000
785 0.993670
786 1.000000
787 0.996835
788 0.993670
789 1.000000
790 1.000000
791 0.996825
792 0.996825
793 0.996825
794 0.993660
795 0.993670
796 1.000000
797 0.993651
798 0.990476
799 1.000000
800 0.996825
801 1.000000
802 1.000000
803 0.993651
804 0.993660
805 0.990495
806 0.987311
807 1.000000
808 1.000000
809 0.993670
810 0.993660
811 0.996835
812 0.996835
813 0.996835
814 0.993651
815 0.996825
816 1.000000
817 0.996825
818 0.996835
819 1.000000
820 0.993651
821 1.000000
822 0.993660
823 1.000000
824 0.993660
825 1.000000
826 0.987321
827 0.990495
828 0.996825
829 1.000000
830 1.000000
831 0.990476
832 0.996825
833 0.993660
834 0.996825
835 0.996825
836 0.996825
837 1.000000
838 0.987311
839 0.996825
840 0.996825
841 0.993660
842 0.993660
843 0.990486
844 0.993660
845 0.993660
846 0.996825
847 0.993660
848 1.000000
849 0.993660
850 1.000000
851 1.000000
852 0.996825
853 1.000000
854 0.990486
855 1.000000
856 0.990486
857 1.000000
858 0.993651
859 1.000000
860 0.996835
861 1.000000
862 0.993660
863 0.987311
864 0.996835
865 0.990495
866 1.000000
867 0.990495
868 0.996825
869 0.993660
870 0.996825
871 0.996825
872 0.996835
873 1.000000
874 0.996835
875 0.996835
876 0.993670
877 0.996835
878 1.000000
879 0.996835
880 0.996835
881 0.996825
882 0.996825
883 0.996835
884 0.990486
885 0.993651
886 0.996825
887 0.993660
888 0.996835
889 0.996835
890 0.990486
891 0.993660
892 0.996825
893 0.996835
894 0.993660
895 0.996825
896 0.993660
897 0.987321
898 0.996825
899 0.987311
900 0.993660
901 0.996835
902 1.000000
903 0.993660
904 1.000000
905 1.000000
906 1.000000
907 1.000000
908 0.996825
909 1.000000
910 0.996825
911 0.996835
912 0.993660
913 0.996825
914 0.990495
915 1.000000
916 0.996825
917 1.000000
918 0.990476
919 0.990486
920 1.000000
921 0.996835
922 0.996825
923 1.000000
924 0.993660
925 0.996825
926 0.996825
927 0.996825
928 1.000000
929 1.000000
930 0.993670
931 1.000000
932 0.993660
933 0.996835
934 0.996835
935 0.993660
936 0.996825
937 1.000000
938 0.987311
939 0.993651
940 0.993670
941 1.000000
942 0.996835
943 0.996825
944 0.996835
945 1.000000
946 0.996825
947 0.996835
948 0.996835
949 0.996825
950 0.996825
951 0.993660
952 0.996835
953 1.000000
954 0.996825
955 0.990495
956 0.996825
957 0.993651
958 0.993660
959 0.990495
960 0.993670
961 1.000000
962 1.000000
963 0.996825
964 0.990486
965 0.996825
966 0.984156
967 0.990486
968 0.993660
969 0.993660
970 0.993670
971 1.000000
972 1.000000
973 0.993670
974 1.000000
975 1.000000
976 0.996825
977 1.000000
978 1.000000
979 1.000000
980 1.000000
981 0.996835
982 0.990486
983 1.000000
984 1.000000
985 0.993660
986 0.996835
987 0.993670
988 0.996825
989 0.993651
990 1.000000
991 0.996825
992 0.996835
993 0.993660
994 1.000000
995 1.000000
996 0.996825
997 1.000000
998 1.000000
999 0.996825
