4434.028603
4408.035176
4475.881441
4389.635985
4091.082437
4436.913279
4524.650265
4632.702309
4568.203147
4735.831953
4451.807368
4559.450985
4182.906074
4523.496662
4606.103836
4257.204691
4618.558162
4689.144044
4639.585471
4469.164852
4488.954544
4701.347456
4098.531662
4507.165529
3956.048854
4457.686647
4302.639662
4190.708088
4491.488529
4252.941988
4246.032074
4864.374309
4282.801721
4334.430676
4652.348342
4351.752779
4226.632618
4675.415794
4630.305941
4401.221564
4697.095897
4490.775368
4569.337426
4148.995088
4382.762139
4746.944074
4256.515441
4461.542265
4685.623559
4472.520140
4046.272353
4211.655132
4471.249103
4604.918265
4400.549421
4483.248559
4575.085279
4398.078824
5166.965632
4810.693731
4385.289559
5077.213279
4353.758074
4788.805853
4415.220806
4575.886353
4335.913912
4296.753250
4711.709676
4466.674690
4679.188544
4604.759559
4992.965956
4309.740324
4098.376662
4449.456853
4729.992250
4433.645324
4443.702809
4542.066957
4599.486926
4371.383926
4743.989338
4553.570485
4311.905150
4631.190618
4426.805809
4339.547838
4330.508824
4218.847239
4251.873838
4531.426471
4463.145809
4241.152250
4787.435476
4551.139250
4605.005721
4290.875221
4655.275029
4184.643345
4297.894485
4180.308382
4288.999324
4361.790176
4548.698420
4528.246221
4364.348412
4514.171132
4419.696000
4599.531451
4433.808985
4663.554559
4613.049574
4902.714515
3986.455952
4696.012441
4250.196147
4515.903544
4769.896309
4431.933998
4505.151103
4317.162882
4219.315588
4490.865485
4359.868573
4760.332382
4299.693456
4596.981882
4572.469926
4315.258486
4416.019471
4515.744809
4228.193176
4770.233706
4567.158958
4473.530441
4556.528868
4832.323603
4262.699500
4601.720047
4144.915588
4425.287529
4282.680985
4628.220691
4008.266431
4435.609338
4223.704956
4354.643441
4290.119221
4048.064771
4417.117059
4740.727559
4057.671721
4280.926574
4226.185919
4356.109926
4301.575926
4333.362868
4717.512074
4476.793126
4541.023765
4421.098353
4253.887559
4379.372515
4655.069187
4624.366515
4360.594176
4199.035926
4338.579603
4550.659776
4548.152809
4188.045662
4528.587809
4437.287015
4800.640322
4232.540324
4218.975191
3987.942500
4783.777676
4810.096588
4169.505221
4289.857544
4465.880603
4260.360926
4315.002192
4068.220191
4146.123529
5006.466088
4658.696985
4528.303899
4381.573897
4723.844515
4544.993603
4623.861456
4461.482048
4454.291412
4430.857471
4175.257926
4670.082779
4587.605961
4962.022118
4230.236324
4296.735221
4421.393971
4501.929183
4286.928132
4242.582750
4170.614618
4592.977779
4343.525640
4195.016206
4697.344147
4809.109897
4323.512956
4360.218524
4452.426485
4478.825603
4101.639632
4391.758059
4246.916687
4607.662382
4798.793735
4221.714868
4752.985162
4365.639835
4066.529588
4111.483721
4693.893324
4252.926985
4822.819984
4416.751235
4445.856676
3981.360015
4506.241794
4889.086632
4702.557353
4181.739868
4088.864500
4212.339956
4468.137545
4229.519647
4241.165500
4599.622456
4295.072044
4443.208882
4580.526223
4233.680735
4537.786912
4226.630971
4227.867015
4217.686328
4670.033897
4123.318941
4236.122191
4206.092500
4390.783153
4577.117441
4308.555471
4663.016485
4392.705838
4719.263625
4097.984015
4880.085794
4400.890176
4557.896456
4636.776376
4135.981794
4245.353338
4385.748941
4760.970971
4610.690289
4860.426338
3908.364015
4498.068706
4458.616632
5001.178790
4233.723250
4547.908691
4228.835985
4683.304647
4193.757571
4751.607735
4528.515912
4726.563132
4272.760706
4368.065911
4362.292574
4617.431015
4589.211588
3993.777926
4097.450515
4121.252544
4209.597706
4644.839750
4738.437176
4330.431208
4429.324088
4313.787765
4290.096103
4702.243632
4635.155283
4503.750059
4650.901735
4267.671897
4104.809088
4552.146755
4477.560691
4023.769279
4379.352882
4216.651265
4362.797300
4489.738838
4436.483559
4371.047500
4560.402838
4580.243257
4612.717824
4470.304382
4733.661279
4661.364750
4422.955626
4311.771559
4197.235721
4524.123544
4271.288147
4169.119569
4651.147647
4373.804132
4108.783559
4246.919221
4227.274026
4459.544118
4263.381382
4104.986176
4406.402397
4376.614322
4191.372603
4446.387162
4250.138397
4421.980500
4047.663264
4356.777544
4448.024147
4149.483250
4729.829574
4689.646222
4227.510368
4598.987559
4354.936706
4599.792353
4263.875399
4426.632088
4414.443882
4575.363382
4316.335515
4659.472710
4488.040147
4689.634882
4416.938544
4719.077088
4304.219137
4814.432338
4137.923882
4404.716265
4443.525206
4388.197153
4483.561059
4370.939897
4135.992000
4427.794618
4384.659611
4529.185000
4655.947412
4556.270971
4188.125412
4665.151156
4263.441765
4597.974897
4352.086647
4800.779691
4022.109731
4457.331603
4557.062603
4904.360221
4531.498059
4497.668630
3958.998691
4139.238706
4376.292735
4658.211838
4362.143910
4416.922338
4366.004882
4442.311809
4506.302647
4302.888868
4202.924324
4580.396882
4270.267382
4614.685544
4275.617090
4260.615632
4428.646324
4253.030000
4540.713088
4488.343694
4643.262397
4449.329926
4198.688059
4603.480382
4709.651181
4022.062324
4055.553221
4617.587279
4347.872059
4255.146270
4150.368912
4768.614691
4490.935397
4501.703500
4542.184830
4447.934279
4060.140868
4512.838441
4124.029647
4520.022508
4757.161529
4574.477603
4442.116662
4276.670853
4438.957701
4577.437324
4424.117221
4872.902676
4305.093029
4239.622835
4344.082382
4589.087250
4388.874338
4471.708074
4059.935057
4669.222838
4329.921662
4267.096265
4428.831206
4298.553896
4631.222926
4469.431926
4451.935809
4438.738397
4052.697692
4615.097235
4581.052074
4496.592250
4180.231309
4215.249517
4204.491544
4520.727456
4477.134265
4490.492809
4678.209062
4431.080882
4879.549176
4419.993441
3992.660147
4117.901166
4868.713015
4853.460662
4278.534118
4397.331118
4929.255182
4341.542044
4399.699029
4321.319632
4532.177397
4339.363301
4457.312456
4439.802529
5013.986985
4296.686382
4129.891376
4329.296676
4685.184015
4448.764824
4777.854794
4511.799907
4526.178559
4560.588235
4727.530926
4423.561485
4463.114011
4597.200103
4286.972265
4593.421926
4373.851250
4052.055160
4590.443118
4290.473853
4566.823574
4307.369941
4296.456485
4331.388956
4721.013088
4818.329132
4669.313456
4659.422972
4521.552147
4753.561985
4374.478412
4839.700824
4477.774002
4521.220956
4646.821912
4554.642147
4542.481279
4357.377327
4764.310735
4351.218324
4356.446926
4188.197574
4691.744917
3959.285132
4099.764971
4643.528618
4334.116985
4613.096124
4342.758309
4440.529868
4454.506029
4110.531809
4291.787596
4232.606662
4532.703000
4173.127118
4469.644471
4115.909494
4441.155971
4330.807074
4187.676088
4515.093250
4747.300275
4655.536471
4553.098103
4290.451838
4689.196971
4369.201497
4171.558338
4157.991000
4366.066765
4939.423868
4614.232513
4391.599779
4159.128956
4109.406235
4471.732118
4528.765412
4727.046868
4511.207500
4644.144750
4549.577500
4435.692928
4428.505029
4389.521132
4603.370103
4306.565971
4314.321444
4371.992735
4123.136868
4769.052147
4541.093529
4398.556372
4225.782897
4654.447750
4616.304618
4230.742235
4567.874961
4330.389103
4488.917750
4395.760147
4423.947265
4388.775948
4860.800853
4665.835838
4826.576338
4753.371088
4096.851435
4277.672794
4282.670956
4412.291456
4082.280838
4314.882098
4591.368706
4463.142132
3980.090412
4340.536559
4176.476188
4692.249971
4469.411515
4696.748294
4268.609765
4281.700351
4176.248382
4416.969779
4290.133941
4406.246809
4576.748028
4190.061809
4590.043132
4367.227176
4449.817691
4126.600339
4677.188691
4517.064794
4145.724618
4354.067779
4172.178943
4618.641882
4404.312000
4524.883809
4462.645985
4367.919900
4793.699926
4235.072015
4453.534279
4160.041897
4550.556534
4523.298588
4325.158176
4490.430956
4297.582588
4375.370756
4479.038338
4366.832618
5079.507765
4324.017676
4474.111213
4402.318824
4562.832353
4224.805750
4297.847000
4296.632097
4444.091250
4435.826353
4400.437426
4584.660574
3973.406642
4381.352191
4397.408324
4203.012985
4475.790662
4195.969247
4666.543044
4288.176897
4381.707868
4460.488206
4420.754660
4549.663471
4205.730941
4461.579956
4699.545765
4523.115250
4559.791471
4770.618603
4650.633294
4661.066515
4738.528045
3967.799088
3967.032853
4436.864235
4571.516132
4319.441576
4534.772618
4338.971779
4759.544706
4527.192132
4398.094562
4252.830074
4531.671853
4525.554588
4550.959618
4202.744740
4486.026221
4370.740103
4350.527956
3997.566588
4803.561786
4539.145765
4576.827162
4336.451412
4417.641706
4546.587155
4550.199603
4544.980662
4018.518603
4794.277000
4242.330244
4625.303324
4427.994765
4259.208044
4946.146088
4548.786334
4328.183235
4151.161426
4432.096059
4469.734603
4580.843512
4474.737529
4164.151897
4461.289750
4159.051691
4057.412925
4523.463912
4429.810706
4350.502162
4136.665441
4325.475221
4487.614176
4291.666632
4765.130250
4102.835412
4238.889354
4080.793676
4689.176853
4831.473912
4709.916250
4225.615253
4851.373882
4252.273382
4545.622721
4531.881059
4150.444710
4438.143765
4341.518544
4369.281015
4672.729000
4242.216344
4518.087529
4250.313162
4462.576912
4341.729912
4490.375625
4331.717309
4544.320647
4162.753882
4462.646721
4356.771817
4610.685103
4308.531029
4213.478735
4239.173926
4609.330024
4186.637647
4385.158897
4267.428015
4558.341397
4439.262599
4493.933162
4466.608588
4734.958412
4713.576662
4632.501659
4310.513338
4050.684309
4651.426132
4679.288074
4251.801411
4614.351500
4083.473971
4190.952441
4490.038397
4151.371398
4441.394176
4592.837044
4356.540162
3969.357662
4169.222061
4154.125853
4330.253221
4115.694618
4380.381824
4604.765400
4346.774515
4643.698426
4264.648279
4424.974706
4257.192725
4173.633015
4771.976265
4319.497662
4699.902426
4271.872418
4496.981574
4288.477897
4401.364529
4385.270162
4049.349125
4400.476221
4169.898882
4625.067706
4758.017721
4162.951215
4505.216265
4728.640397
4401.099926
4299.213544
4587.230187
4634.443235
4319.875588
4620.590794
4650.781706
4283.674673
4705.490691
4207.808691
4559.066456
4569.783985
4306.418116
4385.354191
4371.083500
4638.536294
4266.280426
4390.106279
4405.961500
4306.917941
4535.954382
4027.846574
4643.493192
4560.926529
4377.922809
4366.990897
4208.971412
4465.184723
4200.624397
4697.383956
4454.252912
4425.473176
4506.962151
4503.178691
4279.091868
4643.198926
4596.398265
4606.861976
4463.257265
4220.369559
4348.275044
4331.627809
4765.825801
4617.436735
4656.262088
4578.795338
4836.319456
4606.461405
4492.407647
4302.213309
4366.903309
4575.604809
4429.714450
4202.150971
4699.967059
4445.286235
4540.898868
4273.452349
4672.935897
4416.976338
4286.721500
4296.867206
4444.143527
4555.218235
4410.208118
4488.373882
4614.078985
4418.054793
4461.537912
4129.454162
4849.671088
4383.704926
4700.014324
4474.429985
4654.764926
4368.157941
4663.432162
4555.626295
4459.020824
4563.884588
4427.776324
4384.032574
4428.499753
4196.894544
4309.892897
4244.385868
4426.597706
4487.516548
4665.489471
4228.737897
4606.779544
4727.953632
4558.049344
4832.628265
4192.908632
4474.986765
4422.730706
4208.659683
4185.386765
4125.751618
4598.314279
4431.646206
4382.453611
4366.901735
4495.756412
4101.937853
4498.734044
4741.390745
4673.924926
4380.459765
4412.539897
4706.369015
4448.397835
4707.293397
4494.931324
4286.508441
4026.219265
4317.207557
4459.623706
4244.674206
4513.953721
4149.515809
4254.837823
4637.464897
4432.468162
4133.987750
4693.362015
4374.792574
4048.374588
4545.313279
4743.291294
4122.338147
4355.294399
4493.003632
4443.685809
4606.368750
4399.692221
4354.343989
4206.367132
4575.805706
4642.997721
4348.004809
4762.929990
4382.706147
4206.406603
4542.802294
4394.637088
4402.506756
4241.289912
4122.222426
4539.708588
4430.919353
4654.310022
4412.640544
4126.397162
4521.347882
4670.683132
4326.994215
4272.511897
4218.750485
4670.835515
4373.708103
4327.621363
4383.580294
4307.952691
3964.670029
4471.188794
4384.200820
4166.107397
4376.719794
4472.845456
4692.979176
4029.244425
4530.133868
4408.652000
4503.723088
4875.951824
4338.614367
4266.818926
4043.603941
4221.456265
4682.474103
4245.576236
4503.747956
4299.317515
4056.848765
4777.524544
4186.117282
4483.872882
4343.322353
4327.501926
4311.681353
4181.631063
4617.109853
4380.932368
4277.789176
4432.261162
