4874.256735
4783.768765
4410.165103
5188.263221
4727.925995
4826.046838
4820.317000
4707.525059
5317.613676
4691.328291
4839.756015
5155.857074
4697.002294
4938.736162
4692.557675
5332.878118
4586.560221
5155.025412
4568.350456
4751.597102
4982.744029
4702.432868
5011.205147
5368.693441
4969.551633
5042.412147
5010.851735
4913.210897
4655.975382
4988.848032
4861.818338
4886.243765
4792.872838
4969.588118
4565.384710
5224.673735
5210.161853
4993.285162
5309.902412
4848.386843
5562.123603
5018.523779
5145.653456
4987.576029
4612.768021
5039.895471
4803.157441
5009.407265
5412.163456
4750.308743
4967.917750
4797.736824
4866.379368
4973.613368
4711.876156
5067.704029
4810.938147
4303.993706
4837.269956
4750.942937
4780.112559
4928.444324
4251.994471
5032.376221
5108.153174
4991.078618
5055.054691
4895.002574
4767.436779
5011.964513
4941.414603
5152.433441
5441.379574
4854.746956
4775.862029
4910.129588
5138.309382
4523.597118
5254.719221
4656.387075
4953.717632
4704.931412
5079.962897
4943.319191
5034.592385
4795.520838
4779.104618
4458.643397
4979.406309
4882.625107
4633.374868
4524.719824
4872.079574
4643.418779
5046.754844
4926.290721
5334.685721
5181.194103
5149.906618
5082.875139
4875.783426
4699.401000
4955.140765
4716.435750
4767.606155
4843.307324
4419.046206
4684.814456
5090.524426
4958.947113
4463.514971
5040.197485
4805.189221
5034.897206
4653.831349
5140.417515
4426.882559
4839.571441
5084.494632
4925.328248
4866.968662
4673.380824
4724.606162
4807.828662
4607.405470
4750.564044
4921.584971
4559.253147
4830.308029
4648.895883
4562.487485
4711.050956
4938.491588
5061.356500
4699.792634
5219.059221
5116.230456
5381.279456
4688.784926
5079.027650
4889.077015
4978.858868
4901.545235
5090.174456
4800.619078
4970.650118
4718.080397
4966.302926
4414.340706
4660.691138
4885.713676
4632.025794
4483.673338
4922.038971
4775.954787
4682.463941
5077.517456
4726.613868
5463.714632
4867.006406
4891.134676
4616.108426
4454.608456
4708.333294
4878.259951
4658.980544
4937.159735
4716.573191
4796.690059
5009.458703
5448.357603
4347.980779
5173.457897
4570.279206
4540.361013
4691.525412
5075.404515
4741.324926
5440.220603
4414.997058
4690.812676
4883.230191
4771.165206
4936.901897
5039.764810
4629.431265
5079.559368
5528.332279
4858.025279
4942.854296
4800.247206
5040.331956
4840.037382
5208.549838
4852.097886
4561.150206
4805.313574
4721.472000
4797.237662
5006.792299
5107.428426
4798.387368
4770.781103
4866.492294
4997.842286
5015.378603
4476.207500
4470.160559
4836.344103
5091.151081
4967.595412
5413.237118
5211.636588
5054.846956
4734.018627
5168.789750
5077.561897
4674.154926
5210.302809
4591.753011
4647.401118
4725.482426
4765.962265
4935.186353
4815.863394
4949.809485
5209.436382
4699.453985
4993.678088
4750.400087
4868.928824
4704.693750
4754.326559
5143.150941
4837.461162
4454.660029
4567.435985
5137.760529
4721.195132
4699.029016
5005.558235
4578.360088
4918.024206
5147.780971
5050.460926
5155.306620
4704.111897
4689.206809
4946.093176
4966.808044
5049.184872
4631.287868
5122.447632
4890.460015
4969.119662
5090.740329
5463.943882
4608.963956
5001.120956
4820.165000
5199.991977
4841.403632
5009.346309
4802.605868
4899.558691
4922.896611
4770.549662
4946.813515
5183.459838
4704.117294
4969.456848
5080.347103
4848.442059
4930.847015
4864.560912
4684.456555
4615.753868
4734.088250
4925.646044
5222.254221
4973.499968
4903.381368
5253.397574
5121.508794
4877.037529
4638.892308
4821.106147
5052.502618
4805.592118
4992.970397
4483.108545
4693.773044
4645.283515
5349.112838
5174.182103
4571.484311
5216.857779
4989.485250
4934.383897
4781.504221
5267.384621
4744.048044
5111.224618
4816.369794
4719.108603
5060.995093
4738.541809
4872.269426
4709.532735
5078.554765
4674.839065
4581.846588
5019.511309
4954.294544
4940.633000
4558.971934
4792.708353
4738.492147
4555.845118
4946.604000
5346.940523
4748.124765
4713.860441
4687.962426
5014.634941
5069.754834
4639.952588
4794.458000
4628.598882
4769.447559
4629.222276
4695.417647
5059.822309
4583.960897
4792.047838
4774.948145
4616.554250
4803.068500
4776.899206
4911.610029
4804.726735
5003.788294
4773.900868
5299.260426
4781.459221
4980.537589
4743.593441
5289.351338
4956.868456
5115.429221
4702.272796
4971.047882
4339.611103
5094.806838
5013.539074
5385.255592
4672.954529
4782.629544
4868.873647
5015.000471
4666.720902
4898.346824
4917.320250
4927.476926
4857.367103
4833.081198
5062.215088
4742.468000
4451.194838
5080.815074
5289.632125
4876.069000
4727.634059
4999.050250
4467.416368
4981.907524
4896.035088
4969.338147
4855.036647
4740.441897
4854.560746
4907.741721
4669.211162
4809.696338
5056.162162
5309.780938
4548.929868
4803.876926
4682.469956
5075.300632
4790.479440
4757.665176
4837.644897
4884.859515
5057.122368
4971.570221
5195.944691
5176.601368
4759.624176
4594.024206
4870.533987
4884.234882
4814.422529
4872.961588
4681.716676
4861.550062
4603.105868
4956.210838
4421.924706
5014.100044
4599.638666
4859.863471
4975.776294
5131.077265
5088.989456
4995.327564
4483.624132
4708.682412
5019.052397
4940.705221
5161.244845
4953.374338
4812.973721
4986.408691
5028.333000
4757.404464
4467.513221
5243.452103
4929.019044
4736.090721
4774.306951
5308.174956
4848.021500
5066.417853
4401.271279
5392.207746
4757.924059
4752.148206
4551.188471
4798.734765
4854.865895
4858.584971
4712.207529
5044.919382
5148.423265
4868.297028
5139.103397
4755.625426
4939.820456
4810.403647
4429.428706
5096.700000
4503.064044
4969.680706
4542.068794
4886.188722
4732.603044
4732.270088
4703.168279
4727.928779
5495.777547
4562.122015
4917.405162
4699.383706
4976.308088
4998.595299
5523.170088
4788.748309
4469.054647
4556.230088
5033.006065
4644.811632
5041.781985
4843.742662
4938.078235
4677.303772
4849.483794
4893.148015
5374.599941
4783.125309
4581.599347
4871.023353
5082.003647
4724.042735
4532.965912
4973.561334
4615.659824
4782.753676
4852.296368
4675.162221
4980.911320
4760.627941
4891.025853
4709.427971
4617.154647
4900.434145
5382.892162
4847.169103
4965.161691
4942.092456
4658.268044
4821.867765
4538.032176
5384.986456
4887.661353
4462.210516
4541.529515
5215.527647
4806.010059
4695.113544
4956.069988
4893.684691
5262.045809
5089.137853
5180.170559
4536.098283
5174.129103
5266.516147
4626.315353
4499.650382
5204.696270
4763.587162
4525.309647
4675.531956
4869.763941
4554.018506
4949.140706
4800.767515
4715.170324
4749.878647
4510.009640
5026.384500
4664.771515
4924.504779
4855.303250
4494.353833
4488.738426
4870.326838
5063.623853
5374.298559
4615.300158
5347.220088
5114.937750
5046.036897
4577.196765
4844.703850
4551.372838
4709.261618
4560.276574
5077.316221
4941.451190
5223.614735
5020.074353
4595.042279
5067.348191
4879.379044
5087.600309
4995.857794
4873.093809
4653.863647
4794.646222
4535.389471
4885.767647
4676.349618
4661.003971
5403.364076
4674.875309
4371.042088
5071.594559
5017.316162
4805.229989
5010.117000
4819.574971
4672.117485
4512.146029
4858.715520
4869.159265
5055.445515
4990.427103
4727.487176
4934.247889
4836.292426
5085.832882
5272.618324
5186.957206
4934.268699
4862.652779
5113.472853
4759.786015
4474.829044
4666.912848
4686.800235
5028.218559
4633.717235
4822.364603
4374.584364
4913.740926
4845.976662
5204.800868
4839.952206
4990.257204
4392.293059
4879.781000
4642.861691
5241.198574
5186.610117
4956.618941
5255.221838
4705.348588
4911.143059
4721.062059
5042.185529
4682.155382
4745.978118
4586.814618
4437.776502
5153.514926
5172.400147
4734.426074
4820.862132
4636.062503
5090.685559
5104.950382
4728.658088
4518.278779
4888.214446
4633.568147
4506.213250
5082.195118
5170.753647
4796.464844
4723.699500
4900.563221
4719.755706
4913.456662
4932.971669
4888.902044
5065.859779
4805.238691
4670.757162
5345.977935
5097.124132
4517.285750
5001.064515
4818.876044
4384.188069
4866.148956
4896.385897
4779.650412
4915.136971
4623.385247
5151.609779
4489.122809
5043.670279
4656.372294
4955.976954
5187.973338
4450.722265
5099.841029
4391.712662
4999.104691
4988.023426
5189.388338
5043.836735
4914.957735
4950.548442
4757.533647
4436.810647
4926.215706
4752.422441
4762.851370
4777.325632
5263.387471
4711.640368
5007.682000
5022.011063
5029.342750
5182.242368
4796.142559
4601.750029
4912.711932
5279.389691
4514.494162
5014.959897
4261.132691
4727.668330
5044.965353
4887.903824
4600.351838
4714.518294
4801.017964
5211.363897
4997.357515
4793.992426
4503.057500
4634.082539
4734.191559
4792.577971
4754.976956
4955.962309
4837.064849
5370.249765
4344.876765
4396.832985
4542.414074
4858.535394
4643.079441
4752.027103
5029.820559
4656.608044
5245.101234
4823.373294
4797.374868
4544.262809
4860.324985
5038.950265
4867.018824
5069.791044
4806.154368
4953.663309
4500.019237
4795.009324
4783.728456
4608.876632
5062.208412
4784.794076
4675.577294
4580.422103
4624.530868
4893.946324
4418.699607
5237.282765
4750.004912
4520.133941
4919.195985
5142.008300
5208.416544
5235.658926
4812.956162
5089.988985
5082.554786
5164.503647
5033.200338
5015.878382
5106.044309
4664.216464
5183.189441
5015.221132
4527.785838
4774.883324
4890.569863
4883.595721
4502.779324
4824.609294
5031.020985
4934.718776
5357.658544
4614.145632
5222.283338
4777.288809
4727.825733
5070.263956
5110.657309
4801.450221
5314.939000
4526.688955
4837.313559
4844.397000
4811.710588
5210.451147
4987.110839
5212.360088
4896.784882
4771.195059
4735.884015
4669.052737
4934.339074
5044.781353
4736.256103
4870.471971
4899.515003
4751.031088
4794.219324
4275.555956
4712.095515
4573.294872
4921.807382
4862.785471
5037.282294
4661.150485
5018.190256
5185.248397
5356.176941
4900.650324
5255.487412
4583.154022
4725.672441
4743.234162
4738.316735
5075.718132
4837.920362
5176.607338
5285.106279
4829.287279
4781.573294
4827.722907
5064.362265
4904.563147
4400.757853
5184.119000
4826.276820
5165.328368
4678.355250
5114.681265
4648.005794
4761.563733
4853.244118
5194.023985
4809.219838
4959.420353
4654.930852
4665.313029
5005.306118
5386.578838
5014.885000
4901.572839
4647.028044
5500.313147
4777.630368
5063.506029
5179.724076
4620.489971
4991.873721
4678.031000
4784.841647
5061.053974
4839.881544
4862.323485
4978.180338
4565.261926
4878.964976
4904.542485
4710.131103
4794.376265
5110.433368
4811.489183
5098.085985
4526.151074
5248.981353
5334.537529
4769.472523
4708.704103
4703.000985
4664.591044
5654.679088
4789.961142
5301.084309
4803.396691
4815.144368
4234.428309
4864.176834
5020.031985
5059.036588
5213.956441
4505.164912
4996.783453
4954.917588
4784.760544
4892.852074
5220.826044
5267.239293
4792.830897
4396.012132
4897.939471
5255.882647
4613.973779
4757.821412
4684.761221
4888.860588
4939.928735
5131.817104
5038.487426
4781.418809
4806.723706
4900.453779
4802.863488
4533.170309
5161.946015
4573.645147
4971.514412
4662.606563
4960.846088
4820.817750
4947.018765
4955.343441
4380.960079
5321.511706
4579.869382
4758.710824
5246.410279
4537.951742
4911.771515
4900.531279
4843.493721
4401.836309
4771.502258
5168.325897
4771.310221
4446.709676
4767.139794
5294.515936
4920.255059
4601.989647
5006.093588
4858.721853
5018.007026
4723.606824
4829.774706
4396.615382
4483.124221
4600.086218
4720.794971
5203.336147
4720.772500
4827.204309
4417.149367
4425.664515
4544.012206
4857.628912
5244.344015
4625.322192
4693.202779
4587.770191
4764.006529
4616.818926
4624.923869
4856.681647
4929.396059
5050.132824
4836.476779
4423.754474
5262.584206
5013.120132
5065.726426
5091.994471
4825.160534
4861.135559
5016.746500
5042.786824
4671.596647
4661.302197
4989.428206
4698.411382
4569.172088
5219.710838
4514.211846
5127.411206
4614.085309
4588.110632
4949.682397
4744.462185
4917.977456
4732.635412
4844.273676
4540.570515
4485.470378
4891.884441
4604.814985
4430.712074
4447.845029
4662.875629
4930.980574
4942.526074
5062.554868
4896.964926
4868.637028
4664.961029
4895.209132
4722.345132
5201.021294
4928.955941
5023.575044
5096.591971
4162.458029
4691.754926
4806.452722
5102.986250
4900.009853
4345.380544
4948.334118
4766.289929
4890.475132
4500.714765
4852.632309
5215.068838
4607.340386
5410.807353
5158.674794
4502.460412
4817.771779
