202.670400
226.605100
259.370900
212.599600
-39.648131
202.675300
250.094900
240.670900
246.141200
-40.858922
235.314500
230.724900
252.872300
210.929700
-90.197712
197.106500
209.509600
309.919400
208.030000
-97.809603
243.558100
191.861600
225.413900
212.541200
-65.682294
222.967400
207.669600
253.580500
234.327200
-88.561984
232.769300
217.671900
254.244300
235.859500
-51.911075
250.901100
249.636700
251.310600
223.230300
-64.452766
289.698400
232.551800
212.799300
230.331000
-52.769956
265.798900
237.487200
248.305200
236.011100
-77.619347
216.682500
181.278800
218.936200
239.719300
-58.054037
279.884400
250.071000
243.669000
256.014700
-94.296828
236.142600
257.031300
260.110200
214.542300
-75.131719
249.355800
221.403400
228.672100
214.124000
-32.239609
248.566400
260.853000
254.793400
275.977500
-10.745600
270.545300
233.619500
178.511100
172.015800
-61.568091
205.010100
232.256500
298.675000
260.765600
-98.563681
285.959400
208.056900
223.443000
281.741400
-30.608772
252.329000
213.360000
242.951300
268.596400
-90.327962
240.174700
258.358200
203.341300
226.016700
-67.282053
295.303400
259.438000
209.614800
210.316000
-35.358944
208.104600
229.089700
202.649600
263.966600
-92.056834
223.573500
224.038800
269.417800
257.178300
-68.100725
209.393200
193.616000
213.236900
234.113600
-14.675816
207.365700
224.556700
230.143500
257.522200
-97.077006
235.056800
256.766600
214.301700
231.937500
-76.788997
183.890500
226.922200
243.300200
188.566900
-103.202587
205.556000
231.924000
205.275100
205.044200
-57.603278
244.692900
241.707400
234.333200
251.976500
-59.960569
243.079000
244.420500
284.611600
232.407800
-59.575559
246.161400
234.868400
225.706800
259.648100
-72.814750
295.966500
211.409500
299.515400
258.159200
-39.586041
250.074800
288.831300
206.772600
242.528700
-39.403231
219.366600
257.175900
218.849600
264.370000
-52.014222
258.527800
271.744400
233.082900
245.188900
-123.929613
282.088000
222.704000
291.181800
234.456900
-81.948303
212.961100
277.921400
211.071800
230.088300
-41.986894
205.606700
242.301300
249.080900
286.226100
-54.656084
270.257400
218.178200
291.523800
315.094100
-56.555875
238.236800
206.951000
204.853700
235.331000
-83.965166
259.075700
284.516000
252.046500
232.209900
-106.841056
231.147000
252.277400
238.853000
245.761900
-74.264847
204.731800
198.802200
228.060000
214.070900
-103.857937
224.555500
265.783900
224.901000
211.165500
-100.923328
237.839900
277.449700
224.182300
272.836700
-65.194219
267.340800
247.277800
201.121200
198.422500
-95.209309
211.041100
241.104200
199.130900
225.638700
-35.613700
263.154400
217.263000
258.494300
193.641900
-25.568691
216.869900
222.051100
247.441100
220.990000
251.309700
-50.683881
231.769400
192.123000
245.274700
265.622000
-71.468072
263.746200
197.524800
249.879700
277.471600
-69.536262
199.896700
231.948900
257.074300
259.755300
-117.425653
255.100600
220.297900
256.549700
249.221900
-117.560344
231.967300
246.802300
242.747200
269.313500
-77.558534
181.877100
215.925700
296.487900
253.253800
-90.187925
220.376500
206.006400
223.072100
214.602900
-104.866716
269.720600
259.991000
232.242700
232.769400
-56.328006
219.398100
204.989900
261.318700
229.268300
-46.771897
290.371100
224.914800
259.056400
234.374400
-83.612288
245.699900
255.588500
215.457700
274.029700
-16.743578
226.281400
266.942000
191.088400
223.948900
-116.013069
226.358400
184.465500
234.855700
277.889900
-52.009959
225.955600
251.949200
260.030400
213.585200
-25.476650
229.644800
208.495000
217.326500
320.050000
-95.281141
227.841800
220.458300
193.478800
236.708900
-73.809431
238.414100
189.913600
261.731200
216.916600
-89.275722
183.020900
225.622100
272.737800
212.453700
-48.165113
270.308300
301.159800
230.707800
197.288800
-89.595603
230.480800
241.712600
200.549100
260.222300
-126.611694
279.946300
222.314900
270.166500
264.610100
-96.421184
224.839500
211.874900
242.316900
254.658800
-71.240775
206.552000
183.352900
234.201400
216.564400
-44.246366
275.920000
260.885600
221.497400
224.998000
-23.350956
224.291700
194.578600
283.363000
233.254900
-81.027447
248.261800
256.116500
219.655100
283.502800
-77.395737
228.109000
217.714400
204.979800
275.237000
-57.775728
282.896400
214.879700
228.348400
180.308000
-83.972119
215.518000
252.600600
182.997100
235.174900
-113.388309
237.751700
238.406900
259.987400
228.257400
-59.035900
248.937900
279.500500
246.214800
252.149800
-59.314091
245.925500
254.999800
238.077600
218.252200
-38.523381
266.468800
260.204200
211.503100
234.502100
-44.058272
192.776600
183.267400
203.086900
213.407400
-72.014762
281.284000
280.256200
265.083100
236.636600
-49.168253
319.257000
188.150300
253.821100
284.074400
-104.224044
270.110600
239.086300
319.211700
222.100600
-99.638834
272.013200
267.371900
258.725100
245.450300
-73.292325
258.845200
215.256500
151.287400
251.898700
-76.390416
243.307300
270.884100
263.371500
223.765900
-92.537406
218.380700
225.704300
266.903400
272.565500
-56.308697
278.644100
266.019100
248.832400
223.522300
-73.042987
217.806700
288.440100
224.237200
233.609900
-93.427578
254.452200
256.092300
216.526600
241.977900
-50.417269
235.454800
224.389200
243.286100
230.905000
-37.564759
240.426400
199.037000
212.021500
259.221600
-54.109050
292.796500
202.753200
195.414800
248.682100
-20.644841
220.328800
191.954800
196.652500
252.958300
-23.647931
248.784200
195.209900
239.556400
215.150000
-64.128322
245.027900
225.179100
226.994100
256.454700
-72.849613
242.361800
242.771100
225.118200
288.527700
-81.804203
207.738000
250.828500
209.548600
215.467900
-50.995494
273.207600
251.517000
243.493100
204.109400
-74.606484
274.712800
205.913400
222.146500
297.944400
-75.378575
234.220400
268.025400
208.566200
255.375300
-72.323566
224.888900
263.634700
239.126900
210.568800
-47.394156
265.929400
206.790200
232.115800
196.814700
-56.037447
239.170900
272.525200
282.055300
242.839200
-111.122937
284.887900
210.809400
201.245600
196.943200
-46.025328
329.420000
234.180300
303.244700
245.659600
-110.849319
222.872700
198.482700
229.008500
194.261800
-61.491509
209.238800
184.084800
233.671400
233.691400
-75.725600
205.771000
244.783100
238.287700
252.403700
-98.928991
262.149300
206.714000
287.187100
251.304900
-68.575781
280.475200
214.542500
297.387000
251.441100
-94.962272
215.324600
261.477600
246.292400
250.947200
-59.804263
223.676400
257.918700
251.910700
219.470300
-35.216653
235.143800
269.702000
222.835700
165.678500
-54.022244
214.122400
216.974600
223.209200
246.763300
1.082866
171.202200
247.126800
196.839900
246.547500
-62.458925
254.641900
249.718700
285.891700
291.485900
-14.017816
219.288600
224.367800
207.609700
213.467000
-69.507206
222.460600
215.226700
193.717200
212.845800
-37.929297
194.194800
244.788500
243.916400
218.786100
-47.559987
261.225200
253.821100
264.341400
179.446300
-42.456878
220.757900
206.474900
259.865800
269.851800
-126.524269
271.184100
302.253100
237.402600
194.221100
-90.436759
230.137300
235.568800
265.200700
260.554000
-78.071250
245.092300
250.887300
225.829300
231.223700
-94.912141
288.978500
222.558100
262.319000
273.250200
-1.623131
202.405900
251.975800
236.835200
191.275200
-8.695322
252.520000
266.255500
229.780300
212.078900
-28.211513
232.871400
275.415100
225.045700
264.660100
-21.535703
255.808700
232.583900
230.319400
236.489700
-96.812994
281.081000
252.472400
257.451700
213.156600
-34.750484
292.475900
242.315800
217.406700
246.738800
-49.442275
237.274500
237.119700
259.299300
234.625300
-20.705966
261.980300
245.969700
238.777900
251.191500
-98.426156
238.924600
198.099000
265.125000
211.620700
-70.419747
245.568000
216.427100
214.277400
253.959800
-68.820537
214.193600
194.434400
227.264400
302.350400
-43.890528
236.782600
250.301900
240.437900
273.997200
-55.185919
226.557900
224.705000
195.499700
235.477800
-64.048109
221.891300
243.093100
217.555800
227.540100
-14.880400
268.983600
240.350200
270.497300
221.437800
-95.863991
267.332200
233.412300
232.374300
227.879100
-69.455281
243.458000
256.912600
230.535700
231.431200
-67.518372
211.324400
268.644100
247.293900
237.384000
-51.695262
186.160900
219.791100
263.565500
277.675100
-51.834153
230.109300
265.941900
260.292500
221.074200
-63.944044
260.316400
225.399100
262.809200
210.869600
-38.142534
273.711700
232.151100
230.719100
217.899000
-63.104025
215.606000
249.902900
221.087400
192.548100
-78.454116
232.150900
189.818400
234.724300
235.750200
-47.450006
231.424700
232.768200
261.273300
192.691500
-40.160697
259.161700
278.174200
186.149700
210.793400
-70.756187
219.612700
209.247000
229.811100
217.782900
-40.262878
229.472400
222.654700
230.117800
211.350800
-43.061669
272.735700
207.186500
252.318800
232.102500
-94.970959
203.256500
209.434700
260.648300
223.384300
-39.642150
249.932100
252.580400
239.060900
227.906000
-48.049841
282.079700
186.153600
208.157700
259.200100
-45.823431
246.185200
250.857100
210.568400
213.209200
4.707178
262.564500
265.919200
240.281600
180.773100
-76.671712
277.378200
224.367100
243.275000
216.534200
-66.259203
268.031400
286.831600
216.785900
184.267000
-68.516794
259.546400
229.162300
265.593300
281.180500
-115.414284
233.915700
242.025700
232.616900
187.028800
-64.430775
204.778500
242.097700
243.369700
208.439800
-106.647966
219.697900
261.742900
237.858500
234.990800
-118.612456
251.743600
250.275400
280.822600
256.443000
-56.579047
233.529600
233.411500
217.542500
183.325100
-25.399637
278.397800
275.327400
183.829400
236.671900
-132.815928
207.061200
288.635400
225.287400
204.214100
-34.262119
234.869400
217.064500
237.394300
274.678800
-120.570609
259.953200
260.409700
315.265400
269.227100
-63.799200
262.586000
248.312000
211.909300
232.564400
-56.782491
239.787000
296.468100
224.924100
263.448100
-52.412081
255.879300
194.200000
230.799200
218.597800
-53.794172
231.022600
264.094100
259.828600
232.227900
-47.478763
255.117600
275.031500
274.568700
249.236200
-7.733653
215.156100
238.400800
234.880700
233.593400
-50.498744
213.950900
266.189400
255.197200
249.014000
-99.298834
266.560700
262.114200
282.957000
248.307200
-40.010125
241.732400
186.112700
225.909100
191.085100
-54.961216
235.910600
208.225600
258.624400
226.120900
-40.415106
214.747700
251.386700
276.545100
281.748800
-36.273997
219.666800
256.745900
212.436400
273.342000
-97.883587
186.128000
219.395800
265.270500
226.414800
-91.892978
262.901000
210.356800
234.666600
217.075600
-57.541869
258.060300
227.532800
252.457600
252.260700
-91.931159
248.271400
308.784900
216.385000
280.493200
-77.901950
235.478700
191.262300
236.715300
248.443100
-95.674141
243.764900
224.532900
193.230600
212.968900
-56.730731
283.389700
215.837000
193.809800
200.968400
-78.920322
244.418900
236.433000
206.915900
187.931500
-86.747012
230.252900
211.546900
254.299900
219.281300
-38.600603
268.997900
233.230500
267.877800
256.383300
-106.787094
193.582000
221.228600
245.714300
227.533000
-12.833384
210.833000
221.038400
265.561800
231.711200
-75.842775
227.283100
198.900400
220.671700
226.833100
