3316.151515
3398.554956
3203.111647
3313.284162
3111.535613
3499.119118
3118.781338
3274.552147
3523.955485
3405.088438
3568.505794
3287.677412
3329.977529
3272.788559
3482.534263
3556.208000
3343.353353
3380.135000
3356.137603
3460.646279
3262.282853
3311.680647
3411.257000
3124.021750
3256.005222
3562.819191
3307.102074
3338.848765
3465.768294
3347.486532
3343.997324
3199.394794
3394.991706
3303.301735
3135.850901
3195.949368
3294.940618
3492.698309
3247.375559
3775.784152
3436.892544
3456.942515
3559.775441
3240.547368
3484.034962
3202.513132
3232.279162
3435.701882
3395.986941
3398.692346
3391.817897
3046.140647
3249.326029
3463.226074
3434.818627
3007.992500
3413.997794
3267.759059
3194.363250
3132.955614
3705.416809
3270.631662
3287.143044
3208.008559
3490.521130
3405.281735
3719.566676
3364.833324
3081.079309
3489.711513
3327.134721
3545.154971
3096.035324
2849.933985
3377.351676
3392.839471
3288.308941
3361.640529
3366.367441
3129.526060
3368.677015
3274.665809
3400.876368
3583.892471
3361.564635
3327.983632
3111.329691
3534.238868
3562.414632
3217.985195
3223.505485
3421.562838
3206.909250
3260.556706
3249.651344
3592.643735
3183.627015
3488.450029
3406.048515
3461.998242
3378.930485
3516.163941
3400.447750
3038.776971
3306.507655
3287.318838
3173.688338
3245.054529
3195.264000
3185.786304
3060.474588
3857.234618
3400.005250
3407.473838
3295.431055
3255.489647
3285.293250
3292.189221
3247.582118
3312.246689
3452.889485
3360.026044
3415.233985
3615.255985
3301.880352
3489.563544
3387.957809
3388.888118
3115.952176
3210.615515
3400.917206
3246.738015
3237.270441
3419.753662
3192.332164
3284.589765
3240.587941
3207.615029
3245.771250
3224.408533
3211.075779
3261.562074
3547.151956
3485.145765
3203.255299
3183.240382
3224.185441
3504.683471
3170.854471
3497.378182
3162.850279
3350.747853
2942.426897
3435.528059
3165.703949
3258.208721
3303.248118
3228.222235
3352.322279
3304.829347
3477.403132
3202.828118
3463.457735
3426.643118
3458.224495
3421.633676
3196.803338
3337.998235
3362.023471
3361.673100
3622.007676
3224.379544
3435.214985
3213.596500
3405.687910
3444.984103
3062.498088
3198.133294
3685.094000
3493.225735
3300.294132
3089.101397
3509.681456
3780.755897
3174.729383
3025.136015
3263.727897
3432.733132
3562.504603
3194.878017
3480.727162
3169.048088
3554.757559
3519.521544
3485.725445
3239.264750
3447.299500
3386.268074
3484.879618
3233.799196
3366.374838
3393.609912
3384.228147
3324.209676
3303.515948
3492.287485
3209.971191
3075.524559
3432.424353
3507.026699
3188.927074
3217.247735
3226.502029
3651.723765
3502.630553
3383.735529
3020.230000
3058.164382
3199.771015
3177.235422
3358.808647
3358.151015
3094.254485
3233.067779
3225.190571
3344.265471
3351.737824
3305.352147
3238.122853
3332.705587
2951.353868
3332.106676
3547.441544
3220.502529
3494.196206
3204.671750
3543.679809
3548.359191
3334.932971
3473.357045
3154.800074
3194.869103
3480.093765
3273.979029
3464.947309
3699.166959
3230.752765
3413.415941
3536.049706
3228.519676
3529.615298
3203.741353
3165.061559
3343.262618
3236.751941
3109.376873
3411.093676
3398.333000
3375.475676
3441.244412
3372.729522
3304.923426
3634.301471
3624.769676
3518.504632
3174.010494
3391.482574
3486.279926
3362.669779
3293.604000
3165.161363
3607.190706
3362.145426
3166.329176
3271.170471
3329.219599
3094.413000
3218.043676
3171.142603
3365.492309
3377.984395
3252.828015
3266.664603
3419.961662
3148.840265
3187.095896
3247.048912
3272.335353
3536.608176
3358.584176
3371.092383
3124.993868
3378.595015
3093.240294
3523.426088
3279.916855
3237.661044
3395.513353
3186.741544
3493.357132
3395.851297
3218.552588
3688.802382
3457.702721
3212.880632
3289.933828
3229.378250
3322.091779
3737.597500
3383.309676
3322.881197
3224.750456
3446.924029
3146.071485
3317.201882
3384.208125
3666.631206
3302.621485
3333.960618
3400.741941
3562.926023
3504.042206
3138.855529
3373.420529
3418.273912
3393.843701
3289.978926
3257.688897
3387.745838
3325.787574
3484.337159
3234.869721
3416.422368
3602.692985
3316.936574
3229.744704
3249.404279
3222.913485
3469.973294
3292.538132
3281.350941
3310.595882
3350.318662
3303.038603
3264.164794
3654.702677
3200.457868
3221.809132
3444.145515
3690.724426
3393.352885
3267.806441
3366.030544
3308.934882
3490.877735
2953.200063
3415.022662
3460.051824
3358.196279
3296.300515
3384.681461
3267.018279
3306.753500
3549.227147
3395.960750
3338.117021
3438.318221
3120.304868
3391.349765
3432.592324
3429.991405
3524.161015
3767.835015
3453.021456
3264.098853
3357.130186
3503.189397
3466.362853
3239.785647
3267.816926
3168.720246
3280.869735
3364.169309
3396.789574
3315.155265
3077.422703
3418.914956
3279.923368
3409.771162
3427.673368
3245.258910
3177.060309
3154.795132
3521.061926
3306.951824
3167.110132
3240.000456
3620.606809
3370.301221
3340.183088
3318.286766
2941.434662
3157.826412
3044.469853
3521.712029
3365.118341
3123.869574
3303.006559
3120.093853
3576.049132
3329.616254
3149.947441
3541.906676
3218.789088
3274.798397
3451.440726
3415.280971
3617.594882
3490.762500
3389.632985
3394.971066
3371.173353
3300.344338
3211.293294
3266.872397
3353.623626
3539.285618
3459.498456
3524.686500
3296.765779
3215.335951
3433.841735
3202.457235
3455.869397
3391.618809
3323.015217
3296.738412
3565.348265
3520.388926
3435.689059
3169.400012
3415.615794
3494.513368
3345.268971
3187.548971
3198.814176
3883.025250
3178.189500
3328.141309
3486.539779
3550.276765
3482.543574
3274.463103
3664.798676
3512.193426
3314.392458
3349.124912
3364.815603
3178.146750
3058.395544
3044.050327
3332.024721
3464.641147
3347.500044
3289.568221
3259.147946
3432.689809
3268.743956
3322.597471
3446.322779
3466.055874
3304.350456
3466.629721
3321.968868
3364.688868
3399.500081
3305.741382
3252.005176
3247.491603
3561.388971
3316.297788
2993.624941
3693.388515
3769.925456
3192.184324
3371.312745
3477.721588
3675.701838
3596.733706
3518.898426
3205.661261
3425.662721
3361.137662
3374.075059
3383.934029
3234.727366
3646.248603
3449.520147
3331.326809
3405.109382
3392.070441
3204.418500
3566.497132
3431.980794
3522.657088
3230.301398
3344.486882
3613.595765
3295.355765
3425.330162
3610.978355
3500.151000
3531.770853
3342.139765
3274.312956
3250.687254
3526.828779
3176.103368
3335.133647
3553.481029
3454.657211
3331.752029
3480.435368
3273.758559
3236.937824
3680.937403
3210.093618
3429.106044
3605.880015
3045.968382
3193.606949
3183.942662
3213.593074
3503.874559
3282.501309
3336.562186
3489.736176
3120.699500
3372.089118
3461.539574
3453.724908
3619.132618
3250.210824
3450.875941
3438.563647
3214.491144
3453.296456
3219.125500
3325.517176
3438.678118
3162.058410
3276.154221
3435.250265
3426.449941
3473.677412
3344.775441
3189.960897
3404.068059
3394.227647
3053.447926
3212.963148
3355.480735
3427.989456
3708.357368
3285.875853
3375.636517
3320.532853
3236.472074
3481.019044
3401.170485
3155.768386
3471.056324
3495.313147
3345.902103
3250.273338
3551.356476
3394.982397
3631.375309
3278.961324
3262.442515
3061.954977
3477.282588
3220.140647
3571.352721
3415.616353
3014.688111
3192.474838
3357.218985
3298.063471
3533.332118
3217.701083
3271.610956
3547.638603
3321.930015
3303.304397
3202.367820
3512.053824
3437.289118
3628.274221
3569.494412
3462.148159
3431.563765
3297.495824
3276.884397
3361.830000
3391.471278
3298.774882
3413.234147
3188.887265
3611.361897
3074.630206
3469.584647
3040.486074
3427.186588
3428.659721
3564.012384
3391.465882
3363.081412
3308.238941
3493.401191
3125.111989
3390.234059
3518.637853
3439.852985
3360.652441
3577.870446
3548.703662
2977.708162
3161.567132
3493.844412
3420.208815
3381.338574
3389.155647
3742.509500
3392.577618
3398.799493
3285.987882
3460.509235
3714.936309
3338.390397
3431.780009
3304.358618
3059.237103
3599.910912
3292.653471
3228.577937
3439.554515
3052.817794
3473.767779
3424.225926
3307.386894
3292.275603
3268.139529
3194.308647
3276.752779
3311.592557
3456.087118
3292.818309
3376.585426
3600.679779
3404.261897
3555.464735
3201.769632
3446.436485
2960.985691
3399.532780
3250.272750
3419.579015
3198.168676
3343.356029
3008.943061
3190.477750
3275.701779
3286.467162
3271.718382
3152.152974
3306.478235
3565.943971
3278.380044
3380.623338
3364.853373
3234.454176
3308.966912
3406.003250
3257.116221
3454.463771
3344.450956
3590.533515
3205.793824
3541.842206
3418.090493
3372.597397
3220.057559
3271.609235
3179.731044
3170.357568
3096.180265
3070.988456
3256.025309
3650.045882
3381.694231
3828.254221
3487.208441
3447.441000
3541.749294
3206.560144
3106.355897
3307.271956
3440.407706
3320.760456
3470.765175
3393.102735
3430.292676
3196.953824
3239.408588
3474.526897
3370.650235
3465.148147
3191.786809
3565.408235
3390.551295
3515.348956
3411.800485
3374.385000
3550.856029
3365.128532
3326.234191
3251.879824
3385.244809
3245.438382
3242.465504
3615.396765
3447.555044
3104.866882
3357.459397
3238.476550
3630.284382
3352.926912
3384.594176
3575.637838
2873.500316
3540.850632
3512.566971
3450.674441
3362.664809
3343.945391
3624.216412
3470.931574
3191.454103
3419.150029
3515.499980
3430.835324
2959.937750
3182.212706
3199.734691
3062.731879
3292.555824
3284.789941
3490.819132
3417.344294
3154.493954
3233.119118
3381.057206
3538.084809
3111.064088
3228.406970
3272.446897
3132.583353
3184.141985
3381.199471
3191.059324
3211.210559
3064.255368
3271.460882
3310.334515
3081.766708
3435.768882
3098.071926
3219.818809
3388.341794
3584.083400
3431.034735
3268.991235
3321.401471
3676.096235
3358.697975
3293.477912
3350.824221
3420.074676
3216.874000
3451.042712
3203.809941
3357.600662
3392.886941
3504.277824
3215.619272
3587.270059
3081.712662
3478.673265
3278.303544
3328.065685
3403.517015
3669.377779
3246.957926
3314.412397
3352.198157
3540.006706
3319.769588
3446.284735
3201.128162
3418.443100
3671.913412
3071.113941
3749.484368
3261.724824
3399.461145
3334.770882
3239.205471
3627.839074
3154.016632
3315.604367
3425.847500
3582.911794
3488.046338
3489.777838
3351.553413
3215.523662
3184.067309
3312.085691
3329.356074
3382.400046
3086.237647
3480.187118
3565.628868
3090.704765
3530.271680
3260.602000
3252.245206
3251.180250
3398.822971
3387.797932
3595.864265
3222.586706
3730.111426
3380.524985
3211.256639
3405.226809
3322.433559
3381.526206
3497.346250
3362.744787
3411.825221
3162.797500
3130.808206
3421.565897
3291.198612
3548.570118
3251.293691
3402.454279
3270.060809
3388.465172
3333.244559
3258.013794
3515.398735
2982.145676
3552.366424
3540.140544
3355.451382
3242.852353
3397.415294
3351.333337
3333.904544
3372.867853
3434.020676
3347.009294
3321.490206
3211.052588
3234.281735
3200.956882
3506.263250
3153.936604
3210.624353
3360.210588
3371.261691
3261.160603
3442.783194
3238.340662
3354.331147
3603.753412
3547.712368
3495.853401
3420.103206
3387.681279
3336.091368
3697.159662
3510.005432
3752.797353
3026.281971
3269.624103
3374.124838
3307.870522
3149.088912
3408.707838
3410.922868
3244.337779
3235.614435
3029.814206
3453.621221
3086.610382
3336.630868
3455.298686
3448.339279
3328.991868
3543.986074
3315.406471
3219.477364
3541.896147
3233.095000
3220.517882
3253.661632
3187.651954
3457.179662
3514.278941
3176.347985
3412.000265
3129.549514
3547.680382
3383.126868
3232.979574
3590.065971
3275.083471
3241.127515
3240.908162
3167.511985
3388.008574
3361.729811
3482.477118
3414.854765
3403.951162
3254.100603
3259.890680
3279.588750
3825.804618
3318.781838
3291.180485
3416.778578
3324.089809
3322.407426
3269.395176
3259.661794
3469.876859
3391.473294
3289.460324
3466.943926
3340.212897
3244.971993
2999.286941
3393.227353
3355.975000
3523.139882
3134.654612
3199.814618
3036.569294
3356.516382
3206.785647
3366.269010
3191.893926
3557.728868
3371.019382
2991.381971
3053.878541
3152.010941
3484.467191
3195.193206
3483.328706
3166.954763
3661.540882
3264.236015
3344.984162
3365.050132
3439.148705
3545.823794
3055.691794
3003.962603
3151.776235
3214.202795
3167.743324
3354.604029
3315.054971
3195.638382
3196.626076
3469.482721
3445.428838
3386.182941
3327.083397
3221.844298
3568.275324
3324.219485
3299.847603
3081.851779
