11235.691588
10679.363441
10777.821250
10872.355868
10558.425201
11060.362309
11317.029412
11118.237485
11552.614088
11347.400879
11098.706544
11156.888721
10712.022559
11396.027353
9955.137483
11178.949397
11366.369529
11147.441632
11319.497868
11178.968426
10095.693353
11131.536088
10926.648324
11142.811456
10761.341560
11005.323338
10678.557000
10371.789765
11491.690471
11369.174649
10441.976926
10956.582382
10969.500574
10689.722235
10328.750621
10617.747279
11093.958132
10457.421500
11194.152794
11525.147108
11862.483074
11471.777765
11139.756441
10638.056647
11103.849359
10656.543059
11166.773735
10822.459397
11140.502265
11863.386464
11792.762412
10378.576265
10746.608368
10457.106765
10771.579671
11887.502515
10988.527029
10041.051147
10175.489868
10503.457834
10750.659647
10786.051206
10811.099897
10393.582603
10439.825953
12077.560985
11209.831338
10870.729471
11832.253500
9163.453602
10329.793176
11218.470971
10929.941029
9991.158632
10677.800515
10891.080176
11613.273162
11086.430147
10488.737515
11113.609957
11348.589162
10897.979029
10475.962074
11330.160353
10488.483503
11812.098118
10079.937500
10158.177618
11619.764118
11058.186151
11787.954162
11320.587412
10397.278750
11292.739221
11845.128167
10297.849176
11146.057897
11600.211912
9545.389147
11838.436654
10339.970456
10836.186706
11359.492794
11282.321176
11073.758023
11621.811647
10641.818338
11056.880868
10705.529779
10663.739480
10162.747985
12110.726824
12329.856250
10154.096912
10953.969599
10785.688588
11152.639044
10524.533676
10897.341735
11721.427365
12666.442603
9789.167368
11064.072103
10114.344853
10608.975955
11482.495647
11262.456515
10736.596103
11216.873647
9962.601353
10171.561500
11314.225971
10425.893456
11086.997368
9983.067119
11522.450338
11290.352471
11275.984147
10257.821235
10671.803636
11459.460397
11028.403441
11276.956059
10515.168941
11518.749990
10298.174294
10178.504868
10898.368721
11152.384765
11700.804035
10208.793000
10681.198779
10730.518000
11165.799676
10442.528419
10780.476529
10846.622824
10927.108691
10668.857971
11135.671759
11803.603544
10948.396309
11762.904941
10535.622956
11113.434804
11880.949588
10258.984132
11499.159118
10999.233309
11275.706629
11587.339015
11704.677426
9960.942176
10563.766853
10945.517616
10823.394912
10708.178544
10689.814485
10881.064735
10780.249235
10874.956897
10500.974471
10716.138412
11005.340441
11182.445442
10837.331838
11270.755426
10801.438324
9821.876647
10120.080532
11243.969985
10562.289088
11080.371603
11194.512412
10963.764798
11714.273721
12285.134059
10839.475309
11035.416382
10184.671182
10238.345456
10316.749676
11136.403618
10517.337103
10272.424801
10832.065868
11203.579529
10075.208544
12117.045882
10734.843787
10451.554838
11409.971162
12096.443206
11401.179868
11215.698259
11037.318176
11832.146603
11250.520147
10367.799147
10503.785011
10236.114941
10531.468485
10387.765074
11107.806088
10620.704659
10754.281750
11377.315279
11842.573015
11208.011176
10515.382705
10929.166868
10456.816015
11474.880824
10422.999515
11157.347000
12343.279956
10252.955824
10645.535912
10676.162735
11184.236854
10639.201265
11043.148000
11368.119088
12286.216103
10715.353515
11407.870150
10987.339221
10903.257853
11610.371118
11363.806279
10912.186048
10825.728529
11297.089882
10493.371294
9969.395544
11415.677344
11277.818603
10512.630103
12109.191088
11229.548162
11644.563801
10210.948029
10264.727603
10947.848647
10482.957441
11122.757155
11382.287853
10894.234588
12237.271456
11825.590176
11141.289142
11049.133088
10002.053000
11269.717088
11611.141397
10583.838393
11649.206882
10657.131897
11546.644250
11349.333368
11332.801512
11847.937868
11096.723368
11589.062941
10824.952338
11092.103146
10838.448794
11569.803985
11295.182279
11614.803721
11013.730515
10998.939500
11368.711338
10862.121529
11210.450412
10427.643781
11102.032500
10326.305029
10028.415574
10691.463088
11899.812739
11795.903279
11137.132721
11082.903926
10794.910015
11049.645696
11262.378044
10770.598029
10700.687162
11000.130221
10671.756859
10655.593574
10026.220338
11348.381132
11542.902735
11241.081066
10259.517926
10573.797868
11408.790103
10609.643074
10743.717553
10922.260397
11116.724853
10607.543603
10461.444074
10750.803642
11874.990294
10385.039015
10863.348662
10977.523529
10448.764026
10852.304265
11437.182750
10540.415471
11264.547176
11642.565748
10612.529279
11263.792750
10422.963574
10898.804294
10538.087897
10474.146206
10728.770118
10920.456794
11090.890074
11637.138560
11149.284044
10992.344735
10702.879456
10727.007912
12129.589811
10340.208662
12289.517750
10854.149691
11494.656618
11539.580695
10808.110926
10966.877794
10652.372897
11499.579309
11377.491593
10483.095676
9578.637250
11511.540426
10552.205103
11633.480286
11052.019235
10610.516971
11694.841618
11568.046779
10944.858331
10241.113824
11156.766574
11260.602868
10859.493000
10767.745936
11287.122971
10802.718721
10580.627941
11021.774838
11808.811099
11733.489515
11508.852250
10316.248338
11447.733029
12094.699497
10276.992632
10507.906618
10834.412176
11865.664397
10795.859278
11242.971838
11495.007103
10330.381338
11134.819721
10627.338559
10099.034279
10569.183750
10860.976044
11107.119368
10303.793516
11260.623118
11071.699853
11770.874985
10258.577279
11823.641370
11150.736838
10899.400485
10648.881647
10326.695779
10954.851475
11136.501176
11177.179235
10644.262265
10334.790353
10621.579770
10734.462956
11256.950956
10551.501618
10879.719603
10487.310830
10994.261456
10815.504250
11917.217353
10322.469471
11501.990347
11757.686324
10821.666324
11113.702618
11166.253221
11118.995466
10239.322794
10205.706412
11696.351132
10847.608971
11467.885732
11668.325059
11196.478074
11573.504779
11665.339441
11611.914292
10724.512647
10841.483044
11063.608926
10712.633412
11201.023955
10474.953485
11350.368735
10496.780235
11240.635279
10362.111162
11229.770368
10399.250191
10729.527456
10700.348059
11185.071869
12020.630397
11241.950574
11052.178941
11323.581824
10710.088150
11155.061471
10773.583485
11223.254029
10014.457456
11427.825916
11142.180044
11008.426382
12032.339191
11327.067574
10222.112668
11436.956912
10681.394662
11322.083529
11524.881882
11249.622551
11357.012279
11238.006529
10756.428324
10838.219956
11530.199082
10184.997309
9957.926926
11102.175750
11414.670162
10791.650334
11260.548118
12302.482971
11470.910485
11257.098971
10976.597761
10575.758265
10128.625471
11277.477074
11418.829941
10934.983086
10895.215118
11196.174426
10839.914824
11088.124147
11452.302014
11265.869574
10900.612265
10403.312132
11581.149059
11173.384751
10952.341029
12234.514941
11084.119338
10639.421912
10945.146149
10273.856044
11353.109397
11193.580088
10384.604574
11851.126430
11427.345853
11175.897353
10253.150559
11031.750676
12207.363534
10433.136750
10766.244603
10978.305735
10949.656324
10959.164271
10647.973221
11783.923529
11020.791956
10629.111353
10847.001625
10822.709618
10253.024868
11355.626794
11252.374118
11036.275965
10681.176574
10721.453265
10554.648515
10759.662706
11129.059158
11265.990206
10647.657912
10653.228809
11189.914456
11018.317335
10832.646838
10286.981441
11234.390235
10584.999191
11640.396352
10364.021912
11375.612147
11913.219221
11145.456824
11056.871765
11269.716647
10349.383515
10815.225059
11071.038265
11250.251207
11498.897632
12180.178882
10615.395574
11288.112809
10819.102444
11693.079176
10300.939956
11244.673985
9826.160132
11539.311254
9990.261603
11672.427353
11396.971662
11143.539338
10437.222226
10480.386868
11416.516353
10310.301147
10840.436221
11910.756477
11007.989897
11052.544559
11049.012544
10472.196662
11090.169405
10598.602868
11121.274426
12293.533426
10011.665544
10698.287142
11049.935368
10478.636544
11033.052412
11510.137000
10588.772129
12045.226456
10779.692044
11509.550559
10681.809926
11133.346674
10373.878912
12329.404574
12085.620779
11444.407118
11139.079014
11483.323647
11155.858000
11109.912279
10596.053721
10233.509942
10868.561676
11197.615235
12163.688853
10631.035397
10075.740458
10762.911971
11193.904250
10348.684574
11109.830824
10111.260165
12126.832338
11037.126662
10997.574485
11300.136882
10805.182872
10899.401706
11385.401324
10915.149338
11180.615147
10758.723874
10964.490897
11441.652779
11386.600000
11439.794529
11054.149096
10740.627647
10060.331324
10660.700588
11387.521162
11503.975641
11753.921265
11575.562088
10754.064059
11401.598500
10411.600407
10742.577412
11763.292000
10831.389691
11341.650971
11161.806541
10917.628324
10945.283309
11033.314074
10456.634838
10360.680866
10744.334971
10791.857147
11741.587088
11244.408897
10396.917867
10453.809706
11264.887279
11410.472294
11587.802279
11355.549589
11135.026235
10777.198088
12378.210309
12095.106397
11244.536399
11306.164603
10503.955897
10868.747735
11544.494559
11629.857254
10084.587559
11458.515015
10976.871265
11094.530250
10725.719976
10787.842897
11707.220265
11106.092015
10755.402618
11258.591801
11184.813603
10969.275309
11086.854294
12064.283676
10478.652978
11007.361132
10851.184103
10808.304779
10475.686485
11929.764642
11156.667412
11236.633691
10568.424912
11469.252294
9996.745481
10521.883500
10693.601000
11273.623353
11172.924971
11393.808880
11376.089853
11234.269441
10967.437485
10448.454662
10517.899646
10150.340221
10574.580926
10802.135309
10768.735853
10335.796456
11360.878588
11049.052235
11167.759294
11030.411779
10872.095751
9759.238162
11141.140897
10233.379132
11177.127426
10756.608635
10806.369765
10933.524250
10487.867956
10600.396985
9845.512136
11562.295574
11415.414088
10031.095544
11428.930456
12395.627020
10923.785441
10923.599412
9999.778765
10774.415838
11184.317125
11121.540868
11810.706676
11480.852794
10854.114632
11978.191538
10757.312632
10506.147176
10898.029206
10776.034588
10693.083024
11425.994294
10295.822074
10925.585735
10526.125074
10864.758026
11745.883676
11279.947912
11524.463441
11748.352574
11611.734086
10646.496882
11782.523029
10942.289015
11231.680279
11286.952602
12166.356912
11330.594662
10286.859426
11386.565015
11331.102192
11626.299618
11697.725603
10991.482588
11439.805956
11528.502605
11301.458544
11162.882529
11236.414735
10658.122779
11002.501724
10454.198441
11334.090382
11550.139779
10372.471309
10475.365049
10995.488765
10696.349779
11242.980000
9925.670868
9973.150815
10744.424809
10830.203809
11221.647721
12175.869853
11068.448228
10840.051059
11443.266529
11129.521103
10442.138235
11001.709759
10842.743265
11434.034897
11322.499059
11620.681985
10793.928981
10260.790324
10605.476618
10767.213206
12393.064338
11226.468453
10830.560956
11167.883912
10632.168368
10410.487456
10986.498322
10283.071897
11215.035691
10568.901574
10978.330912
10854.883397
11222.623868
10345.595485
12216.197971
11312.430176
11035.763222
9565.392353
11843.184662
10715.410765
10382.999132
11098.734782
10418.539691
11153.406868
11690.394015
10872.505103
11293.201151
11845.004588
11452.329529
10587.377221
10789.682412
10252.151682
11659.340824
11720.366397
10772.879147
12317.723603
10795.051021
11143.444559
10834.458515
10006.882926
11397.960176
11890.062978
11647.881324
11251.352706
11089.719294
11209.029059
11121.877847
10647.874897
11918.688103
11747.973632
10860.037426
10700.035864
10500.660382
10734.564765
10349.295721
11828.513015
11019.520997
11122.112985
10445.078132
10382.920088
11250.946118
11918.409910
11551.551765
10757.097338
11519.396250
11184.804500
10784.816088
11386.345000
11050.523985
10090.644456
11206.831206
11003.203281
11604.626265
11204.074074
9998.128794
10947.208088
10939.662003
10310.254779
10655.064515
10647.280324
11461.791397
10840.888298
11385.278147
11038.159676
12256.936426
10541.334103
11908.227756
11300.156059
10996.633676
10973.654838
10609.856074
10702.619316
11699.497618
11484.266691
10799.044882
11145.025750
11479.327597
10031.997103
11821.273147
11132.281721
10494.272441
10956.963289
11125.589059
10270.665456
11379.905603
11599.624221
11811.888026
10655.244426
11554.704176
10465.246941
10721.454294
10806.628733
11219.942324
10623.287456
11030.708544
10504.603279
11400.334043
11267.349515
11446.191676
10608.170632
10885.949412
10699.039809
11325.251029
11546.128824
10840.135382
10567.280456
10085.156546
10264.264074
11149.551721
11136.640868
11067.372662
9919.722783
11883.512809
10446.557250
11574.962985
11443.681750
10970.437431
10554.135971
10610.779456
11470.983471
11456.199559
10485.567491
10805.278221
10873.365338
10600.694382
10925.184515
11000.609757
11026.135426
10974.578897
10959.109559
11412.815574
11059.689420
10870.081765
11025.927897
10868.334676
10327.712588
11084.847113
10906.306529
12333.532191
10872.515574
11014.482868
11035.115011
10439.997426
11500.778676
10878.287368
11786.223176
11243.070013
9883.132353
10620.332809
10435.388353
11209.390941
10695.533823
11928.559926
10211.091941
10241.725397
10513.500426
11534.063619
10774.168632
10248.790897
11349.993574
12850.441721
10965.217591
11486.742559
10428.147162
11333.328765
11395.466309
9708.927754
11305.041456
11150.080279
11601.576162
11157.723853
