6715.972721
5931.201985
7076.709721
6454.046853
6160.117981
6948.807618
6671.521956
6317.114382
6261.290132
6382.452953
6200.795912
6142.714088
6746.584147
6585.812765
6410.944072
6602.097147
6102.547441
6542.954279
6580.942735
6878.583279
6755.289706
6528.375838
6391.528088
6060.287118
6727.821604
6404.635897
6662.438926
6135.104044
5832.059426
6619.149370
6546.473838
6656.536853
6613.044000
7222.534956
6381.985548
6537.955779
6184.472309
6437.877897
6694.088824
6516.546137
6653.889279
6493.557000
6732.348985
6491.166941
6959.461565
6853.484000
6339.228118
6795.689559
6697.061000
5985.980052
6016.901235
6151.654559
6771.444765
6997.154897
6659.627715
6040.310382
6359.584324
6560.997853
6178.894662
6349.885084
6094.135397
6494.533588
6227.411735
6549.546015
6817.343350
6221.320956
6466.279471
6548.252235
6380.096618
6405.933322
6131.921412
6120.869441
6748.960206
6104.017882
6544.114706
6148.606779
5696.912044
5937.390750
6554.808750
6428.690560
6191.119515
6431.195338
6466.399765
6419.019882
6363.023017
6892.047324
6944.422706
6074.484382
6328.138824
6125.479651
6393.655441
6624.977603
5684.862971
6215.567647
7021.466285
6382.415279
6227.476779
6796.701147
6697.329794
5971.173051
6420.735971
6115.840176
6410.706897
6548.410471
7238.494758
6635.417059
6626.736294
6867.105103
6371.260618
6466.218774
6126.306912
6639.927676
7046.639809
6352.116044
6303.329158
5912.727294
5922.796956
6163.210809
5944.085044
6561.645307
6687.799838
7084.666824
5634.714000
6501.421368
7246.010793
6343.719706
6739.649971
6377.745779
6471.015618
6356.924148
6001.422721
6035.462426
6320.988662
6274.870368
6509.022090
6168.762853
6449.740162
6287.868382
6812.408485
5940.021121
6144.840059
6293.027044
6065.692397
6903.693912
6011.218710
5673.925868
6679.277471
6241.246926
6399.827000
5883.518682
6243.668441
6818.197162
6363.314603
6483.390000
6431.174184
7111.511074
6426.936088
6122.767794
6818.308809
6909.694141
6314.985485
6124.900853
6261.148485
6265.751706
6606.349245
6410.377471
6986.703029
6408.119294
5752.252397
6566.377938
6657.823221
6479.662250
6610.662191
6079.629088
6705.708469
6300.788926
5751.452324
6394.872926
6234.591794
6580.280676
6392.142044
6487.689853
6530.945941
6497.906147
6358.349824
6178.251809
7007.171221
5869.013676
6868.224706
6098.752458
7104.848456
5744.001338
6964.611794
7002.202529
6960.760754
6208.395132
6271.259588
6270.761368
6583.117765
6799.354667
6095.164824
5736.561368
6427.469868
6655.522632
6069.222168
5935.412191
5723.606368
6861.772456
6598.317162
6343.684934
6092.899294
6939.754235
6235.350574
6205.545250
6890.624318
5997.401662
5910.476485
6418.586471
6611.990485
7136.953069
6033.760485
5971.726426
5868.602397
6118.986088
7040.866262
6305.617735
5918.641750
6451.070765
6443.152441
6338.503910
5888.887088
6671.927603
6376.080206
6345.624132
6945.503324
6416.481353
6906.123265
6690.665676
6492.220662
6486.281634
7061.073485
6047.272779
7023.056779
6268.922912
6596.204618
6547.601959
6356.289853
6573.011147
6432.991412
6777.673691
6244.669592
5914.860000
6559.971015
6385.212529
5914.118441
6478.484476
6366.723279
6418.736912
6312.754500
6900.693147
6744.555713
6803.439044
6638.252191
6883.075074
6747.436294
6003.933361
6200.136412
6681.830676
6740.196809
6505.735853
6585.739392
6853.937456
6534.192574
6363.829721
6564.321662
6194.617967
6326.392956
6339.223382
6246.871235
6521.349956
6205.149454
6355.342985
6466.234559
6529.095191
6222.467765
6198.878087
6488.378515
6277.191162
6290.488191
6932.596162
6404.641530
6035.739750
6220.340985
6356.243221
6528.461294
6366.875781
6647.564382
6904.648853
6007.799868
6335.671088
6237.923606
6098.086103
6805.107397
6132.718941
6025.476015
5733.028637
6742.552015
6638.195618
6394.815294
6410.639147
6598.044227
6108.929426
6570.703412
5938.095162
6940.752221
5644.143551
6628.030147
6770.637235
5894.790765
6521.994735
6435.837038
6806.876926
6922.927985
6706.273971
6620.985500
6320.108922
6697.508824
5724.545853
6656.606529
6556.260926
6329.031909
6707.494706
6270.319382
6009.062162
6907.020500
6980.879998
6444.143074
6546.695529
5923.498132
6510.248794
6835.127955
7024.487529
5926.541324
6582.644985
6455.380265
6653.306780
6211.182147
6172.183868
6256.225015
5832.942529
6244.708973
6165.218265
5937.507926
6987.085029
6936.450412
5844.132312
6454.812485
6248.351044
6498.463721
6485.841397
6469.920064
6327.804250
6588.759603
6686.314632
6612.178309
6213.072639
6411.799926
6141.191118
6498.548324
5847.033235
6274.182346
6909.601000
6581.423029
6656.096441
6905.862779
6738.380450
5929.455765
6521.583118
6766.543897
6359.402603
6597.330584
6125.757897
6598.507765
6353.568206
6481.990544
6230.459953
6021.006132
6149.183485
6330.175059
6704.904559
7115.564396
6113.128765
6188.370868
6486.721897
6053.790985
6360.449000
6243.128956
6866.798206
6683.200132
6649.575485
6588.822472
6030.074779
6588.200103
5905.379059
5956.422985
5979.148370
6190.317721
6802.946162
6525.061485
6114.764397
6813.536401
6281.796735
6630.641412
6372.435074
6705.738706
6979.392608
6345.783029
6650.666853
6216.582662
6113.717515
6980.197095
6248.287397
6800.857853
6475.425735
6527.411882
6687.982582
6107.557868
6465.371176
6915.212206
6177.211015
6556.237921
6929.129750
6952.277324
6352.215426
5684.093206
6686.520349
6130.291926
6389.894559
6036.702632
6174.378515
6817.249512
6591.787397
6322.855809
6949.990779
6412.410559
5997.421528
6524.990647
6179.288632
6451.503000
6710.577338
5580.657692
6859.463059
6349.921676
5932.745353
6030.298279
6237.968443
6005.437588
6608.673426
6495.136221
6838.313456
6634.979547
6294.812368
6210.166853
6328.892897
7274.644279
5837.318725
6400.534809
6131.282397
6735.376809
6400.052103
6749.981594
5705.162500
6125.377559
6298.744176
6325.795118
5973.264404
6491.373162
6522.139956
6701.007382
6517.325074
5792.897303
6507.592426
6736.428971
6453.147985
6783.070588
6688.193378
6380.290044
6799.921191
7171.400544
6451.825382
6401.666967
6335.798618
6353.270044
6838.888588
6351.751985
6110.600248
6043.191956
6947.121471
6559.233676
6687.580485
6237.165411
6400.659338
5758.910735
6865.964221
6236.867353
5795.192957
6131.666765
6329.935897
6521.196206
6508.592338
6186.870296
6897.108029
6463.060676
5850.277956
6422.872206
6464.432210
6392.719294
6684.100765
6183.810147
5982.977250
6614.811093
6432.908191
6599.702426
6168.508853
6516.680750
6205.798815
6899.420971
6587.887412
6384.642397
5869.241691
6794.491978
6054.116221
6169.554426
6343.395618
7138.034074
6194.620744
6290.214294
6841.279368
6276.573735
6294.320750
5980.283437
6884.428721
6244.158074
6291.811309
6461.561926
6302.845115
6726.622706
6603.914956
6881.336426
6854.009662
6703.403910
7023.302221
6279.427368
6247.206574
6723.516368
6954.691294
6436.899412
6864.822368
6637.946838
6236.964603
6572.882045
6367.871132
6767.149044
6755.074103
6074.752309
7007.191120
6615.449971
6276.323515
6741.638176
6400.567074
6315.036313
5820.908603
6441.024838
6639.455368
6399.675529
6584.960535
6070.042103
6374.220735
6383.174000
6170.947456
6710.229198
6227.911603
6216.649294
6791.283985
6733.524485
6159.497479
6200.237603
6318.769588
6173.765397
5667.958824
6365.782686
6425.130132
6078.747338
6045.350162
6457.020544
6165.090467
6874.184971
6042.119029
6677.888265
5766.616279
6546.819218
6495.741471
6470.389824
6236.275118
6292.210338
6620.796661
6370.466853
6689.615897
6387.701529
6221.573088
6236.859706
6385.975191
6777.321559
6279.103338
6790.565618
5934.191002
6258.165059
6632.163500
6352.485603
6566.561235
6165.506121
6713.951956
6623.429118
5847.033426
5986.431647
6669.090813
6073.076118
6165.336912
6977.277559
6888.844471
6234.914624
6181.717926
6172.217412
6903.684206
6687.074956
6337.673301
6661.527103
6000.682603
6348.966000
6955.822103
6232.221038
6528.589426
6034.890765
6525.304000
6600.671088
6622.756922
6437.592029
5963.687824
6076.959029
6261.490662
6417.110688
6307.877309
6356.146015
6566.297882
6401.206809
6753.109042
6351.021691
6709.538691
6680.307176
6276.811132
6337.964602
6786.235324
6033.797397
6035.612456
6670.093015
6746.025957
6230.443368
6106.654853
6307.577735
6894.167735
6604.899546
6023.852868
6593.044162
6840.905838
6026.979647
6612.293974
7107.029368
6632.847647
6328.919397
6446.746103
6394.948167
6172.255324
6212.201824
6667.581412
6395.328956
6334.467168
5820.870044
6851.970044
6330.060632
6627.871574
6043.762846
6506.500279
6533.348338
6237.455676
6192.279250
6049.457583
6084.968662
6794.020235
6678.617956
6753.954721
6678.896584
6772.655971
6690.604338
6071.889324
6114.531250
6218.222674
6716.831912
6032.819662
6805.124029
6613.672368
6515.969557
6195.673088
6189.868265
6008.552353
6450.047794
6275.827676
6393.169618
7174.031426
6335.547941
6482.470824
6119.525340
6837.477853
6570.941985
6266.499397
6352.754397
6219.501415
6449.735721
6142.134059
6702.556426
6500.175603
6685.443578
6702.671382
6400.913176
6758.023265
6429.867176
6231.225432
6605.134662
6966.604412
6410.656750
6661.954588
6675.344242
6428.362500
6142.056162
6539.788588
6488.183103
6429.141582
6266.038735
6879.228544
6520.669941
6389.674691
6156.513804
6521.044971
6520.652132
6488.153897
6562.178515
6379.155673
6001.071647
5829.461324
6205.683279
6703.412059
6544.270659
6073.034309
6576.162926
6114.235853
6492.970941
6525.384999
6229.387544
6116.822412
6691.291794
6385.160456
6466.059280
6371.237588
6280.029676
6232.901603
6013.478206
6338.576017
6199.986691
6447.564471
5857.129500
6069.242647
6614.972224
6149.736971
6190.909441
6284.222088
7115.451794
6404.697019
6193.653574
6759.382324
6589.579971
6480.199735
6502.223256
6179.554132
6474.456338
6360.564441
6861.414088
5977.280816
6587.748794
6769.065794
6113.016368
7049.560882
6421.903479
6573.737338
7323.552941
6652.733456
6279.615265
6083.295025
5901.635971
6669.227706
6568.965397
6798.444809
5895.594879
6496.012750
6153.762000
6458.168765
6100.215882
6446.842689
6240.385309
6035.538603
6594.186309
6537.443456
6638.384338
6314.924912
5978.177765
6372.833074
6713.742691
6218.665177
6821.496838
6029.883221
6711.008044
6450.699412
7011.172649
6841.161574
6548.351691
5944.978985
6653.408250
5828.827665
5786.765309
6095.838750
6200.863221
5965.311382
6732.173652
6031.718500
6144.492309
6422.539368
6220.894853
6505.256992
6093.112147
6531.554456
6643.295706
6349.874618
6323.864302
6394.663309
6184.764765
5930.422456
6132.301162
6782.589950
6208.259838
6632.213176
6477.744912
6316.073794
7062.557878
6508.127618
6514.489250
6625.709765
6513.833162
6478.023909
6468.625059
6613.213353
6428.943088
6497.107088
6331.345175
6734.090882
6372.052632
6204.835544
5995.941853
6816.426721
6771.890044
6700.654735
6453.290088
6915.736515
6542.179266
6465.873235
6486.831000
6317.234912
5844.423176
6651.053562
6670.867015
6477.445588
7206.682191
6674.455750
6847.039592
7213.317824
6304.658765
6554.188588
6301.488603
5946.115800
6928.795279
6122.912426
6974.012456
6204.965191
6263.625139
6503.384735
6495.556868
6655.207971
6233.075029
6632.028832
5740.197471
7137.305735
6431.349191
6718.508971
6792.149745
6317.133897
6621.642691
6426.151294
6346.279044
6340.515688
6280.126456
6533.833162
5961.006368
6138.421353
6010.212336
6255.623824
6391.092721
6165.432941
6447.490235
6319.520661
6204.368544
6036.710059
6493.937500
6796.702544
5731.291500
6392.257265
6350.407044
6951.493191
6589.668529
6761.150781
6263.111912
6909.582691
6934.682750
6632.461382
6602.633194
6199.555485
5990.318029
6499.043279
6804.792794
5917.907578
5939.695941
6939.770309
6173.260441
6503.917103
5748.563241
7108.664294
6345.731853
6874.109250
6526.026412
6362.469610
6579.126485
6034.792471
6172.549059
6412.730426
6567.241935
6306.450103
6243.769279
6878.288279
6644.106574
6695.655598
6653.968309
6575.828956
6556.691912
6365.714691
6332.714011
6566.977471
6283.978765
6116.170353
6430.694985
5717.341381
6805.273515
6458.098088
6580.264882
6412.124971
7006.605470
6436.144676
6565.195691
6464.417221
6359.260691
5886.672663
6332.515368
5974.307750
5971.881500
6649.716735
5790.958326
6477.260426
6011.473544
5723.825897
6368.427485
5871.593283
6060.323897
7282.754235
6555.757353
6428.683956
