567.038059
546.458441
563.633250
577.073838
511.073981
539.456265
531.420603
549.851206
587.970044
498.332203
530.238176
566.038618
556.922647
548.335441
474.887836
564.787809
572.968838
556.056794
562.696868
505.110750
530.190029
565.003426
551.162897
516.493397
508.828045
529.874912
523.544662
535.453353
589.221118
499.255885
541.392309
522.402309
552.061544
525.829279
473.160165
568.665824
541.654853
537.857721
549.966559
504.510505
587.329765
556.786765
540.905147
560.469779
507.125139
545.001191
560.372088
491.349221
572.528353
489.232817
523.062221
570.307691
579.706706
551.393000
532.870642
562.871691
572.085794
547.465691
563.360971
477.372908
527.112221
532.761603
534.969118
515.257338
472.079997
525.522397
555.060368
582.334662
543.348779
499.318646
536.636794
547.136559
568.089588
555.569618
497.727971
541.986941
551.487426
497.811721
530.664353
535.546075
528.318544
563.923118
534.451926
529.159338
508.513282
559.713706
522.008118
549.517779
549.364441
538.373151
538.362706
567.926897
571.275985
567.508456
510.649064
547.556471
537.383912
545.718118
560.352426
505.022919
561.290015
533.975662
539.480368
559.504809
473.555508
570.837471
524.302926
591.371368
547.152956
500.653024
516.698529
587.547500
551.810191
499.557103
498.926188
530.033706
536.637147
517.028412
562.183588
500.445483
578.209618
539.227706
566.960985
532.714221
544.105367
577.063059
542.957294
525.345456
536.577868
502.798559
558.269574
583.459265
528.466721
581.611471
493.998708
558.381618
544.459765
528.725941
537.959250
529.162547
561.101515
528.992779
540.150941
554.905574
494.155240
562.781691
531.844721
556.755971
577.609294
438.516050
569.143941
514.852647
519.767574
562.822441
512.068949
548.742618
580.512912
545.908721
547.826426
513.854318
556.766544
510.501368
529.416397
538.965897
522.242348
577.779485
542.181250
543.952368
560.110853
495.012570
563.951588
540.567368
542.220279
536.699118
525.832189
566.935676
577.900191
517.466779
529.204088
485.351176
546.907044
539.118029
557.349147
540.061956
484.639927
559.145515
546.725000
528.711721
539.519250
478.446826
562.705250
540.163676
561.443485
561.657706
540.358724
505.650588
554.525691
579.823941
532.872897
472.295314
577.981794
556.712059
536.125471
584.118412
538.631595
555.892471
538.589559
554.385382
595.307382
475.884464
514.999397
546.217574
572.268632
535.358882
484.767730
524.758294
558.175309
571.130853
560.852426
501.454643
581.453941
513.590294
569.154029
510.268309
486.949630
577.428265
565.309765
533.262912
530.926324
495.075852
564.589485
547.309221
555.069456
519.392838
504.086529
517.310044
566.580603
585.206485
530.594191
519.673369
567.732868
544.875912
583.428765
591.195574
546.547618
488.259106
581.361162
532.609397
532.118015
579.986029
507.768622
531.842779
515.142294
553.713662
565.036603
475.950667
573.975456
557.644809
518.828721
540.302765
489.408007
566.588750
512.616735
540.485147
547.816397
464.621626
569.200618
559.710735
545.909853
550.539456
531.677377
563.831500
575.235750
550.738779
534.184544
483.611776
519.192029
550.153926
522.637588
543.035515
482.127189
568.123485
540.397309
600.994088
539.833750
495.631073
555.609809
543.296897
522.574162
609.278132
520.912692
557.271779
542.285176
503.391794
515.668662
490.649708
520.271147
528.478191
521.947309
564.272971
490.130871
488.807500
546.320588
562.311338
581.533838
510.978475
518.793853
541.090324
552.818765
541.929412
473.541094
531.072191
598.838544
531.261088
523.546574
531.177140
555.612618
541.484309
564.956426
557.545324
499.827479
596.857647
593.985706
567.278765
543.831059
501.260407
536.417368
575.479794
532.368353
567.434162
493.348585
569.571382
553.254338
539.644279
509.450794
504.842072
587.445868
553.646721
542.610250
536.232191
508.946808
537.477809
556.687735
545.367809
595.679559
518.224413
553.784471
569.627147
579.769103
530.017838
489.779238
567.926353
511.476971
572.830882
540.971544
551.944739
530.462088
540.547206
539.101074
577.635559
498.760637
524.941059
550.988956
567.800324
547.050309
500.783448
540.870412
554.220706
575.982191
571.059853
515.089552
586.938368
586.105206
577.375044
529.181176
469.035524
509.453485
555.278882
537.634603
534.268912
504.497452
559.383868
553.909368
556.789221
558.532191
486.947497
572.892794
509.914441
568.667706
549.137353
504.363190
533.615691
576.818676
535.135235
520.452500
534.452176
547.635853
533.365971
514.444279
562.149824
529.066840
554.775382
537.559735
547.558059
561.729662
486.716150
602.105956
529.281926
540.180735
566.820206
505.248592
516.484912
569.106515
528.849662
548.960015
537.667285
532.348412
512.583765
559.345088
539.721103
522.300919
589.878618
537.507809
535.712029
557.795221
537.649861
558.296809
564.754015
582.531956
574.152294
496.724186
523.796441
577.355044
539.339015
560.287029
514.406335
556.027926
531.362662
556.060368
517.080206
531.366630
586.250544
540.184868
523.950662
574.936721
542.548337
501.631500
545.223000
560.141279
568.645515
471.556162
542.625882
581.853838
543.537353
543.950471
492.928164
554.558206
581.505897
561.567103
546.290750
501.875224
540.009691
572.686250
554.799441
485.533441
502.901019
552.987412
577.256368
538.790015
508.452074
526.644447
558.647824
536.485162
542.085279
559.798912
481.012007
553.736162
549.118838
542.803353
517.587103
526.401670
565.228574
542.799382
564.435456
516.021794
489.881157
553.686912
555.963324
525.483618
576.602088
497.321761
530.328471
555.987235
525.844250
553.674191
480.792601
571.332426
532.970456
562.518779
532.330647
497.351661
544.169294
513.234985
555.191868
545.730882
505.295560
553.194074
534.504662
503.615015
549.739324
558.900120
585.287544
543.914632
544.959162
559.336000
529.428004
575.840721
587.796000
591.217765
540.642985
505.319623
531.654882
523.682824
582.397412
527.645206
507.771874
550.652618
616.152147
550.588500
547.700103
493.357199
545.554824
545.961176
528.837824
557.552015
513.489950
567.110235
560.277412
503.238118
528.891956
538.532864
582.896147
542.163926
517.779838
548.928176
501.464115
551.975176
520.196824
540.172074
527.735912
485.883675
596.364515
549.194794
545.608559
525.768985
505.742926
561.381235
568.781015
550.955412
558.105412
503.899281
566.634456
607.215382
554.349118
563.179662
471.156738
514.612647
542.865868
536.202721
502.140353
517.995960
520.540544
573.138529
542.486000
535.946824
491.370329
524.212206
535.411309
545.627765
551.145485
490.403286
521.978882
530.559779
591.406588
512.666721
469.812067
532.699662
570.769603
557.751882
560.143294
485.459627
538.536500
546.602779
594.156632
517.204029
476.249835
565.926868
561.598515
562.050824
558.358647
479.618292
537.311176
538.664956
564.685500
535.794309
517.686470
545.748382
537.725162
530.179353
579.577279
486.505780
562.131338
535.769956
525.943000
564.034912
477.321355
574.842809
562.239103
559.696926
566.255529
503.176739
544.370985
587.073029
558.982162
533.187926
491.861152
531.415662
538.524618
553.182574
553.498279
501.469124
541.200603
554.461691
535.331662
515.208176
469.081199
532.565853
516.246441
559.230029
558.950412
498.401053
524.474515
540.838265
556.414662
583.533279
470.035378
515.670456
524.895912
548.082294
545.886485
500.591453
517.118706
575.181426
511.165088
533.175868
500.081704
582.047279
542.779515
543.450824
562.063191
529.485661
544.538529
563.314059
547.258324
550.667059
512.361266
571.027471
598.678426
551.503647
554.868750
550.296708
561.293397
541.189221
575.391353
538.338235
491.993915
541.743574
536.375853
553.961426
518.905985
511.292858
544.146662
561.668191
548.529382
545.673397
516.733801
580.035397
531.252294
544.890441
530.714368
479.710567
574.307118
550.801985
541.456412
552.113941
496.420112
544.910632
516.860044
574.072809
572.201559
499.117731
546.431500
523.719750
540.703162
496.159103
521.560615
550.427706
518.441206
533.298706
536.503235
494.898896
578.049735
527.732191
539.266191
566.974618
518.773353
528.713750
525.772426
570.603250
535.966912
495.700898
549.661868
574.007132
554.951500
540.998868
493.305797
557.327647
541.864912
582.952985
565.953309
514.590519
544.404426
535.561412
532.099926
557.652338
494.192770
539.224309
542.841500
559.934324
542.214059
514.407772
551.571912
591.178971
566.018015
557.736132
510.809420
540.808088
517.347971
541.949176
615.607809
531.999289
488.642044
549.162088
569.227368
586.915912
505.627276
547.532838
567.807353
559.905588
510.682265
479.401380
552.261294
553.310309
537.019015
557.619221
486.177293
534.898691
544.430515
559.269206
549.931485
491.085633
514.027309
591.577779
516.268426
516.206191
485.142914
563.583721
527.345956
579.925412
547.424956
499.959827
537.877529
563.133162
541.771132
548.507588
527.394872
525.841279
515.240368
586.500574
540.385971
502.658727
548.638265
566.705029
550.767235
537.719647
498.144037
578.813015
548.318588
509.109118
567.800412
462.619641
562.295588
527.715794
520.153485
550.025721
488.806201
496.832618
548.629029
549.098941
526.585132
530.538894
505.166368
585.942176
545.069750
538.396191
528.638851
565.235926
556.910809
545.764926
548.615662
466.544426
534.518912
573.188676
549.567824
512.943176
507.072177
549.418544
485.473118
555.531603
551.245632
523.562929
579.656618
533.267662
536.621632
536.258221
516.987004
574.511574
528.651691
561.906574
549.000412
532.416034
576.782779
536.440809
523.553721
522.403941
497.131639
581.977000
544.131324
546.891456
554.855882
505.837905
513.646250
577.682118
555.026338
560.119147
512.240274
518.902206
497.970044
549.087706
570.248618
483.877834
552.915191
544.257088
525.585603
546.432926
477.985306
588.458985
579.357735
541.563588
515.588147
484.451410
528.602529
544.998059
547.715956
542.798706
539.480015
556.105603
545.135632
522.513309
562.033721
480.653384
562.308926
546.334632
573.597603
520.431118
508.112356
511.810279
563.767868
552.868941
531.209176
507.613298
510.740882
573.163897
554.339044
546.719794
478.868814
544.586250
553.122426
533.545324
529.795603
496.077830
546.430809
576.841382
551.178809
552.503765
469.334817
561.596618
579.404853
532.765000
576.967824
517.884348
584.524853
576.841588
556.383441
540.640897
488.198879
544.144897
541.167059
568.086206
542.662721
485.688248
560.476191
533.082603
544.549868
498.280838
493.589278
549.616721
542.959176
511.492588
515.241647
498.775103
603.998971
547.961662
544.865868
571.191647
511.506958
562.185971
557.980574
527.893779
576.702353
498.569871
538.603676
554.292515
539.406118
566.416015
496.252813
493.255529
534.066176
567.735382
501.976706
487.986697
538.902559
556.589147
559.054838
581.820279
512.445699
529.233941
527.307176
539.940206
539.045206
548.011509
515.522721
513.665779
546.183324
538.577324
479.751069
542.781897
582.967103
540.304074
528.084382
482.228600
531.937691
554.826103
587.606353
541.405544
538.052954
552.074721
565.229176
557.437147
544.659353
515.057573
543.589412
569.175015
539.280809
551.204721
478.496413
553.534779
538.435618
541.474029
549.479750
511.738488
542.643309
561.299059
551.057221
513.602044
483.877121
555.150779
524.216191
553.058779
579.870206
