1409.480721
1398.938853
1303.490882
1326.761647
1288.457790
1455.836824
1386.810735
1375.394309
1353.007809
1428.235953
1374.878397
1414.589088
1423.472809
1416.618926
1385.300542
1378.120471
1451.504221
1360.917088
1315.331147
1230.129250
1408.460971
1402.018515
1364.636162
1432.945574
1327.146633
1296.319074
1492.837882
1481.056868
1420.098338
1320.519002
1292.585368
1419.574956
1313.858515
1318.810691
1311.201048
1339.216221
1437.683750
1378.309279
1427.942162
1409.064932
1447.197603
1340.423426
1478.328912
1419.630588
1359.451771
1379.659941
1387.983912
1335.352500
1459.779647
1395.110905
1254.543088
1418.852897
1317.081956
1314.368912
1337.316421
1381.022044
1374.980985
1387.863824
1422.672735
1283.196775
1467.301412
1414.458559
1408.039706
1259.874338
1271.724674
1405.972309
1366.186956
1389.788618
1297.742500
1387.168896
1488.488088
1389.073485
1362.737926
1404.006088
1325.430838
1303.256750
1453.753559
1195.913147
1389.837206
1388.731354
1327.328926
1517.360456
1452.923000
1397.646294
1374.340738
1388.083529
1332.289029
1311.596176
1410.249294
1291.471181
1490.281162
1377.969176
1308.533559
1411.937897
1270.094623
1420.370676
1479.278853
1297.968456
1332.094221
1321.905154
1458.445397
1370.121162
1449.569353
1362.046397
1236.537038
1421.171721
1465.872221
1369.873206
1393.554559
1276.106289
1466.054574
1399.589515
1422.803941
1488.344426
1379.765526
1430.104735
1470.141338
1400.950485
1398.489809
1362.227409
1502.637882
1380.019574
1461.643353
1345.978074
1320.838720
1518.450765
1376.022735
1416.965765
1341.345941
1300.093956
1366.872956
1420.513265
1367.244235
1417.986765
1329.606796
1412.568176
1394.444324
1441.324191
1464.050794
1323.602783
1313.769353
1420.991309
1403.524985
1346.550191
1402.433563
1391.127735
1429.530147
1333.958221
1357.093706
1300.946815
1301.059191
1332.862632
1387.538103
1445.926912
1349.294301
1504.035235
1379.288838
1432.709647
1464.028809
1423.217626
1417.374456
1436.937809
1363.444838
1431.683426
1399.132216
1441.531750
1401.704853
1411.017044
1321.139250
1409.691776
1350.521147
1398.653985
1302.339294
1219.663956
1296.364278
1391.579132
1439.951618
1342.083912
1430.962074
1322.145558
1533.326721
1441.052059
1360.713015
1406.040338
1276.073266
1399.929676
1509.519279
1439.585544
1282.975897
1244.466135
1531.597676
1349.087971
1381.147353
1528.581765
1327.107945
1381.881765
1393.557074
1354.354162
1387.206382
1328.503843
1384.090206
1331.796691
1381.524338
1389.170000
1408.530992
1445.459647
1337.432029
1344.671750
1349.721794
1209.945361
1470.941809
1385.036279
1345.784926
1398.060941
1262.675906
1395.090382
1376.123824
1393.894397
1429.162838
1205.230805
1294.765706
1360.189309
1344.778206
1244.130779
1212.174321
1462.301235
1344.625279
1452.271324
1355.796971
1479.951322
1443.595779
1428.270794
1346.781721
1515.241706
1286.748279
1500.329706
1385.342029
1367.471382
1323.948529
1352.257987
1416.304294
1384.669794
1360.600735
1349.459412
1326.214000
1451.532488
1370.042750
1480.785750
1399.764632
1333.747176
1400.823034
1360.150838
1584.535603
1332.566029
1513.346250
1214.613917
1341.096088
1361.235735
1338.710309
1469.029912
1286.738183
1431.323015
1384.546118
1500.992544
1398.237897
1419.531552
1354.721838
1420.769721
1428.298956
1307.447456
1340.456157
1443.449721
1316.453059
1448.571691
1540.384471
1346.365349
1385.048397
1324.450735
1379.147515
1446.492441
1334.960983
1337.671147
1344.289838
1358.453397
1335.868191
1234.589720
1392.102721
1444.076779
1321.881794
1441.843397
1309.733412
1394.029500
1348.393662
1339.466838
1429.873206
1263.599664
1415.754559
1525.075706
1389.554500
1256.987559
1395.432371
1468.521941
1312.095941
1390.270353
1347.373765
1330.472710
1546.311603
1483.819735
1387.911853
1282.560471
1347.733109
1379.300882
1367.854441
1384.365441
1371.367809
1366.054949
1436.000721
1456.674912
1393.240838
1335.734912
1316.535788
1337.698824
1464.665750
1411.204882
1371.450544
1282.764216
1391.624000
1330.111647
1417.603265
1399.711544
1392.136100
1449.974015
1336.223662
1340.851103
1390.098632
1364.234807
1437.018294
1335.918691
1383.767485
1282.622632
1421.439750
1299.370779
1352.567882
1371.147118
1422.844015
1341.542060
1454.791176
1412.537574
1412.206162
1426.030074
1248.751502
1407.323882
1413.503750
1510.506926
1378.044985
1373.105548
1366.686868
1340.641191
1326.229132
1469.531529
1293.746549
1365.904221
1339.877544
1389.563044
1544.511574
1385.882948
1341.792118
1444.468897
1472.439250
1423.683912
1262.130831
1348.646368
1454.122338
1396.595794
1419.119632
1419.230553
1335.690632
1244.317618
1390.001662
1410.483706
1372.470408
1468.452059
1465.905118
1380.935647
1438.970750
1232.461688
1335.327750
1410.860618
1349.108794
1456.556662
1335.625087
1481.659632
1325.083074
1436.894132
1407.926529
1399.893868
1324.529529
1503.307250
1385.621368
1383.518824
1313.096737
1422.595529
1300.721426
1446.967132
1453.005397
1343.894165
1372.545588
1249.461338
1441.950882
1415.675618
1354.246357
1354.029618
1374.460471
1412.541853
1491.657412
1331.337241
1352.055956
1428.059176
1346.993382
1359.744279
1432.045948
1415.356265
1474.217971
1400.551235
1281.517515
1350.821611
1361.573971
1268.556426
1370.407603
1491.939985
1385.176848
1346.531706
1339.023044
1331.935412
1403.988029
1391.574173
1361.119941
1366.110882
1224.873618
1348.133353
1348.372307
1385.046632
1392.093897
1375.586206
1343.151309
1456.616573
1296.686485
1287.952588
1492.678088
1414.453941
1335.196795
1391.707676
1375.269088
1253.112985
1378.284500
1304.507046
1384.005059
1494.467574
1450.178441
1371.686882
1310.464341
1424.239162
1435.550338
1353.716985
1414.073632
1481.810019
1316.289176
1438.035103
1383.949691
1399.407588
1370.413256
1442.052750
1418.893397
1404.931618
1360.389794
1316.764169
1388.843691
1360.490676
1329.463926
1353.462471
1266.093185
1400.372824
1438.582441
1452.818044
1467.191603
1292.341084
1369.478088
1408.745279
1352.244529
1486.496985
1358.872320
1312.273985
1391.077912
1453.366397
1430.565265
1339.802748
1411.560029
1368.732309
1412.431029
1403.226574
1242.410088
1356.544074
1398.452485
1403.457221
1374.409868
1327.365766
1483.458353
1472.847176
1320.273647
1338.204162
1285.446517
1310.246426
1381.294294
1370.558279
1335.159132
1290.423945
1349.451515
1445.671618
1382.700647
1409.439794
1413.890549
1310.388015
1342.107735
1442.933103
1392.457324
1245.694492
1341.982294
1405.918279
1353.445471
1301.524735
1300.845493
1378.163000
1471.907176
1354.142691
1363.342706
1321.583980
1383.469206
1350.149721
1339.437574
1447.992176
1456.261731
1330.643059
1482.593750
1300.060044
1422.939044
1299.105894
1407.840765
1244.459838
1415.791044
1370.826588
1465.807087
1379.792191
1303.765294
1305.381941
1352.219779
1406.201471
1403.229721
1535.560059
1265.596912
1487.930279
1236.356722
1335.899809
1358.706456
1426.437809
1452.693044
1317.342341
1366.894588
1358.351809
1328.551015
1406.126603
1247.580857
1410.808368
1442.373103
1393.275103
1435.643588
1323.713329
1488.240353
1472.806632
1436.591824
1453.234103
1352.687419
1466.338088
1365.315103
1508.579250
1378.935838
1315.846067
1481.361441
1444.262926
1413.987088
1340.060882
1310.965598
1494.682206
1267.358426
1416.040897
1243.954750
1301.313938
1351.507897
1329.462632
1495.047765
1319.333971
1332.591498
1316.773103
1304.901118
1319.049824
1401.190529
1357.724249
1434.123441
1414.334294
1401.237250
1384.213250
1353.481736
1411.086471
1318.756735
1385.007691
1318.553618
1365.587384
1386.165412
1345.641088
1387.301191
1349.658853
1294.788136
1435.881368
1364.335338
1367.265971
1449.944956
1415.580372
1246.335721
1312.393485
1339.444529
1461.307588
1336.130124
1322.697588
1371.028221
1435.008265
1331.672368
1285.386831
1427.895353
1524.954162
1440.366971
1359.834353
1365.046082
1337.187574
1447.992971
1319.580221
1380.686103
1384.596731
1409.634676
1319.708309
1427.924838
1376.892015
1368.990791
1403.925309
1394.919176
1404.779074
1342.651044
1274.779307
1457.581779
1235.307206
1437.779118
1378.337882
1403.728735
1354.617603
1441.320868
1386.192735
1444.906471
1339.084045
1295.526868
1338.331324
1337.883941
1419.699294
1401.256855
1261.451279
1296.620779
1456.424029
1469.079353
1339.447504
1376.224485
1414.502176
1444.084000
1269.267632
1299.498917
1334.742176
1376.214324
1314.217235
1408.892721
1402.310830
1275.933147
1463.855000
1351.651382
1297.893588
1307.448773
1242.798559
1504.204250
1316.417191
1352.606529
1371.252539
1355.267897
1360.951868
1422.196500
1503.461985
1367.943172
1252.809544
1354.907015
1378.064397
1409.947706
1415.426130
1312.208353
1390.645235
1387.521632
1274.164985
1392.106705
1329.615882
1386.479676
1320.541382
1379.013662
1385.166412
1389.211735
1437.492471
1268.703544
1312.300971
1375.998634
1318.380676
1291.754353
1338.427485
1343.183750
1368.108841
1305.724426
1454.875353
1393.528853
1333.210279
1215.074784
1229.446574
1304.509941
1461.301000
1423.415059
1345.631961
1429.407176
1418.732853
1339.459882
1297.879735
1329.665272
1360.227250
1426.344118
1397.277647
1391.782088
1389.852038
1336.040882
1448.096441
1344.578691
1277.760118
1410.039848
1380.401294
1395.717015
1249.651765
1393.242632
1289.954820
1505.607029
1259.193971
1469.598118
1405.181044
1266.329836
1344.365324
1422.996088
1397.826735
1334.302632
1378.822778
1354.375456
1416.025912
1357.941250
1329.576824
1284.352500
1483.204279
1377.015588
1378.081309
1426.585074
1358.983590
1372.359676
1338.911471
1420.108206
1454.268574
1377.770400
1391.108324
1328.452029
1399.781559
1473.505265
1405.772063
1334.314882
1461.592926
1411.585824
1360.449735
1342.557580
1366.756676
1377.499971
1424.114162
1456.683265
1278.233081
1405.445779
1371.461353
1322.040324
1409.870309
1413.628803
1385.165676
1436.711706
1409.821412
1452.852044
1328.017128
1384.328515
1341.026103
1534.152000
1421.246353
1424.755056
1387.144500
1374.566676
1388.144926
1426.436706
1387.795807
1384.789015
1435.546397
1450.579574
1458.743103
1342.121558
1350.023426
1528.408294
1407.681250
1339.436956
1225.963398
1371.818779
1303.671926
1407.912265
1444.783235
1364.785002
1441.828132
1441.154662
1329.145632
1336.875324
1295.813092
1357.195441
1380.727632
1422.463485
1393.221456
1343.849343
1404.092500
1322.726279
1378.621662
1436.155926
1288.088345
1359.567206
1385.641074
1398.359618
1444.278074
1338.426787
1423.973838
1462.812985
1449.405162
1437.729397
1412.570186
1279.590206
1457.408529
1416.089309
1408.547000
1373.951216
1431.433235
1422.933368
1390.372029
1321.670206
1302.795380
1329.674059
1301.688882
1341.482324
1302.395103
1320.248440
1491.192853
1281.125618
1409.678603
1410.765485
1384.163132
1375.745147
1278.602750
1376.208647
1388.947309
1319.747295
1381.273368
1341.837368
1402.477353
1399.550559
1401.259062
1408.128412
1341.947456
1392.858559
1389.751544
1327.284857
1488.709324
1421.940971
1442.507265
1427.848838
1336.429535
1617.496118
1298.951735
1387.912309
1400.814147
1286.045051
1275.058794
1408.561368
1379.233971
1281.412103
1390.874758
1314.456824
1392.995000
1382.173515
1305.260529
1301.594671
1344.478809
1401.476176
1434.147971
1338.224559
1408.316732
1353.990544
1355.799926
1410.778559
1383.401853
1288.594586
1401.565206
1450.947603
1393.987235
1469.421603
1443.104881
1353.904162
1292.393397
1452.321574
1415.585544
1207.321559
1316.409309
1490.730029
1353.125721
1429.706044
1341.077855
1296.332926
1499.830956
1420.955324
1375.801044
1265.218621
1453.187765
1323.679691
1440.122412
1404.262809
1297.468475
1345.452603
1382.820426
1447.947456
1392.160162
1286.957080
1408.817897
1446.963676
1260.119632
1308.430103
1352.132493
1465.835426
1274.859191
1384.360103
1384.074162
1322.025288
1324.188397
1349.206176
1412.734956
1361.195368
1301.630451
1434.307691
1410.535044
1300.411294
1383.470162
1262.853688
1365.238426
1452.451721
1337.049132
1414.734206
1344.200013
1348.903809
1338.267779
1405.109235
1365.979059
1371.495779
1369.564868
1348.412529
1394.777559
1356.773853
1299.089530
1392.587132
1327.009941
1419.439309
1493.149926
1355.030811
1492.918162
1453.297603
1414.281000
1364.825309
1384.823724
1471.427074
1531.272118
1392.606956
1376.728765
