26400.534074
28477.992750
29619.737397
27533.913515
29768.597804
27538.460500
26560.410765
28733.067868
27607.881485
27118.058688
28577.007956
29437.187397
27837.789779
29689.926500
28591.743954
28245.197015
28938.990176
30635.935206
30339.146853
27722.565191
27402.599397
28486.905956
27469.511132
27445.973544
26300.086413
27337.658985
28830.476265
26691.217882
26193.808897
27980.664826
27130.860750
30658.597662
29659.425706
29386.002882
29766.754857
27349.802603
28360.660029
32157.169926
28741.072574
26766.458417
28075.135044
27332.012353
29510.124603
28847.169441
29146.632183
29404.419838
26754.695559
28299.974118
26034.227338
29913.373861
27090.014132
29317.200676
27632.081529
31558.808794
27822.472965
25948.385676
29860.846779
27225.708382
27606.097088
27388.008364
26233.315515
27442.468382
27907.337926
26892.852000
28457.092483
29496.384176
27894.593250
29398.596471
29250.191897
27719.059131
27613.355779
27459.394794
27490.536338
28905.313015
28215.015735
27891.490750
26303.810618
29821.430088
29076.534176
28698.638340
29714.949382
27694.735029
27199.041235
29334.003897
29695.748047
30333.200426
28605.644809
27673.460191
30779.055235
30728.987931
28375.873926
30937.949088
26091.730103
26431.413515
26731.808373
29223.132044
28859.090912
29205.969426
27688.633118
30348.965066
27814.009368
27508.490368
26972.679471
29335.577294
29294.830258
27006.262912
30128.479765
30583.062897
28076.394235
30324.912451
30042.314662
31008.023868
27807.976721
28070.177956
26046.476070
27253.399618
30459.170897
28783.430265
26883.464647
28300.440865
29309.563118
31094.857088
26417.765647
27700.738132
30287.323131
27559.936265
27188.540632
29717.361603
28893.751500
25399.906839
28198.615412
30052.158118
27955.011147
29538.468309
26787.365311
28615.830618
27578.051088
26548.550529
31129.392515
29631.066224
27438.002456
28829.128882
27248.464971
28741.896000
26214.716858
26441.007206
25361.097574
29757.119485
30725.145368
28838.496580
27894.148500
27679.073588
27889.200074
26265.997265
28385.532066
29392.198691
27230.058559
27039.085750
25256.638838
28255.988641
30824.092015
26622.141103
30053.619221
28702.697676
28280.760745
29908.424279
29377.337765
28539.603588
27289.385632
25119.110982
29024.767618
26351.228985
28158.058074
27374.482706
29145.682425
29970.360809
27457.417794
28396.219029
27715.716544
26849.582382
27260.156647
27145.373912
26856.841912
27848.511074
26047.411442
28971.343588
26948.804265
28762.666456
29330.607721
26492.060841
29618.519103
28237.705074
30103.182397
27413.244588
28271.805621
29376.194309
26649.028853
28918.482706
26805.923735
29824.518932
29495.292221
29795.993221
27031.984324
30108.033162
27071.219345
29173.633103
26888.177941
27313.315382
30669.068265
29147.422375
30264.611426
28660.295265
26512.885588
28984.099059
28215.382789
27693.181265
28357.423132
27479.966426
29792.455324
28603.685025
26391.889147
26967.770176
27594.211456
27779.030426
28851.792483
27774.088044
28239.910588
27904.632118
26354.759794
28291.276543
28622.412662
28011.557985
28150.120574
26501.465294
27180.242941
27834.987412
27748.561559
26001.714676
27785.031838
31671.568737
28513.824426
30464.666618
27201.327941
29259.452574
26767.401426
28689.476003
32143.729544
28442.912015
28854.384838
28687.523338
27342.152901
26718.715309
25909.743294
28776.652721
27702.427868
27954.316094
28320.481456
28340.984676
27550.575426
30607.722515
28696.827125
29860.379368
28292.992132
28420.256824
30615.510632
26128.298538
28113.867588
30728.421544
27453.974412
29731.696235
26189.735892
27866.320353
27934.590662
30378.171838
29081.493118
28340.144349
27130.389294
29896.753147
28351.976618
29982.133838
25733.882292
28750.750000
27766.009044
27585.502559
28850.114456
29713.279734
29560.955926
27278.768221
29193.622309
26743.189059
25967.173942
25766.846412
28436.577382
26488.208162
29192.066721
26193.550825
25890.118618
27912.619456
29682.352485
27046.649309
28152.041018
28882.166647
29202.834338
30960.908809
27017.750765
31159.310799
30127.514176
29439.014956
29726.644544
30413.759779
27174.119977
31085.445088
25898.724500
28374.455338
27155.617294
27181.340978
27398.467382
27944.364779
28950.602471
28941.625250
27465.961773
27955.606456
29016.441118
28086.248471
29526.274059
29493.192231
27441.109838
26582.259368
25749.808721
29137.137500
26463.175850
31289.802382
29574.291853
26616.570162
29565.191750
27278.314954
27903.437221
28215.858971
26856.878132
26918.971515
27609.013720
28907.471882
28596.483441
30268.843632
30541.199338
29544.998177
30937.104559
25878.618471
28725.298162
26762.213338
24827.872032
29340.778000
25324.413676
28745.463529
25195.599912
30307.817136
27343.445309
26473.200382
28645.587662
29690.276706
27593.106564
28825.165750
30783.899971
27707.408059
29603.999250
27005.496668
27645.652941
26396.984956
29348.459324
29505.195868
28337.594023
28612.171824
28777.168324
26611.205794
28373.109088
28719.267597
27502.626324
31035.489794
29169.591441
25238.822118
30078.243775
26316.206471
28115.775265
30383.957515
28341.451353
25693.692806
29798.118662
28254.463882
28200.570132
30238.763721
29430.423763
27175.861691
28466.131897
28171.226750
24949.602044
27669.172779
26339.802971
29014.037544
31396.574515
27670.419221
28459.612987
31133.290338
28137.262294
29673.287779
28767.733029
29628.457282
26410.235971
27259.535794
29071.152206
28175.044662
27473.956225
30238.262706
27747.783221
27834.483029
28296.756162
27026.485064
29606.856794
29503.622147
27573.675044
30206.599706
29259.918566
29156.434000
29127.907985
28085.271691
29922.200279
30317.319111
28244.085103
28713.586368
29800.832779
28239.556368
29433.278995
30697.175588
26026.494250
27841.830853
25243.108118
29586.867555
27783.294647
27806.647029
28549.535779
28525.741162
29609.059895
29377.434309
28901.407574
29121.437176
28850.740279
27312.689102
27252.576662
26594.791441
28552.418662
25805.030029
26252.234353
30001.660529
27374.412382
30255.267912
26984.150500
31255.024517
27045.801206
28317.537779
27338.383809
27805.638044
29873.196547
27274.658868
28592.469750
30331.786588
28737.185529
26225.968828
29749.820985
28149.144721
28222.139221
28749.579294
27989.774227
27686.910691
26718.191088
29431.251765
29200.582426
27957.478757
30989.751015
28376.923279
28483.371191
27458.856265
28188.189685
29788.089897
27404.208074
28904.036824
29245.730294
28910.804613
27737.464853
29155.187368
28969.624265
31211.113074
26738.766350
28647.170118
26907.983897
27016.330588
28550.743824
27309.228778
28511.917221
27371.931044
30249.974000
28508.852765
28384.387794
29226.195897
28752.853632
28670.765794
27231.702750
26836.597280
29451.654485
30693.815941
25824.793544
27207.792059
30050.145355
28337.857897
27802.108221
28101.192853
27106.864353
27086.422283
28830.218794
25533.214603
29121.273559
29443.586691
29239.005534
29066.843853
29079.898706
28326.550382
28403.994000
25882.290389
28604.278676
31109.625838
29783.464191
28313.961706
26379.108067
28084.548971
29763.654971
28627.610132
29214.919206
29028.259906
27072.818162
27567.931088
26114.762235
26827.806971
29469.669114
29780.451603
28373.852956
27665.917529
28269.146103
27719.594483
29676.989971
28369.213250
28974.982882
31306.501662
28469.414190
27445.452088
24805.004868
27309.282691
26932.334074
28476.637544
28489.994897
27916.462338
25828.156632
27118.038059
29374.277045
29807.550500
31540.634353
28723.239426
28511.524779
29721.114797
29391.793618
29448.888824
28075.295926
27457.959044
29868.984681
29570.874103
30086.368471
28309.840897
25223.380779
28686.166653
30411.702074
25924.768250
26235.455471
27436.727603
27568.864742
29431.939412
26876.020235
29620.777338
28999.349647
29058.578655
28097.426221
29520.734735
29903.796632
28636.323309
29068.549230
27116.088603
28578.793235
28991.682368
29081.487750
29678.568790
29974.211691
27408.803515
29518.896456
27556.417882
28407.066733
27734.011868
26144.385162
28605.875309
28980.964059
27214.718234
29828.094132
27541.576044
30627.121721
30557.725338
28862.809471
27171.969235
28198.573632
30243.254882
29920.377132
30057.403884
28172.396176
27275.601471
26556.165309
31119.277368
29605.982150
29578.984779
29658.317985
29453.055676
28353.579603
28637.792078
29456.301471
27351.472809
29850.920882
24532.873588
29592.337330
29783.835853
28059.499838
27214.805471
28213.065588
26843.353081
28734.048471
28721.319426
28961.648265
27974.428912
29361.126450
27706.630397
26913.945426
30015.327162
28941.321721
27163.956172
29108.543368
27109.398750
28544.696250
29464.354897
29715.398923
28587.550279
25597.674059
27113.819662
32086.955529
31434.782469
29466.608809
28888.902176
29069.658059
25202.225279
29477.120352
25590.290618
27264.530809
27422.391706
26395.596441
30749.035060
29203.844750
26824.045279
28072.795015
25884.737971
28901.017796
29541.060985
25878.090735
29498.444912
27439.371588
30378.250754
28930.568868
28557.821118
27246.454382
27991.976515
27370.021402
25993.144191
27368.544853
30039.793250
27438.875544
27320.132830
26487.712618
25584.023662
26589.489000
29613.672265
25315.195096
30197.971662
27634.270912
28563.079912
29082.882426
30028.054877
29716.808000
26062.816662
28531.626971
33247.134500
29720.293011
28544.107191
29525.396235
27649.548118
27749.956912
29796.188777
28191.326206
30248.961206
28044.056985
26919.206176
27754.326852
26957.651118
32378.970147
29377.458103
26500.121029
27339.739191
29427.468162
28953.222838
29507.493647
27162.899721
25889.637398
26369.999147
27950.316235
28411.920588
26905.799338
31406.768017
30948.067853
30172.402426
27653.113985
27259.094985
26808.880548
28794.136676
29130.422162
31269.701985
28227.663794
28982.763197
29355.968088
27585.516662
29447.454412
28103.391838
28998.704977
29779.159441
27960.355632
27466.221412
28654.153294
28316.795552
26579.844088
26826.197824
31171.326971
26853.761574
30164.675010
29343.400338
31644.914044
28512.949559
27964.231956
27019.091187
26365.681059
30296.192397
29297.927250
31610.740265
28458.966365
28630.521338
30687.402971
29093.277985
27640.070103
27060.735190
27002.310147
27948.268632
28328.237574
28125.305000
27682.595015
31529.532235
28068.298618
30026.712926
27703.610735
27944.299811
28962.114676
30342.729103
27876.156338
30057.688294
25853.702533
26491.738324
29799.487529
28490.425000
27389.375603
26593.580343
25193.353162
28426.355838
29889.160676
28410.223074
29151.587727
27760.251118
28371.844265
30027.455676
29707.599794
26952.962875
29578.337147
26869.842691
26367.695368
27786.839059
29608.415994
25851.222809
28844.030015
28948.212868
28404.068750
27372.297642
27555.345353
27711.303897
26306.599941
30215.092574
31815.776526
29196.172294
27351.338603
28164.185132
27536.977132
29840.384145
28303.458088
25924.100794
27918.996103
29168.345074
30438.543279
30410.074632
27622.504735
27453.617250
28586.184588
30435.131913
29260.245426
27948.439485
27108.223118
28355.195485
27864.974973
29674.384103
29263.293647
27467.945118
27853.015559
29663.040474
28581.927368
25802.525015
29924.046868
28851.379706
29560.333049
29866.968588
27597.472544
27754.818221
26820.401441
26512.270771
28742.272971
26495.909118
25801.695735
27554.849603
27643.885684
29381.498162
29991.246662
29893.411118
26724.778588
28748.429759
29783.791559
27570.527882
28278.292882
29033.913132
28541.491378
27937.593029
28888.524118
26862.108632
27927.183206
28237.812335
28359.338176
28065.737721
27081.960103
28482.487338
28844.798955
29863.991088
28487.676824
27078.764235
28510.903941
28873.224853
27654.402809
26529.380544
27107.151309
27599.934132
27914.827751
31258.062044
25483.149353
28538.179441
28049.806441
27460.494841
28332.139103
27568.722529
28845.462574
29587.051809
30790.830886
29704.856294
28629.158235
29110.563456
29175.002706
30786.856314
28270.060382
26947.346794
26467.615338
27777.353471
28492.518389
29254.967279
28954.321221
29372.446059
26892.580441
29210.329699
30916.523971
27459.384838
28499.425059
26473.969750
29096.015951
29137.015529
28277.471971
28663.488294
27551.665471
27749.568805
28433.779382
27171.081103
26625.738471
29067.858882
29118.610983
27715.345750
28998.811147
26678.346721
30114.176529
27725.332337
29405.993529
28885.790456
29867.193868
28416.190868
30125.555898
28916.493779
28655.002265
25891.842588
26766.329588
31975.262149
28313.644838
28476.577588
29280.831618
28199.193912
31467.807430
28441.898691
29500.943765
27817.631088
29682.623441
28088.183299
28983.731750
31686.504074
29595.855559
27420.972912
29367.565727
26961.350588
28227.549691
27360.496676
29639.961044
25362.283684
29538.782824
26133.013706
27948.291397
27495.201397
26111.929920
28639.407441
28549.523485
29888.509103
28680.952191
26595.726142
25351.607029
28377.966471
28531.005765
30177.410044
27484.171041
27334.705206
29890.594441
29498.460765
30393.164353
30305.641866
28849.639956
27051.513279
28204.810471
27668.137485
31498.619014
26091.964662
27709.220824
27824.675426
29072.495588
29853.154736
27975.566324
27122.975662
28528.940721
27590.897471
25923.699576
29706.852309
29027.078794
31029.782103
28064.655500
27380.807798
26199.289647
29452.711971
27972.157897
29083.029132
