687.299441
675.065412
714.390691
716.420853
640.268966
650.433515
641.755794
668.430250
704.302691
643.330761
679.105235
665.011029
703.314279
687.858000
615.502822
721.915191
693.804309
696.686662
720.907529
635.895529
696.433118
704.172559
725.447265
707.157353
629.522074
672.402044
698.665779
700.108382
668.715956
662.672149
655.624338
677.587897
646.130779
689.635382
676.133871
693.306103
718.726662
734.955574
725.927162
576.781652
692.736382
680.733809
728.319338
685.194412
656.589212
714.655971
690.144853
674.690015
726.895706
646.192934
685.929368
669.412485
666.358191
693.016956
604.583671
675.554074
705.465265
710.450162
692.059088
669.248849
718.913647
729.843750
700.626691
696.597044
666.039983
680.168412
694.614485
706.184000
701.342029
636.155631
664.545779
722.043779
662.769000
673.981779
640.736206
699.955309
679.528000
651.450382
693.079956
675.404531
654.254721
698.112176
686.543574
728.429265
665.979179
687.726868
638.598809
714.452750
722.093897
658.731210
723.012794
673.380044
670.444147
683.302824
681.828991
718.786103
718.642191
637.914088
630.190015
624.180742
667.031706
666.422868
678.565544
724.896529
625.843685
631.054088
712.497471
711.744265
721.608250
612.087980
698.157735
682.861632
700.195706
714.616294
634.193658
683.225191
663.239882
665.735544
688.072324
668.192395
690.406868
705.448647
721.680941
665.147103
661.662514
743.805765
719.164750
703.946132
734.715147
673.589765
656.009912
685.594985
652.463309
738.678162
655.627634
679.825015
692.077985
747.959647
675.352235
624.283033
684.083632
679.187941
675.262647
677.432691
665.012431
688.036176
677.233426
672.616824
670.076809
612.271080
681.966662
675.550235
683.967132
698.112824
673.965110
728.544985
633.623779
689.026824
721.044368
680.115523
659.833353
710.270632
674.644735
689.341706
640.673363
687.474632
737.824250
693.003559
698.771309
629.077688
681.882632
667.174706
645.757515
683.688515
595.871439
685.342721
628.282838
716.637412
748.835132
655.433205
670.575691
710.488029
645.371088
697.856882
634.095677
674.763515
760.028838
656.009324
644.363691
600.418811
681.036485
626.111544
714.573412
667.024235
658.988651
657.390574
706.504721
722.864691
684.351794
639.181770
671.470809
647.363074
706.107515
659.551309
637.247080
657.397074
693.547809
651.814838
697.424147
608.257787
644.718485
712.577706
654.714250
658.679044
592.741583
644.736368
650.473426
677.991235
745.002368
638.194525
659.254412
700.487324
712.169897
695.538265
664.020335
715.547221
712.665162
706.838691
712.027206
630.419469
657.760279
684.063176
676.060765
699.206191
630.517147
646.307985
664.500588
712.639353
668.777912
638.882884
701.543294
694.919132
707.202191
640.223544
699.814882
686.328606
702.005206
721.860868
692.094162
685.448162
642.284416
658.792824
661.453265
689.196824
659.642147
604.185020
642.114235
681.449412
674.015882
662.529235
621.714139
747.403250
696.926382
702.229279
666.983897
671.973979
680.973735
674.976235
677.565221
654.167794
641.030863
693.543735
690.902088
688.173618
708.232309
632.520217
705.505191
667.373941
731.320324
727.193015
631.223189
744.399044
646.380103
684.677706
704.519162
620.284146
681.924074
693.415544
677.236676
698.646500
652.089750
680.375721
692.348000
673.822735
705.616618
639.422428
655.177868
681.619809
660.813074
690.464471
630.717841
670.852676
656.453412
708.085647
660.369882
655.667196
687.135647
731.066132
655.330441
674.294897
636.370506
715.778132
706.681618
654.406868
706.767882
611.199551
659.074618
706.411338
684.110412
688.360868
607.456568
716.239456
720.780544
637.535456
689.968206
646.701201
748.102324
666.954588
666.633294
737.337221
672.973247
693.301397
666.648000
690.597441
679.249853
658.721881
740.528574
699.831235
711.409632
673.043853
645.372308
680.489779
705.353235
692.384956
679.871265
633.042810
715.669897
679.659324
675.152456
644.479779
655.583635
686.090500
722.955838
690.835074
686.944074
683.683710
693.459162
716.283971
716.988088
653.733500
579.799961
677.256471
715.261015
677.268735
708.639897
624.026536
613.484824
707.646059
700.165868
677.029603
636.320743
653.660132
740.915500
707.370868
676.703279
649.439686
701.193074
656.864221
673.507221
710.473103
638.790437
689.634265
713.689221
663.767765
673.766118
610.698585
666.022941
677.605324
722.305382
698.122971
654.761778
712.535456
718.397559
712.120132
700.303397
691.482794
685.746103
701.390588
676.720265
656.275118
629.166972
676.509338
662.591471
671.499471
729.038926
630.957032
647.363882
647.552559
681.263471
703.153515
663.118857
658.837485
674.711353
707.357971
718.045456
638.396697
675.184426
660.319750
688.238941
710.926353
644.045860
696.810765
730.744882
685.456147
681.051897
633.941979
682.770088
658.937809
702.031779
772.370324
643.280671
684.020897
696.709206
689.285015
718.841000
671.443864
692.869926
699.900515
709.916015
655.685485
632.796821
696.338647
722.944250
650.084382
698.094824
744.320381
655.796015
674.711147
708.365941
690.208559
634.505545
684.059735
669.405529
679.680294
654.139868
657.871296
641.244838
686.156971
734.276471
677.324191
660.254591
737.316647
683.024324
679.051103
673.836559
705.862755
681.460897
672.244000
701.226265
682.064338
641.595874
735.292426
679.925235
692.978015
720.468353
673.788537
676.448412
692.514529
663.517706
660.134221
613.879038
644.298426
730.114441
691.547441
694.948147
686.867319
666.742765
678.648838
703.289985
712.286735
681.004585
671.620500
731.427706
741.209618
700.246706
623.364292
698.299265
689.289765
662.783353
655.595618
617.603102
664.071926
656.659324
642.216765
712.307206
636.997001
679.790500
651.685426
651.406897
680.706691
631.195855
679.795603
685.246971
664.076309
707.994750
618.071268
709.317574
694.605162
760.330838
714.397191
653.662623
661.723765
640.636029
667.000912
702.020132
630.672801
655.848206
683.137191
673.020118
642.507132
642.971934
681.290059
705.890603
695.872118
690.343206
682.055936
675.509853
623.133382
672.932897
685.033132
667.377452
672.361603
665.938029
690.880118
697.354088
611.687438
713.455809
663.196647
703.509118
679.602044
688.325837
689.593397
701.104000
675.915632
700.628574
658.287529
673.936691
690.646647
716.463897
703.791250
660.296472
723.678235
665.961838
688.257412
678.477529
600.644620
686.772265
633.135382
632.099132
724.449809
614.958592
681.233309
691.580353
659.782338
715.538103
686.629741
702.905809
673.406897
730.263412
734.723779
609.953433
695.486985
680.431132
753.258647
700.474426
603.741979
666.201515
713.865235
736.837897
698.966779
625.322877
688.664706
696.049235
693.360338
650.476456
644.218040
695.609794
703.587426
708.208324
684.387838
612.838424
679.362676
663.817750
692.399368
718.748868
616.232043
693.007029
719.283662
696.406279
654.988853
619.259706
665.396324
733.356912
678.544309
752.075750
623.393972
674.888471
697.188691
652.458588
670.824471
615.822621
664.386574
639.466765
682.465588
679.739029
626.514225
680.655324
661.399206
689.614191
687.372588
617.981138
643.840765
704.940706
691.367309
659.157500
636.448978
717.240735
703.063574
662.569824
644.876765
571.489759
714.822941
627.008794
711.413632
676.201029
627.377966
682.449735
675.496868
661.920662
685.901382
630.592600
680.246382
673.396279
710.254044
673.137853
636.019116
735.753118
709.888456
710.069088
724.259132
643.186941
704.405485
697.077103
634.389603
740.450412
638.482486
641.309912
702.739985
669.004647
688.555559
632.835973
668.464176
690.616941
730.659353
668.941750
613.364871
736.201868
692.998574
656.508338
675.891779
648.109505
683.149176
725.209559
678.346809
709.935074
625.835506
675.920765
714.132750
704.314059
643.485456
648.408964
685.027985
667.627647
681.375676
691.766426
658.606303
699.109426
628.763059
730.894338
715.488824
623.615290
672.279162
656.145368
648.131882
704.583838
674.826438
638.958044
684.546897
685.393176
660.590015
659.235219
707.610809
697.439500
670.879824
698.588221
683.794221
711.345676
698.321250
670.435162
677.338250
630.778619
663.724985
681.547735
669.937544
654.899029
626.728826
665.063912
711.797000
700.738926
681.665382
593.645357
648.040735
666.269426
691.888485
678.796676
680.630182
660.395176
704.737485
743.344603
655.802309
641.397713
693.766868
697.711897
709.906853
674.150647
704.250685
695.531529
718.994441
680.491559
642.596529
660.625304
701.830971
704.888882
683.347765
665.590618
621.683158
700.218000
696.623309
724.176397
722.283118
627.134204
684.088941
655.884618
681.903941
702.881015
653.765190
654.481294
676.467603
690.146456
661.917147
628.123309
684.040015
691.243588
677.210853
706.104588
635.386149
626.993985
698.063838
704.612265
725.445765
636.899768
681.056515
671.119294
650.443309
653.506324
667.271005
642.490735
671.161662
704.156588
700.424515
653.173565
700.878882
664.376294
731.199397
765.124985
601.242478
670.629206
691.692000
671.472676
701.551765
640.579465
678.939265
693.859559
725.762794
700.027235
634.555878
683.384353
710.599735
692.611897
725.344118
598.014806
713.875618
688.216971
694.760574
663.999926
642.524116
735.190338
686.200618
714.089838
681.497412
629.394750
649.102809
693.997912
645.091735
678.190647
660.688104
691.489985
703.041824
689.523559
710.901868
653.397605
701.425412
681.311132
687.906529
650.567309
617.430680
672.104118
669.017926
743.247882
688.079118
661.443329
688.702074
672.158853
680.095294
703.308324
656.225521
671.275132
664.680397
696.895765
707.416103
608.505552
682.644132
658.379118
691.235471
735.216662
657.771700
674.179397
702.996632
729.038500
701.508147
645.211099
642.772471
644.389426
675.998529
702.564912
640.483556
694.259309
689.173647
689.175838
659.464074
642.544513
705.236456
657.025265
724.598235
741.869074
635.185941
697.499794
688.434838
620.842162
662.654912
616.257398
694.097632
691.773441
728.108735
703.838324
630.048062
668.115824
778.780912
700.012588
726.630441
656.393269
701.097368
653.861912
706.586441
701.534221
622.286020
713.655279
667.713971
634.780868
710.493706
600.400683
677.461691
746.024926
708.079162
637.313868
671.219699
649.331588
689.044515
678.024265
689.918294
644.759877
628.665279
686.221426
707.228868
717.161632
671.588982
716.737691
712.856103
658.308647
675.930868
644.936189
678.712559
669.459412
693.288059
721.864574
652.006558
668.781412
664.700015
717.825206
678.662015
632.522206
691.335971
656.085971
677.646176
712.096544
700.117384
681.701794
703.606956
686.446265
719.683176
657.002915
689.711426
704.509147
660.426456
667.482191
624.059608
717.454897
702.423309
720.798162
689.810103
646.639035
683.997765
708.422471
641.848779
683.076765
661.002743
729.378941
660.705147
707.416265
684.621294
625.702068
682.995926
684.259044
709.340103
677.695000
604.652378
697.775985
728.516882
658.297441
676.066103
638.066467
707.779103
713.996662
699.414485
704.638485
623.131851
670.435412
677.477691
674.519015
709.179956
630.410470
712.956779
706.314103
700.935765
662.445618
627.946839
698.223824
649.934632
634.346235
655.833294
627.792708
694.456574
706.779000
727.804132
665.788735
610.610665
738.830971
728.943809
693.947853
694.480485
