336.745515
322.247912
326.992074
340.371250
288.049025
302.864750
310.993074
323.534706
312.809015
288.466835
332.356338
347.308647
326.620574
300.069235
287.053454
327.455132
334.388985
340.330118
318.601956
269.035088
315.477206
337.767029
320.699456
316.286529
270.954677
299.468971
315.944088
330.501118
337.014191
273.391826
342.771706
331.397147
333.033603
328.447338
285.994533
329.882044
320.742279
348.714206
322.308676
259.425402
355.232735
315.806706
313.492588
344.935309
271.393609
334.017515
353.145088
330.626897
331.247265
273.022964
314.351147
310.212824
325.768706
335.415235
266.628612
345.956485
343.929750
331.411971
325.609956
276.941011
326.216691
326.261809
315.532485
335.203588
284.193453
314.337559
305.680838
322.010603
332.068397
279.889366
311.049544
330.981897
319.709147
337.555779
278.714794
335.047882
332.126779
329.817632
325.918603
291.125001
327.701824
333.374162
318.588515
324.551500
264.525929
353.078029
316.613279
346.151662
322.276691
281.981328
346.552897
334.425382
332.040691
333.081647
271.329358
334.832191
309.746088
337.216662
345.958191
263.501227
301.956191
340.108162
322.944794
330.210618
281.413214
337.723956
327.230176
328.118824
320.988574
291.695245
319.285294
318.840426
341.657985
307.925382
270.366202
326.325603
330.784809
309.912544
310.666500
253.734998
329.938426
327.566118
349.836059
298.810985
282.746102
315.586956
324.097059
358.267353
308.055882
264.453883
305.984706
348.529147
340.739676
345.378779
280.308561
307.951721
324.379118
315.816456
338.831191
293.193915
333.841838
308.107765
332.705029
327.390338
275.709328
335.649074
315.041044
336.418368
318.319294
270.365094
346.691338
309.888794
338.833515
359.521441
277.569919
306.071956
327.897029
319.495353
319.007853
275.423406
308.845882
319.313574
330.991294
323.789721
292.739010
325.775353
343.441750
306.830662
320.087971
299.569497
332.112324
326.533279
313.292353
302.923559
259.975822
359.074853
332.346221
311.708397
330.447632
285.585926
326.405985
337.159279
312.257691
311.807750
279.556707
338.112588
322.272838
316.792647
323.733985
285.549899
324.475456
326.042191
328.771897
322.622206
283.217857
320.822544
332.499309
336.419441
316.339868
281.456226
307.635515
325.389809
331.773897
332.948853
292.017624
339.183632
319.326824
345.792074
325.768338
283.558096
317.215456
327.836309
335.855441
311.112515
293.692230
307.199912
326.846721
336.651779
355.535147
267.933775
317.713647
302.066441
328.369824
336.637147
289.001218
327.082956
323.788441
313.447485
318.569544
285.138660
334.703324
329.805000
335.358162
310.576500
294.836088
345.501235
337.621779
335.504985
305.583838
283.826825
354.908265
349.310838
331.140574
312.509853
323.974985
280.219973
325.949162
316.005265
328.085706
338.744029
259.233784
343.144647
298.704824
349.907279
312.891397
290.336594
337.130250
314.286897
310.721485
327.630485
268.807772
306.126603
305.384618
298.689426
347.966147
281.071788
328.086853
331.656103
333.609382
326.646632
273.696216
320.822515
336.731309
314.043250
335.048662
277.679393
311.150353
331.777662
311.884191
327.106294
255.078748
340.077338
342.149868
333.297853
319.693132
264.535896
311.081618
330.261044
328.962382
340.232382
277.190618
345.258500
340.181941
313.093118
321.453162
278.020575
328.435176
335.944706
325.619368
345.678015
279.286636
308.217971
314.920750
343.403324
325.173206
285.079725
325.310368
340.963838
327.050471
329.736250
270.115241
328.865691
335.769103
349.479765
321.902897
286.574140
312.265176
305.138603
354.075868
318.636426
271.012979
328.840000
337.855515
331.910662
324.631588
269.281966
324.178353
342.960456
337.274676
332.814853
303.846614
329.566662
319.432926
321.110250
334.702471
274.120881
344.940250
345.637853
345.630647
322.171426
277.935191
334.153324
314.697147
326.011897
343.551574
277.802427
320.020838
329.218191
320.524485
335.511603
263.875943
327.827853
314.850059
341.766632
328.067250
285.374960
329.455985
343.680515
353.795324
322.807529
248.949564
341.220147
347.626721
325.492176
332.578485
269.181962
315.902721
319.473000
334.748691
335.925647
303.517155
352.290618
322.630750
320.448000
312.545926
260.691744
309.069103
296.399118
343.812971
337.877485
273.813819
320.729926
346.823250
330.358118
335.855765
289.677056
329.519235
334.602029
325.299147
322.912985
268.206807
324.034059
310.871941
342.828412
323.065779
296.740882
343.322618
318.735074
330.914103
329.474103
295.979693
321.100750
347.289029
347.497618
336.209382
301.704415
310.125765
329.759794
328.306015
324.855691
283.721769
347.186559
332.623500
303.647412
321.910118
288.621094
340.151779
327.095382
310.652544
332.805324
304.425772
312.153603
314.465353
338.023324
350.661088
292.227185
331.509941
309.995059
327.855485
327.819838
285.932995
337.794088
333.667956
308.665632
347.565485
295.871143
346.343441
314.107500
303.239265
336.169691
255.374145
337.809015
343.229221
323.269015
328.000721
284.357676
324.219382
319.658044
351.929059
338.896382
289.146795
323.869529
336.611250
348.188691
318.526574
281.997281
339.643279
349.680853
342.579250
331.748456
284.342283
316.117279
328.565456
361.404279
304.956279
288.348784
346.015882
321.360368
332.608176
326.093662
261.698962
339.259515
312.995926
337.300721
317.305206
288.514713
350.773471
324.584824
303.831309
335.022235
286.344935
321.812544
334.370029
326.304074
326.989074
269.783848
329.062574
328.355691
321.414485
342.484382
259.281379
307.927618
300.027559
332.499456
313.117985
295.893498
347.442324
313.895706
314.675103
305.598176
278.972514
334.826471
298.172309
322.703765
317.550544
290.348780
335.550059
331.870397
329.105456
341.474809
273.722826
312.594279
330.713706
333.661897
327.299088
280.040518
341.832221
317.964309
309.114397
330.300897
273.494358
331.875103
327.480721
329.360147
316.754103
301.619933
344.665603
330.639985
292.406412
321.236015
297.963993
328.540706
333.520397
327.702574
327.269779
283.797671
344.088235
340.905132
320.928985
301.089721
279.111746
346.970662
333.355397
321.245897
290.747059
271.030233
321.447882
326.795397
315.943824
333.692529
272.727631
306.478250
340.202941
323.642353
334.927691
274.669265
333.542015
347.020588
329.203735
316.502162
288.412501
321.189353
326.180529
328.648765
355.152529
264.322562
348.766074
327.768574
339.748294
329.976868
279.137019
324.966750
337.154529
337.773500
346.449897
291.790020
318.142118
337.561162
323.201456
328.141853
292.160360
319.936853
329.464750
340.833559
308.622824
271.506288
352.079000
309.142868
310.253250
308.087471
307.967995
317.347147
316.100221
338.735529
313.363838
286.313040
322.529882
340.245015
335.182838
311.922456
269.402380
351.502574
322.817000
330.986088
311.155529
271.003823
308.558044
331.747088
339.325412
318.050176
302.839236
314.598059
304.738926
321.911412
329.922500
282.203811
334.051206
297.972221
299.062912
340.151382
270.710591
324.353191
335.217721
344.541676
337.738456
269.404608
336.022809
328.504971
335.333206
322.386353
271.363682
305.487721
340.812647
310.286971
324.053353
287.450684
315.303397
326.770118
321.157706
322.321500
287.229935
354.727456
312.741559
340.831794
352.525029
261.523142
314.792868
328.400441
339.107985
322.875000
285.612541
310.727088
319.685456
316.835000
355.020750
260.808469
318.976971
336.166779
334.786765
315.073794
273.779058
325.928426
348.515662
321.996500
332.081662
247.950633
337.126500
338.079632
317.887485
335.583882
268.912032
335.438132
322.197103
331.466574
349.490000
283.318239
326.564926
330.986044
327.147500
313.533765
288.926829
336.522897
300.959838
321.982603
307.334618
295.709595
321.062868
327.278250
325.256000
304.196912
272.348581
346.008309
333.525029
306.621618
324.251706
276.890244
320.780265
316.148574
319.334779
321.825412
271.018790
325.956118
311.454279
330.720015
313.018779
261.946483
343.483206
321.436706
310.430926
319.039015
269.299896
327.678338
322.502059
321.506441
335.898015
271.795529
323.897235
311.496721
330.659912
325.566779
274.238825
326.115676
318.091574
324.299632
345.276176
280.608915
332.083324
295.106956
333.255353
324.757882
276.400710
339.258794
314.148397
326.964000
315.651000
278.627947
321.687162
321.550309
322.934691
319.630882
258.392227
325.942191
342.908985
321.380647
332.508309
297.443626
318.948279
303.738647
338.248029
321.895824
293.053216
325.923971
336.539706
365.266515
340.857559
292.055393
334.320382
303.644721
339.466191
330.386441
268.048777
335.441471
329.869221
341.079309
369.395941
290.485176
334.417118
328.015574
329.227912
319.274559
286.035956
328.448221
321.652574
306.423279
319.339338
270.229649
320.613985
322.674897
319.998882
296.989103
278.104341
322.807824
334.578426
311.739074
349.773397
286.448416
318.013132
317.638971
344.689897
334.970824
283.947374
339.252500
325.175397
307.240603
328.958529
295.095522
352.671029
318.254309
317.136853
345.870103
248.925053
313.058941
313.454176
307.168118
318.103015
277.006216
332.924088
336.680559
311.226588
331.222176
287.772806
306.625956
348.413676
330.793294
338.842162
277.940969
325.496985
330.730721
326.613426
320.213971
276.693602
323.116985
318.747721
327.713206
337.423971
286.784677
301.112618
319.824206
335.631118
321.286324
300.225767
327.066765
323.057324
342.859515
347.015662
276.177754
300.386221
317.956853
301.655897
318.147912
303.012432
310.410588
319.673662
326.905794
348.347382
288.131624
332.781191
362.168132
340.791779
332.242882
273.103125
329.694191
315.843324
318.061882
315.037765
298.727480
335.162824
312.570971
309.096132
341.354132
280.689305
321.946059
321.605779
319.159956
310.625882
288.255438
331.442838
326.319809
317.976338
324.494338
281.445043
347.491824
312.745309
327.853324
333.552074
297.113103
330.818809
347.161088
342.371647
323.216485
266.083663
338.910574
330.266838
328.375162
324.762324
285.663282
317.119500
325.757809
325.860809
322.170529
265.373548
322.349265
328.870765
319.535926
313.054471
275.508579
343.682559
319.471853
342.286338
317.080882
289.775360
329.699750
328.141441
322.286721
325.235735
271.247479
323.146294
338.638809
346.033794
334.449529
283.491289
332.643838
355.076191
302.065250
309.367897
286.946261
295.234485
333.679941
325.049500
328.801912
302.482204
344.507221
315.395294
328.897765
312.848015
282.540102
324.602382
334.214162
314.650735
336.698926
276.925133
346.051618
324.123721
308.222912
321.222074
262.683443
331.900956
324.218529
341.563426
328.038176
298.120636
331.663515
343.884500
321.667853
321.764324
287.764975
306.771235
321.495676
304.056809
324.887412
269.797918
344.434882
325.798735
352.937441
331.453985
282.893537
313.077647
305.516897
302.772029
333.623382
298.070597
317.681015
311.537103
337.362941
314.698971
286.154907
315.368176
329.207015
318.707529
319.234412
260.178423
308.423941
325.424897
325.877250
343.574235
289.200160
335.017676
338.324618
331.527721
331.151000
284.202205
323.058059
336.314500
331.031191
316.589441
272.563530
324.838059
316.780794
319.095353
354.338132
273.846135
334.306544
349.129956
311.282882
342.291853
289.335401
328.630956
323.509662
362.792456
316.177662
