9560.546691
8427.708985
7961.383882
8537.083868
8762.563834
8235.288029
8427.004912
9010.173294
9021.841794
8445.647056
9483.047868
8436.791618
8984.368103
8175.287338
8425.245586
8767.567368
8496.699044
8562.239250
8546.149000
8686.514661
8397.483544
8606.121162
8335.555985
8372.864059
7858.299501
8855.717015
8618.013632
8739.880338
8559.849750
8478.328649
8257.939529
9304.453985
8524.075765
8305.953632
8689.429636
8269.302191
8957.197059
8353.902029
7800.837574
8897.895358
9252.155985
8959.102868
9437.480706
7956.691485
8301.595256
8578.908456
8579.524721
8321.029750
7738.452765
7931.068258
9000.817676
7616.089956
8801.956632
8301.281191
8593.994686
8979.753382
8608.929515
8672.532412
8570.623691
8921.451246
8613.562632
8769.788191
9214.994294
8564.546324
8970.150924
8281.598662
8690.584779
8364.184544
8665.546471
8441.538543
8841.928059
8989.676544
7975.827779
8529.450441
8379.008632
8685.976250
8473.508691
8267.957956
8673.349544
8297.916531
9221.120103
8342.293206
8615.233044
8648.848324
7526.629606
8899.944956
8108.856382
8026.531544
8183.200897
8830.744975
8820.772544
8182.610706
7507.554824
8170.591412
8437.133432
9410.892176
9292.540500
8899.995603
8820.774059
8757.782580
8030.986029
9351.598368
8375.596559
7987.416044
8241.447097
8541.435691
8675.357088
8280.785618
8578.142279
8252.031907
8140.194191
8307.801721
8401.337868
7989.508059
8315.804423
8785.810559
8143.862691
8151.392132
8880.216103
8643.982292
8840.761206
8551.323721
9260.187412
8629.194426
8550.705793
9036.201059
8879.757059
8253.292353
8862.800103
8476.950853
8075.477632
8746.895412
8243.008647
8637.758956
8159.765017
8805.120544
8164.221794
8016.586441
7807.439618
9212.371400
9040.646574
8722.763750
7988.971574
8729.667309
8811.784343
8000.766779
9163.091603
8729.601309
8364.978000
9084.686241
8730.091515
7997.789735
8683.784015
8948.056735
7952.113581
8838.497662
9132.346235
8466.761221
9215.684059
8647.649803
8419.521706
8832.070529
8852.028632
8821.699735
8839.673098
8393.545559
8413.292338
8035.127074
8974.481162
8462.299276
8538.351765
8895.943662
8240.830382
7892.876015
8679.177910
8541.078206
8696.599059
8229.926059
9075.318765
8436.262176
8755.778147
8079.834485
8638.692882
8626.566500
8376.970942
8627.237324
8398.264574
9164.090662
7889.108824
8707.703267
8596.594971
8536.164794
8777.320015
8506.810735
8329.749018
8185.950618
8991.789691
8053.198279
8106.458956
8282.390755
8097.128118
8650.240221
8406.066279
8224.760485
8526.690345
8392.861132
8251.526250
9194.830132
8122.292632
8692.324287
8903.479338
8410.348647
8854.908088
8379.356206
8260.687024
9167.751324
8168.827162
8148.055632
8380.217176
8280.651422
8346.047118
8797.530735
8331.059000
8659.407632
8264.364027
8439.922074
8018.211397
8361.958735
7892.007250
8801.912940
8785.257853
9059.903647
8343.474353
8241.192353
8189.273809
8966.160176
8000.323221
9138.890088
9251.303309
8610.746751
9015.801147
8208.603956
8204.466485
8151.010765
8912.457029
8593.769606
8941.651324
8332.382853
9235.852088
8601.672721
8568.551210
8202.809412
8779.920882
8755.642574
8475.870574
7990.574961
8240.656647
8694.294721
8940.184147
8336.025250
8601.368654
8397.934515
7704.959382
9071.613382
8805.175162
8523.979758
8605.910118
8465.565265
8608.673485
8815.354441
9230.065466
8754.583353
8641.864441
8798.028074
8583.545412
8541.072379
7949.670515
8739.809426
8531.093294
8347.893647
8549.607174
8593.697544
8463.395750
9422.772162
8730.414662
9103.621396
8549.961882
9238.760618
8767.802029
8166.402338
9585.974045
8673.242956
8548.813632
7627.822500
8428.234618
8624.413708
8325.024985
8365.249662
9055.065132
8101.477132
7973.797812
8159.798338
8327.678029
7983.487294
8178.987897
9298.639196
9260.544691
8856.521735
8250.813691
8237.752882
8616.449697
8967.983265
8428.171691
8404.000015
8513.678794
8025.461037
8330.140618
8334.432824
8255.462324
9022.161044
8835.908626
8345.202338
8012.131926
8317.201397
9792.174279
7981.037790
8318.006956
8304.070662
8908.961971
9263.378088
8960.806041
7675.210412
8457.494956
7758.299044
8577.968809
9078.692292
8339.897250
8900.726074
8446.002676
8423.726926
7988.490411
8188.287838
8405.021706
8540.944147
7825.993912
8959.568060
8609.126500
8518.770838
8605.799456
8639.247221
8193.784296
8814.964485
8681.434603
8729.698868
8173.895324
8354.152915
9078.555015
8085.365147
9198.979368
8083.325897
8530.146520
8114.631235
9200.758074
8723.387426
8084.999956
7755.236727
8560.149824
8438.018088
8453.301559
8291.070559
8217.697493
8578.147162
8772.405044
8557.732912
8754.472471
8910.752053
8574.207191
8246.609162
8542.293191
9096.842838
8249.533981
7938.921735
9004.298735
8416.660985
8383.361250
7888.701394
8886.388779
7949.330441
8200.024809
8742.411132
9035.752337
9242.806500
8832.254382
8674.053618
8976.495985
8695.222456
8439.663206
8548.755250
8871.847868
8314.903044
9068.363031
8119.437500
8358.450456
8246.336074
8818.443221
8712.288253
8611.000647
8483.073882
8233.002515
8620.896824
8181.234989
9417.447941
8474.751397
9455.619647
8287.808368
8258.311520
8776.441956
8519.519221
7750.612162
8295.495515
8465.184669
8016.888191
8136.340838
8403.164809
8593.067471
8008.160994
8590.788338
8970.128794
8370.010132
8093.101015
7972.422657
8353.398338
7970.844426
9802.620353
7864.267588
8910.039496
8307.155191
8656.632691
8761.938853
8828.344779
8479.916659
8680.112750
8737.730824
8084.185912
8806.043279
8804.296249
8740.883412
8732.398368
8220.058632
7618.989926
8216.451353
8228.362559
9418.616118
8677.307294
8816.982515
8776.865884
8417.242118
8144.726265
9144.638941
8149.345074
8561.946518
8113.092221
8614.885647
8575.275574
8274.058500
8628.781563
8725.341765
8023.477118
8247.300279
8305.850838
8061.315844
8602.916588
8335.856353
8435.682735
8737.021618
8303.647243
7957.161603
9186.557147
8560.436529
8622.051265
8870.944920
8489.066382
8102.984574
8342.175382
9352.683397
8160.653760
8529.923147
8550.002853
8197.471015
8215.049500
8392.540423
8182.554588
8955.857382
8417.483279
8542.918574
8142.865381
8500.943662
8649.678868
7382.080750
8041.978485
8435.253411
7966.561250
7956.912338
8113.061912
8542.750809
7582.839869
8202.435676
8254.272691
8412.722118
8618.995294
8413.140664
8661.488338
8398.958294
7847.747162
8494.703603
8279.062974
8437.354721
8992.487824
8619.969074
8374.269559
8111.942373
8673.733897
8539.663015
8087.781588
8978.408382
7478.343683
8802.920132
8641.516485
8749.234838
8845.176353
7886.450346
8101.817750
8532.482632
8074.080941
9414.917309
8655.666936
8601.181426
9050.944426
8169.997103
8755.708382
7845.445952
8903.927059
8317.948603
8509.309279
9238.367382
8742.086291
7766.080662
8758.481412
8538.132794
8419.285441
9313.070116
8766.438809
8213.077088
8918.103397
8283.100088
7962.170412
8840.565632
8873.589544
8267.656485
7793.924559
8791.039854
9324.371574
8870.568456
8962.044941
8260.421809
8152.617532
9033.523353
8219.107647
8840.328382
8714.739603
8799.525431
8660.603941
8398.367647
9068.844426
8056.201162
8307.100785
8830.321838
8177.195206
8287.182544
7979.640191
8136.272551
8766.136912
8973.231103
9023.005191
9247.915676
8378.762038
8466.600206
8581.593294
8646.411206
9076.263926
9214.926627
9231.799809
9198.550809
7902.716029
9032.672059
9094.222188
9382.991176
8675.581250
8875.617147
8765.270456
7937.165233
8627.951941
9095.062118
7627.353956
8407.264559
9323.743543
8040.183765
8669.338265
8769.449029
9662.600235
7998.831206
8624.182735
9248.346618
8652.087662
9315.283485
8886.019664
8432.129588
8980.223824
8152.404015
8943.485574
8623.236033
8535.243603
8088.962662
8219.163882
7834.161221
8751.795725
8052.147485
8952.451412
8803.533162
8798.980426
8023.147624
8690.277324
8531.610221
8941.464059
9268.409235
8214.726110
8511.352279
8624.186574
8959.935794
8546.839000
8147.888303
8451.549868
8449.143309
9160.131044
8816.240897
8973.055598
8504.115515
8487.468706
8552.823941
8671.701338
8356.263776
8315.396809
7456.185088
9462.968632
8578.332015
8479.154263
9313.842706
7963.934118
8793.507765
7804.071382
8623.068617
8038.350956
8330.133368
8533.274353
7924.882206
9444.752030
8569.310515
8469.768882
8140.411544
8382.767544
8475.827885
8796.723971
8963.080324
8241.088294
8476.778765
8713.257298
8541.548559
8229.521515
8429.750397
9264.800324
8126.457755
8665.013103
8112.908559
8216.591338
8583.448015
8422.609139
8223.006926
8223.982882
7759.708794
8314.469250
8621.882949
8278.666059
8783.488779
8611.780221
8073.915691
8647.247083
8391.108662
8598.852471
8882.664015
8681.674309
8341.405569
8941.006147
8779.987338
9177.090279
8425.786985
8204.135041
8640.669985
8355.256088
7689.731912
8403.917956
8247.200925
8479.615529
8622.645235
8740.562118
8958.195206
8705.722515
8005.643676
8128.866265
8038.001735
8039.534750
8805.988266
8088.546000
8041.605015
8732.489250
8149.688985
8227.985591
8304.327162
9014.565868
8892.926485
8072.628191
8627.509298
7951.765324
8559.719912
8486.807662
8551.820941
8646.323270
8659.909824
8424.097029
9064.612265
8207.894103
8649.131257
9145.803912
8548.723118
8448.694559
8442.435721
8441.253023
8519.167676
9406.283044
7719.633000
8416.648926
8605.308745
8335.169750
8204.636603
8189.127191
8799.107647
8228.914746
7593.025956
8306.389221
8502.341941
8359.556632
8573.535159
8622.012706
9039.476412
8606.025221
7785.081368
8258.967043
8631.648912
7982.900309
8312.395691
8782.887103
8232.021030
8088.622559
9087.511647
8418.884059
9074.436750
8536.343355
8208.851544
8095.897353
8665.046632
8407.786250
8411.609386
8721.606412
8981.238029
9271.886485
8603.815838
7965.490210
7949.999529
8553.434544
9244.003691
7882.189559
8304.578521
8356.110044
8512.228809
8682.459632
8667.279074
7919.018316
7774.872603
8266.138721
8394.763368
8689.968441
8434.234288
9078.271147
8887.193279
7891.613735
8996.025574
7309.948010
8957.671485
8910.976132
8508.875176
8207.702985
8480.055585
7845.042706
8357.947426
8137.199897
8051.706485
7674.850822
7820.448529
8735.127441
8422.653382
8378.379191
8300.498117
8302.655015
8054.976485
8338.613824
8101.923618
8800.751972
7824.670529
8513.057838
8758.294544
9151.180588
8723.283076
7765.787397
8734.002044
8790.401515
8232.112353
7915.293989
8411.964118
9058.580176
8305.087559
8652.238441
8450.633034
8757.884074
8044.096441
8039.616132
8851.933794
7922.087683
8541.675456
9094.821294
9274.888353
8142.459147
9489.432155
8018.468515
8552.931779
8669.668382
8728.079897
8943.264671
8127.682015
8826.847809
8426.827544
8422.984779
7751.739011
9130.198176
8444.478721
8522.407574
9185.650647
8597.202983
8715.853103
8615.378235
8899.155882
7925.355588
8103.104116
8321.643559
8063.284044
8229.986926
8792.695294
8425.461750
8466.318176
8447.974074
8506.745941
8492.306603
8683.016090
8496.619765
8435.749456
8913.482118
7924.082206
8519.189532
9091.950074
8249.842162
8476.344647
8821.378721
8775.617872
7972.532750
7599.454324
8934.578809
7716.318868
9327.095182
8836.707309
8119.330338
8707.696338
8731.130088
8210.730669
8233.394603
8755.831971
8064.212500
8757.077265
8803.577523
8420.469765
9173.487279
8576.475235
8737.740750
8215.701333
8347.446971
8058.371132
8370.945500
8291.546309
8192.570246
8114.142750
9005.625985
9243.126809
8578.197985
8472.935380
8238.445324
9013.879426
8988.548897
8643.658912
8807.661484
8418.497779
8818.898632
8242.540676
8614.191559
8576.293309
8717.903500
8569.005618
8822.312368
8444.165338
8743.242414
8002.727147
7432.525794
8659.479956
8524.411353
8625.647459
8794.922559
8267.703353
9084.276897
8737.483353
9338.173372
8991.622059
8810.136265
8675.047691
8642.994735
8942.710065
8426.478882
8694.777706
7988.780721
8234.628324
8865.609978
8495.611941
7915.150750
8732.719912
7755.358103
8131.199347
8270.134250
9105.006074
7872.205618
9098.524985
8867.861834
8594.763971
8754.630838
8550.597794
8406.508750
8124.079482
8804.525206
8791.111941
7914.165265
8607.953029
10141.965498
7940.204044
8674.120368
8615.091103
8142.552000
7858.706500
8184.805779
8058.037897
8998.524279
9905.789044
8244.829060
8844.945368
8340.095824
8856.771147
8439.054162
8608.391091
8305.688529
8167.111426
8044.315603
9205.592559
8640.902401
8659.239794
8833.811074
8330.478882
8863.252103
