1810.678029
1640.405176
1637.160147
1779.383294
1550.688157
1631.388324
1663.801809
1686.201221
1681.337559
1723.823982
1643.349897
1651.760162
1696.471059
1562.413235
1665.608866
1816.372765
1620.259735
1715.614809
1772.342368
1596.848926
1709.541485
1736.699912
1622.874250
1629.825456
1681.301898
1549.713971
1602.447971
1645.171382
1714.232897
1630.966664
1680.009338
1726.846735
1648.093853
1718.091956
1550.154474
1915.419838
1733.415103
1675.746015
1753.362868
1677.524976
1818.406074
1671.645897
1708.959059
1634.013897
1651.820095
1730.138912
1704.423044
1654.463103
1771.462426
1590.011375
1734.295074
1673.393618
1753.005618
1725.049059
1792.851318
1716.268485
1745.521500
1796.947662
1719.597765
1686.191143
1640.002500
1596.549132
1733.710824
1717.330647
1598.359468
1652.467015
1670.393368
1647.434250
1740.165868
1605.035440
1636.355838
1587.975765
1680.524279
1723.089838
1619.760691
1688.877882
1626.572441
1697.655529
1646.307147
1719.234869
1776.867662
1730.617618
1723.646338
1668.059868
1607.090797
1760.910044
1583.054118
1830.397500
1645.942853
1574.140548
1645.262853
1688.353485
1748.975794
1713.876838
1656.550461
1785.121382
1838.149853
1640.737676
1589.665044
1625.740213
1723.358382
1676.840132
1740.341971
1711.431765
1708.036935
1763.973971
1623.338000
1783.833132
1661.729985
1588.931995
1508.372235
1786.210206
1707.622250
1639.732029
1758.936629
1760.014265
1682.257426
1650.196426
1701.672956
1683.552659
1703.219779
1630.433000
1738.475000
1685.370809
1685.033881
1833.768279
1684.516662
1625.051441
1545.954221
1593.866589
1695.624074
1779.956221
1541.037309
1795.037853
1620.600840
1909.222147
1581.046426
1668.194015
1816.404632
1613.294489
1743.189191
1660.218074
1700.449338
1686.676485
1665.563019
1651.836221
1767.860074
1846.255176
1573.200926
1547.206844
1635.302015
1734.821897
1623.405235
1835.763044
1609.881169
1785.533500
1667.060382
1673.620147
1688.285544
1641.007832
1594.324029
1722.974294
1658.011103
1729.554250
1539.599113
1793.708235
1698.437809
1729.804559
1798.410353
1501.545806
1708.879779
1682.874632
1704.296853
1662.866059
1530.397028
1731.235529
1836.579603
1688.910618
1759.174809
1610.291323
1739.938118
1609.112647
1704.062956
1818.309074
1592.031736
1744.036397
1723.388250
1760.389309
1742.715456
1727.523399
1740.642647
1577.814897
1797.295529
1887.437676
1661.196871
1658.104735
1779.544647
1693.888824
1629.635471
1733.689564
1550.322309
1732.525735
1650.180309
1899.097971
1725.125183
1698.096147
1582.689765
1817.337882
1746.273029
1682.370640
1685.170471
1686.191074
1795.228426
1688.265603
1480.712112
1661.475162
1692.364588
1800.626265
1738.496838
1560.093937
1770.532618
1677.026941
1619.946162
1711.551662
1585.959453
1649.000588
1746.448368
1656.390103
1649.159603
1583.257072
1673.323162
1658.160412
1851.820559
1609.426015
1589.185250
1822.283603
1702.388485
1732.488250
1734.194662
1813.738119
1644.822882
1721.529294
1780.106662
1716.425118
1691.330059
1750.966841
1693.640897
1725.606000
1675.737441
1682.427176
1633.435945
1766.562471
1590.172750
1662.986544
1700.085235
1601.171358
1737.954176
1597.668176
1585.060779
1733.165162
1627.205522
1677.980088
1525.658588
1560.495294
1599.343456
1658.068332
1706.259809
1627.315868
1636.243559
1553.390294
1768.586598
1662.214250
1737.454706
1628.152706
1707.768132
1736.521496
1747.057941
1800.800412
1611.678471
1648.169147
1502.515557
1694.552382
1698.748059
1640.445265
1610.385235
1609.221411
1717.809044
1523.177779
1754.875485
1918.265853
1822.845236
1633.399853
1650.133044
1589.520162
1735.397279
1772.929414
1615.110000
1556.106882
1651.215265
1845.629779
1694.454003
1654.672426
1808.115456
1749.242397
1638.328853
1660.945034
1678.083206
1656.133882
1704.485941
1814.446809
1593.023374
1757.137250
1843.843765
1686.642897
1726.049368
1688.518551
1657.247338
1656.595294
1922.170118
1678.260397
1590.098862
1706.946206
1747.466721
1764.915074
1636.462676
1677.590672
1693.464279
1699.540471
1640.616074
1699.192882
1712.760556
1661.739059
1750.208309
1556.558750
1652.364721
1596.014381
1824.740529
1685.120294
1677.560206
1496.018941
1694.798602
1597.707015
1782.504897
1697.389779
1829.301206
1685.700736
1694.219147
1735.111456
1766.458559
1668.367500
1573.307002
1673.895794
1679.138838
1591.657868
1784.904985
1764.921062
1681.534544
1719.497868
1690.981176
1748.156015
1574.429946
1703.424250
1688.703897
1740.681382
1693.129412
1655.244727
1661.761882
1758.497574
1716.549103
1722.384809
1774.161081
1667.347603
1738.690088
1760.042015
1710.794926
1757.070597
1612.854103
1709.609250
1732.656956
1734.227926
1658.070996
1594.621794
1645.271500
1714.182574
1740.383559
1708.055027
1737.818485
1740.752221
1694.248529
1592.994147
1613.446749
1659.682088
1741.647750
1815.190044
1678.475574
1584.930353
1724.585824
1707.901059
1670.527353
1726.418324
1627.063913
1705.951809
1766.023324
1613.369868
1743.191529
1609.226165
1733.456294
1655.829324
1767.554971
1667.375926
1722.279460
1820.661368
1672.952926
1691.374721
1639.417485
1616.301667
1631.160544
1577.278000
1716.616147
1796.165500
1791.688933
1900.983853
1611.999088
1697.917456
1772.381353
1748.324273
1685.229206
1558.208441
1759.662103
1628.119412
1712.310848
1732.123824
1644.576191
1752.795397
1790.306353
1676.975158
1866.477368
1594.540441
1643.055500
1697.320515
1598.826204
1704.279338
1771.273941
1643.655309
1607.926074
1663.097514
1749.178294
1710.521338
1752.831706
1814.013265
1624.315706
1739.735471
1662.361632
1742.203221
1705.558103
1696.861414
1639.961500
1720.671426
1765.197324
1742.082250
1644.952312
1612.631529
1757.632971
1824.992279
1588.529515
1670.247593
1748.790809
1584.728471
1648.093397
1575.379044
1786.918359
1773.948221
1623.545294
1708.399382
1645.235897
1625.545449
1704.244176
1678.791294
1779.685588
1579.120500
1644.161170
1734.099809
1829.382132
1696.794059
1667.192029
1632.874069
1703.445324
1531.319750
1484.927176
1819.219603
1630.167011
1545.729309
1803.372559
1744.432515
1603.329059
1643.430586
1600.639574
1681.153588
1721.248147
1550.963294
1667.294161
1615.998853
1575.841147
1613.853941
1716.011471
1683.179824
1601.755662
1671.060118
1815.179279
1656.820029
1674.594311
1754.719485
1702.167632
1812.019324
1794.854794
1591.112018
1661.899235
1726.366132
1615.020412
1629.373471
1656.345387
1604.222662
1778.135471
1897.252500
1619.880044
1782.469227
1655.084838
1772.145706
1633.062294
1770.100853
1704.780611
1609.440132
1702.062456
1733.003176
1723.807279
1674.622833
1658.541721
1700.775574
1667.213309
1542.431206
1653.245055
1716.116809
1714.439353
1638.243985
1605.011368
1667.606968
1777.530559
1567.784353
1607.795603
1713.458868
1594.584263
1670.172500
1771.943926
1597.269397
1612.681647
1631.897941
1740.915235
1691.504662
1671.735044
1698.099000
1727.166340
1547.417132
1757.220574
1734.920794
1816.372632
1637.785812
1633.416897
1562.502647
1712.660176
1616.114029
1735.436784
1733.886074
1815.850588
1655.304279
1698.437485
1677.784138
1708.906103
1734.135691
1737.873809
1549.412000
1711.658095
1724.922721
1707.299676
1870.456691
1610.345059
1592.357744
1654.385897
1700.574118
1624.343706
1704.867353
1579.598671
1667.037029
1748.903588
1800.908588
1661.104235
1702.951232
1699.183088
1718.333824
1732.628882
1755.989059
1601.103954
1575.505515
1590.306250
1716.645544
1705.457544
1673.411278
1639.773147
1706.709868
1655.414662
1593.502794
1571.802912
1728.417118
1614.408309
1688.295956
1702.994706
1575.146693
1709.841338
1620.912809
1719.516809
1705.600397
1808.500503
1975.331956
1737.904000
1707.030618
1636.272103
1535.560416
1586.878265
1653.482632
1576.036529
1601.059632
1586.610638
1610.834412
1684.235647
1667.186397
1696.805735
1646.299801
1740.112618
1696.574132
1737.902956
1590.725132
1590.362965
1737.042838
1645.307588
1623.055809
1856.632632
1588.843201
1652.649500
1543.581529
1605.437691
1721.724985
1458.012761
1703.719676
1682.404706
1728.133074
1604.021853
1662.453219
1607.488000
1747.809235
1698.358588
1751.283309
1792.883220
1763.985926
1681.921044
1650.970809
1735.785471
1757.782266
1704.469324
1571.763691
1666.331574
1677.143544
1557.216355
1834.158574
1778.850471
1688.548500
1697.080397
1680.604312
1794.604765
1685.510250
1729.993088
1697.367559
1690.996373
1800.169750
1749.703618
1630.904162
1509.407191
1766.472345
1570.280588
1656.260912
1725.934088
1653.127779
1576.290523
1861.729838
1590.186574
1734.646647
1761.897279
1611.798568
1769.504882
1764.914265
1663.845044
1799.875397
1638.070246
1759.537000
1514.717735
1731.175706
1636.663162
1645.642997
1781.967985
1769.790176
1785.716059
1548.631559
1684.762631
1815.012029
1637.366338
1625.166059
1697.474191
1554.983309
1619.334471
1727.379191
1643.998132
1630.311941
1592.789178
1800.304265
1711.348103
1828.391294
1671.184221
1579.164915
1737.910309
1604.363794
1727.632588
1791.319574
1571.817681
1485.208588
1664.036279
1713.609471
1708.192824
1715.824167
1784.291824
1660.107868
1726.449353
1542.435868
1576.231257
1706.596412
1794.969118
1706.243015
1797.305912
1739.630935
1607.984456
1636.534338
1742.309015
1934.763662
1744.637083
1536.286485
1732.829956
1629.807412
1705.655794
1617.767687
1651.448824
1707.287706
1678.768765
1679.888824
1547.652380
1758.905191
1621.751456
1721.820750
1768.660824
1707.732955
1546.562029
1737.654706
1602.118529
1724.298015
1730.203000
1627.080088
1944.163059
1689.799044
1607.063088
1654.921369
1841.973588
1725.745279
1741.116382
1628.064794
1663.875121
1511.835926
1734.319103
1668.934882
1866.136838
1632.017078
1742.017985
1615.699088
1791.361397
1733.158515
1613.788741
1780.661000
1826.190368
1776.853471
1719.608368
1738.473640
1829.850647
1658.263868
1650.203618
1680.158647
1622.827465
1633.206029
1638.624191
1801.684500
1721.752824
1692.612128
1646.131485
1809.966779
1772.011750
1777.164662
1703.640159
1640.364500
1705.264618
1669.571809
1686.330574
1635.612116
1717.155971
1684.436853
1829.024250
1755.514750
1591.304014
1628.811868
1798.844029
1811.174088
1687.372824
1640.672692
1692.668118
1670.632382
1742.585574
1677.620882
1689.909811
1747.954618
1680.852515
1753.269147
1527.758265
1765.024401
1801.649485
1669.385618
1719.478662
1644.692544
1767.469755
1709.121500
1701.605088
1731.903074
1649.680294
1634.022389
1772.916235
1656.750515
1584.654824
1765.836426
1700.554625
1666.014397
1786.477721
1734.499721
1727.632441
1651.968539
1789.950529
1623.728632
1756.133985
1699.199559
1675.594246
1657.753956
1734.515059
1791.766162
1632.618868
1631.525556
1685.712250
1597.404426
1733.204515
1673.138456
1708.639660
1671.869765
1681.524647
1667.103162
1733.952176
1622.935338
1619.224132
1639.557765
1664.753441
1646.289985
1639.055766
1774.301868
1642.896397
1665.099485
1597.500941
1634.171179
1716.352985
1668.651515
1661.097985
1599.525176
1699.923931
1650.369676
1726.180691
1736.738971
1730.479456
1725.305167
1726.763044
1680.513735
1729.883721
1598.048279
1619.335772
1674.634603
1665.025265
1678.440618
1649.391662
1786.455597
1785.310588
1779.186691
1681.889735
1771.685191
1793.969289
1761.181338
1719.643676
1672.527632
1587.743324
1606.498143
1582.897309
1763.495647
1825.071750
1758.986956
1619.687851
1834.095559
1660.564118
1734.028279
1663.283941
1591.456470
1623.323368
1660.190088
1683.217912
1830.717882
1584.051309
1792.941794
1682.739882
1734.572147
1812.377647
1563.550134
1706.852500
1737.000544
1658.821441
1658.411235
1668.518444
1717.398265
1696.066044
1721.577044
1762.697074
1607.293402
1713.188426
1681.621824
1713.744824
1670.305824
1559.224682
1769.937132
1629.162250
1801.042338
1757.622471
1689.153831
1601.289206
1717.346529
1837.452603
1722.864676
1607.217891
1666.105426
1657.013735
1757.988809
1606.400559
1601.021304
1638.406235
1912.373676
1517.570721
1697.927221
1624.703217
1632.774926
1653.448103
1742.771515
1675.432221
1763.674983
1734.396147
1541.088735
1569.633926
1768.777985
1717.468470
1556.633221
1696.581824
1762.475162
1668.870382
1590.227442
1644.274544
1578.508971
1544.523691
1736.805779
1666.376120
1681.779324
1839.372868
1690.548441
1596.732471
1771.297489
1843.130838
1695.919338
1689.627294
1768.068779
