3284.047706
3367.553691
3385.830279
3540.231471
3291.086540
3557.221485
3348.818118
3359.502294
3498.695382
3475.675835
3385.452265
3409.903559
3660.984985
3301.407132
3599.811851
3723.866500
3731.296279
3205.607647
3284.788294
3517.106573
3313.330456
3555.680441
3414.160309
3307.582647
3313.589163
3295.952647
3392.861132
3421.622235
3223.098941
3332.137649
3705.228088
3350.780074
3277.566647
3515.045221
3248.518357
3659.582897
3397.621103
3393.109000
3454.841603
3453.763902
3383.354662
3625.920868
3373.830824
3888.245294
3246.653756
3627.950206
3609.616706
3251.289559
3535.905441
3350.189067
3408.877515
3738.432809
3395.738853
3506.895265
3424.454715
3204.974500
3481.294088
3477.567603
3519.433500
3327.164687
3444.995618
3671.298882
3481.886324
3405.708706
3440.567938
3391.303294
3448.505132
3470.704412
3448.574500
3342.232028
3381.532824
3284.777250
3422.766279
3535.076574
3793.150309
3490.327985
3224.296618
3607.599382
3510.012441
3239.030163
3322.089559
3216.446456
3269.325559
3159.062353
3213.613738
3671.345162
3287.908118
3312.458750
3442.524426
3487.490754
3598.459750
3667.915059
3410.937559
3482.302515
3305.789741
3521.484941
3358.291324
3314.162559
3267.880471
3313.677286
3345.726735
3457.053471
3389.109103
3519.718882
3384.633729
3517.111809
3600.266088
3386.068044
3602.927809
3477.924921
3417.687779
3523.306015
3537.220147
3294.098529
3473.280335
3334.016191
3080.946353
3166.791162
3612.177809
3240.475748
3679.021368
3224.264338
3325.693956
3335.478676
3289.784661
3287.321338
3268.121574
3598.463162
3489.704809
3215.587898
3431.264765
3498.199544
3443.985956
3249.193132
3412.500428
3538.984191
3246.350103
3289.990574
3625.976382
3531.259812
3420.446338
3375.449662
3579.239441
3371.586618
3393.550358
3497.327515
3523.340000
3965.331132
3587.077250
3404.386256
3363.516794
3441.706471
3374.189750
3632.228353
3519.975537
3262.888853
3812.049912
3382.156206
3423.588074
3293.344994
3515.428265
3633.709471
3850.201235
3401.207632
3079.146525
3552.905309
3472.773294
3315.291588
3730.037559
3385.840747
3543.746412
3504.745485
3578.125868
3449.039088
3335.731895
3346.733147
3496.030544
3346.142632
3647.119706
3174.315455
3449.100441
3247.768721
3532.519676
3484.439309
3327.709295
3145.798618
3408.867265
3458.201353
3586.037397
3610.714429
3253.217897
3430.225838
3160.943059
3394.592971
3253.476151
3684.775618
3356.519912
3565.206485
3487.525426
3209.770211
3377.064118
3177.946706
3462.576779
3371.261882
3414.339551
3600.079647
3384.890809
3298.737926
3450.406456
3249.880228
3449.287662
3589.029221
3254.752824
3289.082647
3330.835803
3361.846221
3239.217382
3637.447044
3632.107926
3486.657805
3265.349941
3281.858603
3429.374074
3647.268971
3583.275659
3437.682868
3299.197441
3695.317632
3259.528000
3355.383705
3337.232368
3638.385397
3503.538132
3425.823279
3182.865721
3266.188765
3139.984309
3468.254279
3458.763132
3350.732340
3359.098529
3383.948691
3521.592559
3574.623971
3477.101250
3567.479032
3420.471985
3378.944015
3378.879956
3397.364103
3502.823254
3433.872368
3460.462618
3346.785912
3340.939147
3284.543241
3472.722544
3278.264456
3278.169926
3460.740853
3426.822683
3392.873735
3661.689485
3514.707706
3396.580162
3346.790626
3561.650103
3268.311191
3319.483397
3567.261000
3659.732921
3420.891456
3577.033809
3138.440132
3618.519250
3222.967864
3511.218721
3480.967971
3273.081221
3485.648118
3397.808365
3370.823324
3284.474897
3557.588397
3469.684971
3312.918323
3421.146235
3304.854265
3648.945147
3439.075721
3633.750206
3332.863544
3753.127397
3319.863882
3600.636676
3380.473208
3240.483926
3543.295941
3223.691809
3501.454515
3505.631062
3553.314132
3543.565809
3456.713471
3404.764015
3169.567063
3205.284294
3708.292279
3328.742029
3115.298574
3320.849197
3437.933250
3323.870324
3214.106515
3734.411941
3434.562875
3379.955794
3125.127088
3744.653676
3322.995985
3260.429994
3539.169368
3244.000912
3427.599250
3488.619956
3342.306231
3461.401456
3413.534544
3359.984176
3524.952926
3402.964409
3321.028632
3407.431235
3478.860926
3270.382706
3556.375822
3742.319147
3229.403559
3427.847471
3601.211044
3317.080058
3313.082529
3376.566147
3463.123132
3673.964309
3174.833266
3634.837956
3270.079912
3624.820309
3276.964015
3575.147620
3376.032176
3289.388985
3593.581853
3406.248662
3504.661018
3125.931809
3531.237353
3667.205691
3384.903250
3275.102534
3079.646294
3470.722338
3228.163676
3417.010088
3233.954565
3528.418397
3594.474059
3142.941485
3373.329324
3223.358567
3404.591338
3565.204118
3553.911735
3547.457706
3438.736744
3374.050735
3469.172735
3388.225103
3545.179191
3465.107349
3328.506441
3599.752221
3289.520368
3712.604176
3532.118306
3445.215191
3418.083853
3344.564618
3332.809206
3692.888837
3335.626956
3232.590926
3306.556809
3230.216382
3526.794353
3544.743118
3429.709956
3314.846559
3427.018485
3467.179310
3389.977368
3706.407956
3218.806176
3466.371426
3230.665870
3148.382176
3365.469029
3661.054824
3350.806838
3286.713857
3022.650176
3572.611676
3361.905779
3327.434706
3239.235417
3496.762412
3478.876838
3135.092721
3394.777309
3429.850036
3174.276588
3453.990235
3484.793515
3340.694015
3208.575523
3470.987015
3490.754132
3463.759721
3636.463721
3747.898760
3518.618691
3241.958265
3457.048588
3124.134985
3363.183276
3348.711118
3425.536103
3476.979426
3690.448647
3244.765821
3379.524029
3551.126500
3640.962250
3420.252721
3495.437543
3328.113868
3457.611647
3446.485353
3453.715603
3280.749662
3321.229088
3471.681897
3422.581176
3640.608574
3457.117678
3542.656618
3624.204000
3487.098838
3493.741574
3288.836547
3707.380662
3458.900721
3308.221912
3479.866691
3270.293799
3475.725074
3589.998632
3219.274485
3582.743794
3481.117918
3422.238588
3374.960412
3304.739206
3608.120397
3403.264169
3148.077632
3241.719059
3688.319897
3651.662824
3445.197773
3427.366074
3425.264838
3740.573147
3252.597794
3385.083407
3467.694250
3174.745162
3607.596706
3569.967706
3530.286909
3587.734618
3470.157324
3426.695515
3446.085368
3341.003998
3280.225912
3328.140603
3437.347029
3348.175691
3374.344823
3445.826985
3665.834000
3199.873824
3477.821250
3295.195795
3517.156309
3387.834603
3613.167206
3606.842603
3517.833193
3588.014250
3562.556824
3331.324632
3478.937912
3259.261827
3346.424103
3333.682941
3201.588118
3379.636324
3319.253976
3437.494456
3753.095088
3508.056721
3390.847382
3515.924168
3523.789662
3380.661956
3308.234426
3491.553132
3593.892096
3264.900029
3306.300309
3577.147971
3378.617721
3181.030818
3366.890044
3217.242368
3405.667897
3261.047618
3481.741084
3520.935574
3408.606103
3436.511529
3688.780250
3467.270630
3362.935221
3324.803632
3353.371221
3526.533191
3426.651205
3623.548088
3694.182221
3101.220926
3592.818691
3510.735926
3572.203794
3383.476882
3660.157750
3532.721853
3301.367693
3597.387882
3509.454985
3623.579368
3501.392529
3625.285473
3455.022882
3291.811662
3289.834426
3515.617676
3072.694151
3279.758956
3676.327559
3495.826618
3213.288956
3494.311476
3375.798397
3720.750588
3159.131338
3169.959324
3503.421742
3444.287647
3533.646338
3539.948809
3461.546029
3184.115097
3501.059368
3420.365618
3444.394074
3524.975912
3423.045642
3215.879309
3536.422235
3638.348912
3281.684103
3390.091438
3543.298559
3375.442971
3495.408206
3434.366368
3402.214365
3400.491309
3232.777721
3574.101426
3335.161324
3409.469161
3241.903015
3319.009397
3529.044176
3111.404206
3408.593059
3419.513162
3570.414735
3159.091985
3362.466765
3277.710090
3288.430382
3236.944338
3526.664544
3344.789559
3281.339239
3694.690588
3269.521794
3417.320574
3508.695912
3307.036181
3562.780338
3862.691029
3407.368103
3319.375338
3350.738227
3237.964324
3316.057485
3453.363088
3331.412500
3326.248301
3295.756868
3236.668529
3510.165779
3348.331088
3574.937523
3366.649618
3516.010559
3389.605132
3435.160044
3457.813069
3823.894559
3168.733956
3506.375309
3561.826279
3391.418438
3417.296059
3636.610515
3345.045485
3350.937132
3399.025175
3371.948162
3482.098088
3644.376868
3581.499279
3547.347558
3350.351250
3616.487824
3401.608015
3623.269971
3156.993074
3467.409074
3768.562029
3362.328059
3307.024059
3619.616149
3649.766603
3595.687176
3497.001324
3089.606662
3445.170033
3494.964824
3371.014926
3127.526015
3547.542750
3188.137652
3189.802779
3451.851103
3466.497103
3456.744868
3470.183786
3392.284044
3585.035765
3575.241412
3509.133588
3369.530140
3597.304485
3636.018588
3542.155794
3393.332206
3349.267818
3548.380544
3244.527162
3587.480971
3819.283809
3301.303996
3396.185971
3543.045044
3456.150118
3382.483618
3676.304600
3383.599926
3484.470647
3435.790603
3279.546750
3568.060602
3658.024382
3399.595147
3255.984147
3556.736706
3372.171441
3192.936132
3488.167632
3415.841868
3525.638382
3378.094545
3675.992221
3809.180294
3237.884897
3613.210456
3735.448297
3279.725662
3368.058015
3423.439956
3295.588456
3296.004225
3550.653456
3443.705456
3385.215985
3328.572735
3419.926873
3299.101279
3390.503632
3623.031912
3434.262206
3364.203433
3460.521397
3558.947162
3554.613882
3358.878250
3490.326347
3511.171368
3585.254206
3261.380868
3197.476324
3418.215127
3356.521103
3485.285721
3561.897412
3501.126426
3363.704143
3602.219662
3524.718618
3274.405574
3394.423338
3308.157542
3507.327882
3305.766735
3358.307471
3480.797103
3571.216234
3472.748809
3461.942838
3557.901735
3653.064162
3742.387339
3582.397088
3429.171632
3329.260706
3297.215485
3301.209311
3506.761882
3548.757985
3504.408426
3537.595750
3571.092121
3457.855735
3248.880485
3575.784235
3370.365338
3186.507902
3533.259265
3541.187456
3555.896824
3432.055544
3370.933035
3383.044250
3376.064853
3516.202676
3609.936015
3368.733890
3403.877000
3211.760441
3539.018603
3414.244544
3564.785023
3283.616809
3438.578809
3625.811279
3014.805574
3425.576275
3528.990765
3637.363603
3480.679838
3516.879529
3477.676835
3243.485603
3456.711397
3445.234574
3290.001088
3247.729616
3255.674868
3483.015029
3382.945103
3517.085485
3157.235661
3483.967103
3736.466706
3463.379368
3517.448250
3257.554148
3224.174324
3510.005382
3496.144647
3687.345132
3349.376267
3370.398324
3193.529456
3488.499147
3467.646853
3040.371033
3482.911265
3384.788426
3357.181029
3325.709309
3400.359446
3379.157824
3664.042662
3529.804721
3603.401441
3531.322389
3636.951456
3206.334221
3129.828735
3676.796632
3477.508302
3148.085059
3303.983235
3417.230221
3283.524868
3501.593509
3456.230632
3619.842441
3621.093029
3291.488456
3529.156187
3309.796118
3227.689265
3577.372441
3318.199574
3354.229483
3692.527368
3529.644353
3232.401221
3482.507397
3054.631822
3513.309206
3441.934721
3353.805809
3543.753912
3657.853838
3330.206015
3523.022044
3159.044853
3399.172074
3410.265237
3628.821368
3408.211147
3384.805176
3309.492588
3353.941723
3458.676221
3527.898059
3319.653000
3726.981132
3673.520563
3488.844544
3571.652235
3503.438000
3266.043706
3512.710241
3700.142456
3564.770250
3519.654382
3516.663897
3291.699977
3231.861221
3513.502721
3198.350235
3356.904691
3192.611802
3425.309735
3518.144618
3369.635735
3567.433706
3347.895730
3493.603809
3369.994941
3350.577015
3260.445735
3479.937423
3418.827794
3544.152206
3111.249676
3351.077412
3199.459954
3710.422529
3415.660162
3583.827529
3368.879471
3379.115778
3408.965515
3439.263338
3324.383279
3303.818971
3405.821236
3296.718618
3395.633926
3587.297235
3273.528456
3462.941090
3638.537279
3516.562838
3080.488059
3360.567912
3449.610194
3571.730368
3324.841618
3743.177750
3535.601838
3302.234872
3341.020471
3208.505250
3531.487265
3313.668824
3382.225771
3628.294000
3505.218265
3425.538103
3663.947368
3384.624831
3484.336544
3307.198853
3342.288721
3393.003147
3567.707376
3503.518368
3534.210515
3587.403485
3469.709044
3429.139054
3516.969544
3643.270750
3694.258132
3454.127529
3262.043085
3419.808176
3509.449412
3242.064529
3637.034603
3337.489307
3312.888074
3622.237118
3326.206529
3544.650162
3563.152647
3356.584647
3741.074206
3469.484426
3565.809735
3508.188722
3386.006412
3479.417471
3464.787500
3551.430824
3563.813193
3377.016912
3218.421853
3471.946662
3382.615250
3469.991901
3552.080735
3588.198147
3124.968294
3429.804956
