2580.952838
2438.605735
2622.739706
2515.096338
2341.266995
2551.032265
2517.568676
2433.628015
2775.485353
2511.919438
2651.678882
2666.409971
2737.246838
2356.231868
2564.940469
2617.359000
2822.461441
2563.964515
2636.555103
2633.563411
2514.863632
2550.216868
2607.681118
2582.912618
2766.274619
2582.684412
2468.229662
2514.770971
2483.304221
2588.399061
2576.068059
2486.269015
2475.091456
2446.458824
2439.950077
2638.745706
2402.172235
2654.932912
2677.430044
2790.178152
2614.110868
2763.445956
2518.879500
2656.079044
2515.758330
2513.103191
2920.723132
2586.507500
2824.050294
2472.248375
2572.976676
2788.585368
2615.237368
2678.972353
2398.078200
2641.049824
2602.717118
2801.156868
2539.019147
2383.546819
2685.943735
2646.370338
2697.032309
2582.400250
2534.423262
2702.334132
2628.085956
2545.676206
2619.738588
2553.404043
2519.751206
2587.250574
2514.068279
2530.168176
2765.819059
2709.912029
2684.423309
2871.281706
2748.243206
2566.942854
2507.410279
2592.926706
2332.987191
2620.567912
2507.189415
2809.060279
2612.326471
2542.545676
2756.546662
2645.343386
2686.042441
2496.587544
2391.719147
2715.447235
2770.820976
2702.042985
2638.129221
2552.157912
2630.626088
2588.057242
2655.867706
2763.929250
2556.945750
2548.931309
2399.294464
2551.468912
2557.014382
2548.921162
2811.756779
2533.598598
2788.958147
2726.207397
2658.556912
2579.530662
2799.903938
2531.954956
2446.626794
2558.849338
2625.019750
2489.785939
2452.873485
2446.140412
2732.458750
2479.817985
2579.646220
2547.264985
2663.352265
2779.196941
2503.584412
2208.216633
2650.579103
2671.519882
2750.476574
2553.929162
2441.631546
2724.556471
2397.225529
2588.178853
2576.969985
2490.099974
2540.677985
2585.949956
2697.996603
2566.716515
2465.830799
2305.490809
2449.974500
2671.004941
2823.874132
2563.009124
2539.271368
2538.154412
2504.352456
2654.256912
2328.932007
2484.833221
2696.267809
2729.409368
2760.148162
2516.210376
2455.753426
2509.757676
2720.495485
2415.047059
2478.191804
2716.172618
2624.474824
2551.428926
2466.756662
2505.742232
2621.089662
2626.033632
2599.943618
2751.417206
2629.830778
2635.202926
2679.141618
2660.046956
2535.165412
2552.631352
2720.022882
2729.666221
2471.630500
2583.107632
2617.539898
2366.310500
2615.851662
2544.234368
2655.162147
2508.582282
2449.094221
2471.123926
2458.954735
2565.463309
2596.705518
2592.217603
2497.136882
2521.027088
2527.668382
2453.172461
2566.763191
2538.653324
2565.197647
2580.793853
2511.382948
2856.788824
2557.485985
2682.504721
2595.590588
2740.644464
2647.067338
2732.372971
2627.585868
2641.955147
2676.735039
2598.183971
2633.509897
2479.580706
2673.219824
2735.138408
2579.655029
2609.101074
2532.454647
2647.001691
2494.294130
2517.320235
2700.001176
2491.057779
2310.212103
2645.224705
2561.442309
2564.105897
2756.302235
2511.781324
2430.496853
2779.913426
2520.500809
2550.963868
2542.127618
2609.960369
2483.798603
2689.581676
2596.788956
2537.112456
2414.467941
2621.021120
2585.949132
2594.512221
2613.428574
2383.749118
2706.712166
2593.678088
2583.402338
2593.998250
2570.786221
2440.939020
2691.026029
2526.744662
2706.354015
2520.071353
2539.641360
2601.446147
2447.772544
2545.816074
2625.932588
2640.487817
2567.115559
2280.814250
2753.776838
2619.001971
2474.342480
2672.345912
2472.631426
2511.517897
2734.405176
2720.903849
2630.883662
2616.343838
2512.010162
2517.344750
2369.569218
2646.001088
2627.522603
2786.480632
2487.362603
2617.094984
2500.238074
2682.794941
2746.796221
2483.020794
2577.913736
2663.763279
2483.275824
2621.947794
2538.722044
2448.003664
2578.733353
2528.128971
2680.570279
2579.953088
2654.963268
2577.035588
2441.671853
2510.809147
2508.661779
2438.042137
2416.846676
2749.745059
2392.433515
2589.965044
2414.097785
2511.365897
2632.650353
2433.473338
2791.742926
2578.008184
2580.984985
2572.369824
2783.011647
2667.434044
2563.666376
2566.531529
2638.056074
2395.126794
2723.251544
2585.141584
2635.388691
2710.660971
2622.867294
2605.512103
2523.812364
2355.907397
2402.365309
2581.888206
2637.182029
2783.474381
2610.289632
2604.640779
2592.132132
2761.967426
2657.449029
2560.674574
2398.783647
2456.931912
2727.639750
2331.584604
2489.983706
2410.344897
2655.290015
2361.206059
2744.085105
2463.302235
2635.904368
2549.730603
2391.601794
2601.781033
2597.835118
2643.039015
2734.732529
2616.657368
2491.579740
2415.248529
2667.302162
2552.350985
2434.276897
2651.390256
2427.625074
2678.334309
2622.381868
2637.909515
2632.736743
2618.773147
2588.409015
2460.253794
2796.990809
2626.119436
2667.023074
2433.159838
2649.679985
2730.216309
2464.175158
2529.874926
2503.262103
2615.528279
2581.555941
2584.224880
2582.866603
2723.353779
2592.634103
2895.619824
2627.781557
2390.590279
2363.276206
2706.956956
2559.691750
2525.180824
2658.367176
2444.633632
2569.174353
2684.683206
2642.026634
2654.734250
2650.846853
2430.932721
2618.113838
2637.556547
2449.759368
2574.054588
2664.544735
2812.720632
2494.443945
2387.927368
2583.162735
2616.551868
2651.799912
2437.198506
2649.043838
2498.998515
2424.941779
2504.588853
2581.632492
2478.171735
2601.309471
2902.734074
2761.842456
2517.235317
2623.526324
2401.718897
2535.931353
2770.731456
2548.975480
2753.154000
2662.905088
2349.942294
2277.400265
2614.086893
2700.442382
2601.706662
2878.295294
2810.267118
2551.178233
2705.268015
2633.056485
2520.578088
2549.484662
2434.119970
2494.763500
2470.487000
2585.740676
2737.678691
2508.484530
2571.219868
2424.088353
2658.648735
2595.719382
2355.558987
2550.614824
2695.173735
2679.762662
2475.162735
2646.769533
2463.461971
2434.000103
2484.699397
2385.566603
2650.682343
2616.803691
2647.945824
2620.314000
2692.318456
2665.010256
2560.502471
2746.088868
2575.229221
2664.400044
2433.392654
2483.151426
2483.538824
2950.240279
2676.657412
2496.636700
2555.716191
2620.263412
2831.801294
2436.189103
2716.351672
2587.557000
2557.412809
2617.337691
2561.879676
2622.196923
2747.735162
2413.594985
2628.460338
2592.109824
2514.692704
2542.072971
2579.869044
2656.653103
2640.106353
2701.079970
2665.378912
2537.637441
2674.048338
2574.575103
2452.817486
2633.298162
2728.128000
2581.049279
2620.586956
2544.456502
2618.860309
2859.253044
2412.132691
2770.589279
2317.655989
2602.241191
2594.311588
2457.722044
2478.559868
2481.705784
2492.628441
2578.323529
2435.697765
2616.756176
2535.514653
2688.608559
2694.110897
2648.458250
2323.471294
2681.684067
2493.467676
2531.352441
2812.547206
2705.961647
2599.277612
2420.188324
2587.278265
2615.622132
2603.488338
2760.925628
2537.814603
2726.256632
2523.530956
2539.973779
2536.375718
2748.177559
2743.540485
2481.062015
2596.629765
2369.337396
2558.490471
2766.743059
2563.260456
2679.630750
2598.759015
2617.696809
2510.785044
2731.643279
2498.861382
2365.886178
2457.930897
2611.158471
2669.115985
2547.961603
2487.062062
2409.914647
2422.173029
2667.782985
2568.287544
2357.668666
2570.920618
2783.212353
2657.990529
2526.379044
2566.522667
2504.465926
2469.552294
2672.753706
2418.118500
2618.778816
2718.713162
2652.709529
2599.627250
2356.326853
2463.909758
2719.117147
2523.646397
2612.316118
2722.620397
2620.715186
2359.675985
2472.592588
2762.422471
2508.095059
2573.141585
2651.079588
2351.114618
2622.649529
2603.188838
2400.773454
2597.894426
2650.369618
2587.349912
2598.243074
2649.719028
2678.216324
2789.646603
2441.971162
2465.136897
2505.806692
2514.046294
2890.902176
2592.767912
2605.590074
2454.064046
2679.081632
2756.587294
2544.946868
2483.904412
2600.987827
2850.904529
2733.755824
2653.620485
2549.281912
2686.513255
2649.839882
2784.939926
2596.702956
2502.332603
2375.013447
2650.241118
2560.690882
2521.841838
2537.828324
2303.177228
2501.851088
2434.347221
2717.903721
2629.224956
2270.140950
2439.477044
2636.744353
2623.745074
2536.707221
2479.829642
2382.442250
2600.529029
2487.912250
2467.417044
2591.499159
2556.053706
2554.639206
2526.409441
2519.166441
2736.039616
2716.191706
2644.387647
2727.641471
2483.211809
2498.135338
2600.628941
2806.473176
2419.825662
2827.866059
2551.118927
2915.677132
2767.242750
2693.819632
2591.321750
2693.872988
2575.618485
2478.567603
2486.256676
2553.058912
2598.864165
2681.227162
2597.731324
2509.131676
2492.226162
2240.972358
2475.838706
2453.784015
2650.960574
2469.198397
2739.845948
2762.289941
2710.547147
2587.904632
2712.850338
2483.408728
2803.279912
2560.634059
2597.852676
2432.282338
2681.037921
2566.360632
2438.782853
2717.684132
2719.093338
2443.673187
2714.754176
2493.697191
2475.228838
2539.596000
2725.217791
2414.761162
2398.823779
2800.290132
2500.936221
2517.725910
2803.466868
2570.786632
2625.837176
2561.441059
2513.823088
2617.578618
2609.576441
2619.904647
2743.216206
2671.625325
2416.195000
2600.010515
2641.972926
2495.001265
2602.621370
2719.848338
2429.872397
2509.057485
2510.980015
2566.117151
2631.804544
2569.157515
2702.798397
2442.911544
2478.454903
2331.673676
2528.069176
2536.143353
2509.823176
2605.186360
2822.967721
2555.641059
2554.576294
2826.029029
2617.740082
2479.333206
2566.549426
2428.925676
2539.693750
2674.553451
2744.117088
2683.383235
2907.472441
2603.536912
2551.987379
2715.356779
2470.332353
2622.649912
2541.427632
2537.631557
2717.486074
2423.175926
2669.765618
2610.783574
2740.560028
2621.951368
2626.076353
2450.505765
2760.287515
2678.982603
2547.875559
2691.401853
2517.397868
2603.870574
2564.701340
2524.714382
2447.077515
2551.420647
2664.223162
2521.917386
2571.841647
2582.869559
2543.293294
2535.050985
2493.721284
2620.453691
2583.765044
2629.648662
2829.216735
2454.054932
2693.081412
2646.636279
2679.763721
2668.873868
2510.672243
2678.869162
2658.521015
2532.863956
2433.904294
2820.960362
2529.131500
2673.715250
2909.901029
2477.430162
2598.586878
2439.440074
2689.343912
2554.993838
2612.441485
2655.003159
2289.168750
2586.396456
2588.513765
2375.570574
2532.211351
2554.812544
2315.057618
2651.332794
2543.656324
2420.020705
2575.201603
2643.351794
2655.793265
2488.126647
2465.134119
2467.835191
2729.277897
2507.650250
2620.268912
2565.233546
2492.794029
2685.626735
2748.580500
2612.375015
2630.204489
2554.122809
2609.349382
2464.276397
2533.048132
2621.085873
2566.861706
2554.750809
2725.619015
2680.736515
2655.991256
2794.903574
2625.673206
2281.659029
2796.525574
2598.994199
2442.761059
2824.626000
2814.090750
2312.095647
2677.385053
2541.348750
2565.686250
2444.263632
2408.484882
2552.904702
2622.936647
2698.635103
2690.444853
2603.470132
2532.772380
2624.292779
2684.864926
2410.857368
2542.961618
2643.397999
2390.685809
2698.622309
2693.184265
2535.710015
2603.192794
2644.527676
2787.719250
2603.994162
2524.314529
2430.307634
2737.472529
2663.325426
2602.055912
2628.208382
2649.380635
2497.172088
2737.090779
2674.037853
2464.202632
2708.774622
2446.657515
2709.594559
2548.161103
2697.787324
2619.023491
2760.344324
2594.863000
2502.896294
2653.929294
2603.412051
2459.033044
2637.560721
2681.047912
2800.584750
2514.776464
2643.842941
2545.723926
2533.531515
2830.618544
2295.186966
2535.870779
2571.324471
2545.746515
2665.467279
2651.564835
2488.445221
2599.801618
2402.462882
2464.756426
2484.656292
2696.169647
2635.720515
2834.719324
2550.018191
2572.819852
2507.805265
2545.330588
2616.174809
2603.721647
2475.823059
2479.953015
2531.090485
2739.812912
2344.415353
2451.797325
2806.608368
2505.690971
2581.650044
2776.400941
2524.273959
2631.047603
2420.557441
2664.404412
2510.839015
2544.338210
2573.403559
2633.575074
2694.506588
2366.668338
2493.227462
2450.330471
2485.031456
2664.750221
2484.333529
2554.797581
2855.788897
2688.497544
2315.922882
2483.982691
2680.995229
2562.132368
2521.488559
2852.269441
2665.102426
2517.069701
2894.759147
2606.417603
2639.235897
2566.144912
2474.398717
2591.671353
2465.198015
2560.467941
2513.399265
2599.644454
2443.504074
2479.398632
2822.471971
2680.266632
2576.856352
2565.159279
2745.815559
2700.830456
2916.758103
2572.244839
2555.587838
2450.831971
2678.055397
2712.938838
2496.084282
2588.763897
2694.187662
2565.823265
2375.411603
2747.218886
2984.290853
2641.746603
2397.251809
2621.548691
