719.789100
788.071400
986.338100
968.099700
740.927469
756.146000
997.630300
923.434500
761.143400
529.922478
903.744800
816.221700
683.684200
802.314000
509.970087
921.398600
864.586400
829.122200
621.578500
547.418497
886.526200
669.209400
672.438200
883.535800
541.736306
937.230400
822.401700
953.851900
1036.878100
487.454016
751.302900
800.000200
653.813000
966.291300
662.378825
829.042200
987.289900
913.399900
858.742000
535.242734
981.959100
1051.184000
732.975800
771.336300
676.346444
878.516700
669.546300
850.815300
844.298600
402.942253
939.570900
695.814600
681.738500
743.565100
535.427963
1191.373800
733.890100
833.931800
1009.878200
651.132372
888.619000
934.687200
991.239000
781.176200
468.120481
873.525900
747.864500
753.497200
832.717300
489.665491
853.114300
954.562200
871.227400
933.141800
540.475300
760.661700
740.089300
784.599300
668.823600
611.333409
559.731200
916.006800
1086.225800
1002.506100
552.273319
947.203800
779.608700
731.990100
852.999700
807.739228
875.548700
573.471600
881.045100
965.322900
619.383137
963.517200
883.842000
662.152800
764.912400
415.422847
893.330700
1007.723500
782.301200
831.375900
615.941856
866.699400
804.956700
787.222100
797.185400
526.707166
915.372200
933.177800
988.586900
843.006400
855.231375
885.490400
805.460400
926.489800
810.369600
776.570684
703.286800
699.084900
852.788800
987.748800
465.013894
932.800200
759.390900
769.809700
841.566100
526.558203
725.652700
1021.260400
865.781800
716.022400
674.215213
869.427000
694.324700
935.040000
718.238700
582.633222
885.432500
834.637700
978.426300
957.910500
441.175231
874.508400
1018.790200
956.012300
707.348700
623.750341
1081.173600
967.114800
760.215600
906.810200
528.234750
869.276200
831.015100
1003.789700
919.310000
500.366459
1044.147500
974.140200
934.924500
776.501000
667.461369
849.185500
876.145300
801.828600
887.594900
684.173878
1007.827700
720.529100
932.482200
683.066500
447.953488
873.690700
913.814100
777.484600
806.617000
476.229297
778.209200
965.171100
806.881600
750.115600
479.784406
846.903400
755.036500
911.056500
993.184200
642.830916
971.115200
808.656900
972.438500
969.203400
412.863925
817.775000
710.001500
992.871000
719.118800
351.122534
907.907200
974.656100
779.049600
765.085900
643.216644
755.690500
883.195600
759.066400
856.380300
486.131653
803.836300
798.993100
913.425100
701.762000
464.792663
727.399900
994.218000
910.012700
739.162500
619.916372
840.365400
850.435200
870.428200
858.808700
343.088181
956.896100
953.254700
817.187700
705.501600
483.538591
631.985800
877.616600
824.920900
753.747000
314.815200
920.059000
719.699000
856.439700
768.954700
659.864509
763.879300
814.744600
858.296900
753.484900
885.515000
794.390819
852.083200
824.264900
802.354800
996.654600
558.333928
988.009700
871.989800
928.863000
921.789100
585.891138
715.314600
744.760000
797.575200
922.557200
584.066247
950.974000
715.276000
878.698800
1067.522100
498.887156
859.454800
1056.086600
1005.505200
946.388000
595.902766
846.578700
872.046000
879.479700
996.437200
545.147775
705.865900
790.994100
924.734800
845.610000
484.960684
775.331800
953.122800
788.379200
1069.130200
571.122694
832.711100
795.339500
967.285400
891.968300
501.832703
1052.932500
711.648000
905.851300
544.157500
431.237312
852.649600
928.603100
793.362200
964.386300
752.862822
729.094700
773.257600
720.713000
841.818600
390.136731
842.571600
788.962400
760.739500
993.260800
682.286641
830.387100
877.927700
944.980200
823.033300
676.881850
840.478700
715.613300
863.056800
1137.151800
443.418759
789.924000
818.678100
829.085500
938.823200
682.797769
876.468200
746.596300
819.626200
809.345600
672.459178
720.333800
793.245600
932.160000
752.229300
675.766988
924.679000
864.283200
800.326400
712.902800
451.905497
880.545300
862.747700
747.034500
883.225800
436.943606
1002.903400
776.563100
981.023600
824.175600
377.455616
719.544000
677.820400
1040.111200
905.556500
498.971525
844.528600
886.632700
861.907300
962.307700
591.907334
649.429500
979.356600
788.575500
663.931200
605.347444
784.012900
755.902600
941.226300
776.627200
482.031153
867.997200
916.659500
794.784800
821.292200
499.929062
870.345100
848.326100
762.047900
1000.210700
561.583572
1122.215400
741.580800
711.783800
859.069700
639.657081
798.874300
790.666600
709.894800
746.042500
468.040291
818.526500
801.165900
953.698000
771.307400
735.884400
976.862400
721.168700
809.595800
895.471200
721.255309
870.970300
895.466100
721.886200
859.927800
598.039519
1041.290500
918.906300
672.895100
912.436100
547.843328
828.630100
715.532400
619.627300
827.137200
477.723338
875.493400
1084.414900
886.934600
804.146000
560.974647
1202.818200
785.251900
851.108600
913.233900
585.132556
713.090100
903.671200
989.942800
906.533600
532.627666
995.538100
944.587700
1054.115500
838.915300
466.977475
1104.838400
753.578700
562.287000
1152.954900
547.468384
715.159400
1045.711600
1083.847000
755.926900
478.146794
853.597400
917.048100
942.917900
854.665900
594.962603
983.735100
892.116300
758.493400
751.346400
432.830613
893.108400
784.200300
754.972800
759.958000
606.977422
817.101800
871.622900
845.637900
833.731500
720.885731
862.248900
925.811900
827.872800
713.833700
562.953541
964.304200
866.528600
722.463900
1037.698700
523.160450
1039.302500
858.214200
846.476700
961.018600
485.998359
906.915900
730.295300
748.374100
931.890200
660.433769
883.132500
844.172700
938.271200
871.924300
468.709078
777.304800
997.595800
757.083100
782.572100
670.328587
883.292200
812.433100
770.104700
1081.855400
631.733397
769.799200
910.527900
982.233000
714.379200
943.098506
929.831300
886.985100
805.236900
786.808300
672.035016
915.350700
811.951800
608.312800
1171.827000
517.506725
673.796400
855.559400
740.705600
828.002800
572.683034
846.093500
797.955100
892.985500
806.275600
566.949744
814.944200
1038.341700
728.961300
914.342500
537.459253
981.899400
1046.940500
1026.917000
961.944600
371.630963
755.237700
786.266400
733.942200
722.463100
628.656072
1181.793100
711.132000
1066.121700
764.303400
455.272781
759.458800
816.785400
703.176800
696.582600
694.621691
795.576000
944.806400
746.393600
819.777400
530.423300
1133.243900
875.596900
916.971900
752.982700
414.107609
843.580600
628.592900
834.326100
1017.362100
463.322719
976.707300
1026.960600
899.073600
883.836500
549.407928
971.316700
753.364600
773.438400
787.743500
536.931337
702.677200
1002.489100
875.038800
726.497700
586.380847
765.022500
833.544600
789.164300
697.996800
449.781356
826.075300
661.540400
779.119300
1052.379200
595.473766
652.852100
747.650300
698.058700
776.729700
529.594975
897.576000
951.430700
931.010500
1011.309300
572.110184
785.898000
761.235700
704.758300
795.000300
441.162794
1027.725400
889.767400
701.923800
870.520800
812.313103
791.895000
913.507200
771.975500
918.736100
370.173213
984.332600
1027.467100
758.834800
697.841200
450.660822
812.625500
866.658000
970.553800
763.509800
400.553031
798.033900
1169.652700
894.055000
684.404900
633.005541
784.784700
873.139900
882.542300
778.404500
406.034450
732.709300
740.385900
780.772300
699.852400
569.664559
769.436700
762.501700
793.284300
821.729900
834.186469
673.856700
836.541600
702.995700
767.929200
594.558678
1022.192300
913.522600
962.207300
1101.524700
623.327588
1024.883000
982.201200
804.240000
754.570900
666.557597
778.754100
736.664400
738.147300
797.695000
443.331306
1018.018200
996.010700
787.056300
733.384900
625.778516
871.052400
926.190500
720.054100
810.146600
625.859525
738.755200
769.026400
844.448100
898.553900
592.276234
767.682200
779.742100
973.804400
681.430700
447.530444
902.846800
901.531300
1041.511300
878.893900
648.658853
728.134000
563.676600
718.682100
884.287800
545.065263
804.855400
763.025200
719.004400
853.153100
573.138772
884.090000
881.819300
902.992900
948.855400
672.737481
806.372800
883.916100
703.856500
847.677000
695.554791
772.621200
714.640800
649.280600
876.072600
657.826300
857.571800
700.735600
866.094600
756.098700
445.433809
762.710600
906.981500
846.665500
880.446000
529.122719
927.634100
668.515900
848.522100
769.187300
448.298628
842.278300
982.308300
806.429200
753.968100
365.690038
871.601300
780.780700
966.115700
968.459700
482.424447
952.475700
745.081100
885.030900
830.951900
609.484656
922.859900
849.020300
719.363500
757.942800
590.943366
869.033500
701.500500
884.886600
859.577600
436.705375
785.160500
637.480500
649.340000
676.955500
601.154984
754.414900
858.636900
815.120700
883.886100
688.380994
1077.165400
756.249700
726.952300
720.183800
573.471803
895.367900
1051.248800
743.769000
871.474200
550.694613
821.812700
601.495800
816.652700
840.093600
504.455522
953.382500
932.359000
771.235100
910.651700
763.227031
988.653700
676.384200
840.710400
855.041800
410.886741
767.046100
731.306800
900.549400
771.355200
743.775350
803.786400
868.177500
819.526900
822.761200
565.720459
962.325900
805.124200
660.529400
826.062500
583.308269
1030.667500
839.477300
741.337200
834.859900
662.227978
826.379400
979.012900
1055.563900
782.395200
508.563587
803.051100
697.041000
1130.917200
673.747200
745.511697
914.350800
863.012300
827.110300
719.102000
547.044806
928.500100
740.247700
915.205300
903.717600
690.210016
674.316000
693.536000
682.022100
808.234200
449.106625
698.064200
888.481000
864.305000
817.971800
519.734034
837.129200
961.830500
803.858700
775.375300
260.140844
640.820700
887.265800
859.703900
879.516100
509.353853
921.776500
933.985400
791.064500
680.860000
722.784163
1065.610300
957.120000
784.481500
765.493600
358.960072
795.495500
855.589800
684.110900
866.091600
597.693981
969.472000
758.699500
874.146900
887.190000
531.481391
824.947100
795.553100
996.306000
806.863800
689.906800
774.384100
897.735200
675.725300
815.517100
589.796609
809.253400
925.226400
910.556400
958.425300
507.651119
1041.316400
814.052700
861.050200
899.620200
581.088328
810.231600
834.386200
793.407500
817.728500
669.261038
925.632300
926.396500
941.408600
863.092100
550.675447
987.957100
779.504300
829.906300
862.899900
571.875956
819.510000
703.919400
929.146100
796.606700
523.973766
809.420400
921.572300
726.488000
884.500900
790.899675
954.620700
743.072500
794.353500
699.788800
474.010884
869.944100
641.721700
870.050100
956.125300
700.974394
923.560700
910.873000
1019.838000
880.411200
394.996003
824.869000
901.223600
865.721500
965.067600
527.271913
720.525800
871.981600
924.408600
887.615200
549.594322
829.559800
786.857900
832.621300
774.875600
442.213031
750.784600
870.610700
865.145600
773.692700
466.813441
903.483600
1000.268400
818.546000
689.048200
563.602350
733.590600
829.520000
775.874300
859.048400
304.229959
781.868000
778.992400
680.675300
698.787100
645.031669
836.126600
744.807900
662.294900
810.963900
576.764478
1073.365200
880.256800
758.143700
742.401500
458.289787
834.584000
780.293400
901.813800
840.197400
522.657597
923.280400
743.414500
810.823000
808.785800
500.982406
781.005600
758.315400
922.479000
880.494500
860.681616
701.832400
829.356100
788.585500
717.645300
532.213325
653.223100
647.785700
817.111400
644.875700
