4132.124265
3908.416853
3819.588456
3912.736618
4065.418981
4118.770750
4674.698971
4092.246500
4281.493397
4158.449673
4324.345279
4297.365206
3885.728015
3918.863676
3851.547454
4009.026382
4090.880574
4098.459059
3879.553132
4109.464544
4289.369221
4060.987838
4066.507574
4229.422338
3996.071692
3973.335956
3890.432397
3779.516632
3934.831294
4129.041002
3990.715000
4133.632221
4150.401221
4140.215412
4102.133930
4155.262926
3505.992221
4186.593412
4245.914662
4105.367711
4107.332324
4048.645985
4188.441853
4323.151485
4216.400962
3728.852603
4162.269632
4420.504206
4126.855103
4108.448023
3991.501941
4137.867191
4213.407324
4156.545456
3977.631362
3864.177529
4076.241618
4465.053074
4121.180500
3660.121437
4047.885779
4142.333485
3818.936103
4370.721691
4155.920218
3842.114809
4158.036426
3983.765809
4446.557441
4005.765778
4021.697015
4162.200015
3800.052162
3864.540029
4316.852676
4289.395926
3798.469000
4167.859265
4073.066044
4044.562722
3848.243000
3942.075353
4007.367000
4200.552265
4247.568150
4118.466941
4150.247294
4008.071324
4531.868191
4230.275519
4021.217721
3963.409971
4120.822676
4635.475294
3785.214873
4382.156618
4020.717132
4145.238691
3996.327794
3635.663345
4107.325779
4041.774206
4115.670206
3815.612044
4127.184244
4046.006515
4265.444868
4108.141191
4117.177206
4106.927686
3815.522118
4139.165294
4421.066662
3879.279882
3887.772820
4101.798382
3985.436824
4290.139353
4052.013941
3768.514159
4251.262294
3725.822250
4072.704279
4095.599250
3828.489293
4141.648735
4095.153824
4084.597265
4044.906471
3831.947559
3975.093338
4145.325971
3858.766853
3844.159324
3729.732649
4282.550618
3828.908162
4125.384176
4357.163324
3989.213297
4337.048618
4138.113250
3827.525147
3834.273000
3897.448563
3758.414794
3747.058426
4092.642235
4129.172926
4182.799447
3977.292324
3946.380529
4083.004912
4232.887838
4066.204581
3849.645941
4223.742294
3958.427779
4241.227588
3791.764759
4104.597750
4259.852235
4033.212824
4198.255735
4329.530569
4187.877985
4116.257603
3961.645941
4134.229632
3980.354011
3890.383662
4153.882279
3876.496426
4115.487676
3969.192998
4230.669353
4155.324441
4057.552632
4086.483500
3994.596088
4159.110029
4119.102824
4099.011794
4011.087059
4120.299339
3734.697618
4252.460529
4153.655294
3765.813265
4075.757473
3894.704088
4065.317074
4020.872294
4326.108088
4188.591371
4191.866559
4326.450956
4073.603309
4118.852000
3885.248402
3868.279721
4056.381279
4106.030338
4350.726353
3948.492595
4092.565882
4105.820618
4150.955529
4140.650882
3902.670611
3782.029882
3953.134235
4062.315824
4156.094985
3833.704700
3860.630735
3985.153485
4350.791397
4240.967750
4002.195452
3917.254294
4298.690941
3938.985353
4293.650676
4071.775850
4412.535500
4295.182500
4003.000368
4046.122941
4105.479087
4210.491132
4428.360353
4153.353471
4333.207985
3818.857853
4147.879721
4143.612765
4076.095118
4257.268662
3964.472295
4343.275000
4096.858000
4268.679662
4093.058809
4029.214750
4050.231959
4149.663853
4210.215779
4093.670441
3986.204500
3852.154666
4324.640456
4284.598029
3946.227441
4051.885956
3624.834329
4103.342588
3949.941382
4401.987338
3688.318926
4020.034610
4125.877588
4083.877559
4045.171324
3763.520603
3618.309435
4251.973662
3941.684029
3938.110426
4118.777559
4112.601230
4217.290206
4033.427765
4107.009279
4157.377382
4105.368688
4280.169456
4060.985779
3930.655176
4412.292397
4215.830204
4023.239926
3848.725147
4379.812529
3933.459044
3967.612573
3923.371882
3858.772294
4244.889044
3952.189544
4024.610500
4123.536074
4150.748412
3921.197926
4113.485529
4149.812619
3906.626971
4617.565397
4205.995588
4359.521559
3816.285797
4253.341132
4348.829132
4224.714103
4218.277044
3694.891902
3752.768882
3895.491941
3912.028191
3939.827000
3756.103550
4109.469353
3786.494971
3767.126618
4324.533603
3856.601699
4252.959426
3839.342647
3947.157544
4189.744176
3621.547053
4432.844529
3899.464235
4071.124426
4266.262838
4164.478760
4203.588574
4158.911456
3760.954809
3791.470882
3991.287247
3935.904412
3691.640397
4071.079176
3852.963735
4232.373851
4327.265059
3908.669324
4183.659735
3979.087191
4045.783235
3999.185471
4083.468368
4302.027191
4141.864221
3903.953604
3937.176574
4441.934265
4026.080765
3836.829103
4345.315605
3762.275191
4119.720912
3987.913912
3955.947074
3915.129298
3811.847294
3829.881500
4307.891353
4039.800118
4022.356270
3741.751191
3965.286074
3883.449074
3889.793338
4266.274933
4090.224353
4124.013338
3875.464103
4334.619691
3997.131949
3884.831456
4036.220912
3702.331779
3866.720588
3787.024583
4154.217191
3961.832779
3926.178397
4274.802059
4198.574216
3898.889706
3882.092618
4129.352882
3962.279735
4251.315174
4432.390500
4086.259147
3704.457853
4475.001485
4042.667778
4227.423471
4269.075191
4091.006162
4103.643809
3986.616853
3850.224132
3889.677926
4196.526235
4231.871897
4286.474310
4004.794103
3886.524088
4035.058618
4279.298529
4220.571753
3829.965794
3937.626029
4279.188647
4120.841456
4125.722386
4215.449265
3850.815044
4056.681662
4105.463882
3889.907403
4008.853279
3940.650647
3742.500706
3817.095897
3964.267036
4143.734750
4246.709265
4120.872074
3837.206353
4020.875891
3923.023485
4058.856853
3927.051456
4298.768279
4092.627024
4361.204971
3884.752176
4066.228941
4037.613588
3947.319614
3899.560721
4173.129853
4109.730265
4102.696309
4137.077674
4096.662544
4403.857309
3945.035721
4472.733456
4054.866984
3635.642250
4077.921588
3859.819985
4241.554044
3937.308824
4212.697853
3973.070000
3789.316221
4113.703029
3996.547340
4053.988721
3755.596103
4349.496559
4361.543676
4155.478915
4223.880382
4070.266647
4228.329471
4039.604074
4106.954505
4059.599956
4002.163147
4027.149456
4094.756441
4146.783521
4305.566706
4132.942059
4281.048191
4044.903809
4027.396669
4332.906015
4017.214206
4345.834103
4070.889971
4330.879582
4162.301971
3948.117147
4066.085824
4001.506985
4178.006848
4115.446912
4329.987838
4037.607603
4018.002500
4249.417938
4220.840382
4128.759544
4060.248882
4045.774735
3980.763675
4012.685118
4158.977103
4159.096397
4175.176074
3866.073838
4344.566838
3940.301044
4185.784029
3923.710662
3857.540795
4061.308544
4154.928353
3914.484809
3771.794985
3943.778738
4054.789456
4183.697529
4002.221618
4027.289838
3992.688224
3978.119221
4196.204294
3933.956397
4081.408015
3997.601329
4027.254971
3842.530985
3923.204485
3917.956103
4030.102124
4381.998059
3991.499735
3838.567368
4292.354971
3921.621743
3997.989015
3823.801647
4191.333647
4030.209603
4021.980465
4241.316456
3822.542676
4072.165735
3658.827132
3991.539496
3995.148044
4064.851956
4048.770838
4087.743868
4248.239262
4059.078721
4315.848221
4007.512794
4003.481603
3928.494763
4349.923221
4371.848382
4191.967382
4219.065044
4190.384971
3953.544794
3848.384603
4264.212338
3841.836412
3852.020237
4071.398706
4110.445750
4293.024618
3974.527529
3768.526209
4174.075162
4139.584118
3912.193000
4342.200721
3836.581666
4205.780985
4103.209147
4269.089926
4129.900485
3951.487329
3831.428250
4336.716353
3897.317441
3916.170500
3759.420154
3950.985882
4093.515221
3920.690985
4055.333221
4149.185126
3957.578132
3956.016868
4561.379103
4219.714382
4309.333613
4334.687824
3977.466088
4518.535088
4051.375632
4037.775952
4267.050868
3977.317559
4674.651309
3967.665206
4153.557262
4200.091500
4005.280824
4120.364691
3404.727882
4158.789014
3966.527059
4131.504353
4139.751176
4034.516471
4200.016839
3983.857456
4307.534059
4385.789324
4209.788044
4055.236928
4006.944044
4225.595397
4126.321441
3891.800941
4002.842503
4137.575074
4153.080824
3830.730029
3976.188941
4065.711725
4305.428147
4134.964529
4399.554206
4143.310324
3986.157874
3860.059706
3739.343515
4112.994118
3934.497588
4056.830331
4344.013897
4118.404235
4127.349353
4194.354074
4525.446597
3944.222647
4108.800191
3954.593926
4096.584426
3999.357025
4297.501294
4058.434618
4307.601750
4246.846926
4341.749776
4047.293074
4157.518029
4022.843868
4229.149088
4351.091498
4010.377544
4063.552309
4020.437426
4032.507544
3887.864161
4040.192456
4454.519882
4345.095103
4311.129794
4079.173280
3973.335147
3895.711338
4280.534941
4135.846897
4011.092238
4378.236368
4273.709471
4063.935353
3964.072059
3843.967754
4116.535191
3962.182471
4309.039985
4099.160882
3972.970873
4204.155529
4240.726824
4016.495426
4024.805485
3995.134962
4023.609588
4064.323103
4090.467588
3888.404294
4181.184993
4317.918985
4119.167647
4169.499074
3858.815574
3766.870318
4059.818838
3853.731706
4055.498353
4498.469382
3849.550687
4049.486250
4020.882971
3969.260824
3871.978000
4401.292247
3684.075941
3777.396765
3914.549912
3749.252691
4242.649381
4138.475441
3835.048721
4131.397721
4122.825544
3892.435985
3870.772265
4145.203912
3796.703147
4079.617485
4077.090913
4103.279485
4078.045250
4050.238206
4403.943721
4663.217885
4148.688515
4022.165647
4021.412456
3973.374574
4174.076989
4100.919000
4358.676176
4025.484985
3945.798088
4024.783285
3814.124206
4437.921750
3871.899426
4047.316441
4049.950198
3878.440250
4138.830059
4069.776500
4113.679103
4306.509449
3849.977706
4062.070838
3945.291353
4080.217515
4060.748186
3909.433412
4191.710779
4091.382132
4191.059529
4097.444423
4249.525779
3946.448074
3775.905074
4047.445662
3927.479895
3840.822574
4256.004647
3700.587985
4399.731662
4221.799426
4096.538956
3970.747838
4083.013338
4311.470926
3897.065603
4076.079853
4584.411132
4398.518206
4003.241441
4260.315061
3738.680912
4286.091574
4206.518750
3929.390382
4059.170459
4091.925206
4075.382868
3844.595029
4018.513838
4217.233578
3869.713529
3938.977618
4315.980309
4015.538221
3777.650947
4491.140309
4008.066221
3750.735162
4340.526735
4151.617316
4376.658824
4048.695676
4238.687324
4163.575676
4077.815023
3936.404618
4014.953441
4214.082662
4304.921044
3860.782598
4237.274853
4258.829074
3740.237441
4102.295059
4242.465570
3836.347809
4437.256059
4015.896544
3917.813250
3795.076895
4138.826000
4220.412000
4073.130779
3868.532912
3773.324426
3847.832500
4288.452324
4060.061706
4078.348618
4092.129339
3852.190618
4092.402676
4394.519618
3906.954441
3809.788693
4191.330912
4148.147074
3916.861941
3984.729882
3937.517136
4107.104000
3867.738412
3754.200794
3939.495574
4589.795623
4065.611838
3952.886250
4126.959265
4685.147191
3967.446565
3752.375794
4176.072559
3740.842338
4318.487882
4246.866743
4011.963426
3740.434235
4025.938809
3862.829309
3958.846171
4069.388721
4240.426765
4205.508515
4140.097118
4612.847731
4115.385912
3903.436059
3862.960088
4187.636471
3663.427174
4168.456897
4350.502882
3942.000353
4169.407647
3791.964190
4071.037632
3997.953265
4258.262265
4021.163706
4403.959735
4059.976029
4006.358735
4145.670706
4269.697779
3826.058663
4229.445765
4043.873441
3926.906132
4203.068044
3991.845091
3917.920426
4006.621735
4052.148368
4184.824618
4075.769945
3942.065279
4037.522471
4020.840147
4281.641750
3953.268403
4423.207824
3952.006015
4097.669000
3935.977250
3924.795816
3900.323353
4473.898912
4129.974426
4351.969765
3903.178538
4156.589647
4376.721118
4112.227824
4280.758456
4086.976539
4208.027897
3888.999618
4011.449765
4029.318294
4108.313540
4008.969971
3940.598294
3942.948603
3924.532706
4061.333233
3891.918265
4101.927074
3951.466103
4281.436221
4444.776911
4113.865632
3792.858309
3949.512279
4165.978221
3885.948412
4068.709294
4668.898471
4354.803971
3876.980441
4208.382781
3964.025412
4559.096559
4082.686838
4101.842162
3886.480886
3680.131588
3881.473103
4297.023632
4288.478735
3732.267181
3899.573088
4077.182191
4043.257529
3673.527632
3923.051535
3997.722176
4140.472338
3919.093000
3742.493779
4112.226904
4391.176912
4093.927544
3879.594426
4049.073868
3909.612788
4032.396574
4088.519824
4173.021765
4256.896926
4129.325422
4139.435956
4413.135441
4299.926265
3802.587956
4058.536570
3718.450118
3946.428559
3834.373191
4193.823824
4060.168322
3882.298059
3929.002985
4158.632647
4138.875691
3964.451455
4140.775529
4253.809412
4053.349000
4073.072368
3951.502957
4062.075353
4090.673485
3983.651015
4112.499794
3803.293855
3843.058838
4255.486971
3965.712559
3977.146838
4426.855298
4193.432882
4289.003206
3969.440324
4024.781353
