3007.882600
3568.154000
2758.213700
2356.885800
2495.818369
2290.403800
2243.066100
2657.989400
2955.043400
1995.914478
2178.288300
2192.917900
2565.876100
2598.360900
2171.573887
2591.605300
2237.563900
2574.038900
1896.867400
1983.677397
2012.407100
1988.630500
2272.494000
2178.983400
2163.700906
2863.378200
2513.335300
2578.769600
3216.750600
2227.532716
2628.743000
2545.907600
2682.426500
3321.900300
2205.091225
2661.688400
2742.491900
2266.136500
2754.896400
2242.748834
2573.829300
2549.765400
2490.236800
3009.066100
2578.641944
2934.388200
2381.297900
2537.251200
3009.024000
2664.271853
2640.004900
2850.849200
2920.366000
2512.310100
1824.540162
2322.989000
2752.731100
2507.842800
2637.010500
2747.463372
2118.104800
2548.330600
2722.052900
2778.239900
2053.467381
2507.935400
2776.396600
2786.739100
2274.293700
2728.019091
2737.907300
2191.206200
2516.414700
2622.323300
2899.156700
2432.685600
2568.114400
2673.163200
1947.693900
2264.343009
1760.469100
1904.344200
2658.618200
2702.915600
2351.122319
2201.777800
2233.930000
2731.609900
2838.633600
2348.999428
3003.494900
2602.827100
2922.117500
2743.511600
1918.052437
2870.544500
2918.490100
2527.595100
2311.944600
2805.203647
2610.542800
2643.355300
2450.912200
2412.698400
2414.201356
2864.473300
2481.828300
2543.432700
2778.876500
1815.174366
2766.429900
3310.111100
3265.460000
2444.136100
2307.193275
2675.641200
2442.198700
2860.707200
2713.393800
3490.725584
2042.391800
1797.216500
2219.807200
2875.629600
2416.135694
3169.134400
2721.735000
2294.396900
2390.527500
1997.512603
2277.469400
2510.487000
1982.866600
2055.993200
2175.082313
2456.590100
2833.754800
2184.998900
2270.438200
2589.643022
2588.788300
2935.381300
2699.574500
2821.859100
2170.892231
2527.640100
2541.730300
2466.232200
2969.626300
2241.885841
2745.771800
2804.848200
2911.572500
2777.236800
1995.812050
2554.915100
1983.676600
2992.690700
2376.500300
2046.665759
2464.605100
2699.396100
3282.889300
2552.463700
2324.323869
2519.036500
2902.557100
2273.507900
2363.991300
1928.136278
3287.631700
2975.472400
3142.134900
2182.676500
1946.082288
3592.966600
2407.077500
2754.040900
2523.686600
2555.215297
2923.789000
2378.016900
2127.544900
2996.238000
2072.268306
2205.101000
2326.809000
2387.738400
2960.422600
2309.943916
2472.105100
2506.170900
2715.510200
2786.775000
2204.838925
2078.771900
2416.045400
2969.810100
2151.099100
2239.162034
3294.029700
2833.178700
2796.426900
2775.497600
2100.581844
2013.998300
2811.359800
2373.421200
2162.320300
2111.681753
2356.030200
2168.045400
1978.232400
1872.362600
2046.100263
2531.250500
2829.811300
2596.517500
1847.377400
2250.476272
2564.547300
2846.512400
2458.778600
2658.916700
1945.552381
2543.613300
2438.179700
2045.977000
1902.773400
2114.668991
2708.630600
3104.301400
2256.636500
2681.215500
1503.228000
2625.764200
2758.843200
3107.298700
2727.700700
2636.980509
2509.544200
2760.718300
2899.696300
2261.062600
3019.687900
2214.916719
3068.901500
1814.966500
2845.391300
2406.476900
2709.899928
3006.393300
2643.510600
2666.639700
2358.940400
2207.746337
1670.336400
2466.930500
2816.121400
3255.456900
2720.449847
2270.478300
2152.062300
2552.248500
2412.122900
1570.742856
2878.183600
2464.801500
2434.808800
2695.196900
2352.177766
2070.002900
2574.117600
2721.399300
2703.633200
1609.113575
2732.328100
2681.079100
2453.409900
2209.446000
2004.755584
2761.749400
2786.936100
2336.417800
2927.950800
2226.532294
2453.070500
2478.931000
2658.525600
1884.740200
2326.612803
2839.794800
2345.589600
2367.090100
1971.421800
2135.561912
2696.962400
2990.718100
2546.958600
2515.938400
2509.091722
1821.010800
3148.584900
2582.323400
1824.957000
1140.164031
2760.427700
2112.816700
2285.886900
2800.166700
2178.659941
2125.619700
2963.416300
3093.368400
2446.524700
2514.681950
2686.538600
2299.774200
2777.619600
2869.508200
2113.095359
2765.119000
2004.214200
2418.390900
2294.943900
2710.549869
2234.644900
2532.479800
3385.337100
3015.857300
2242.993178
2991.949500
2583.677200
2888.368300
2171.504400
2041.412088
2604.100200
2830.877900
2237.118100
1921.914700
2083.046497
2501.955000
2499.144500
2494.271400
2710.073100
2375.667906
2914.584400
2673.498300
2678.030100
3148.505900
1625.230216
2737.180600
2409.010600
2416.885300
2704.700300
2603.977325
2279.308400
2129.628500
2520.657900
2319.376700
2427.659134
2063.375500
2608.502600
2431.398600
2699.507400
3183.032344
2241.277600
2328.505200
2734.876200
1918.641100
2773.152853
2417.963800
2948.134100
2479.368500
2696.312800
2818.385363
2506.083400
2389.906200
2710.033300
3026.239100
2234.969872
2937.305700
2284.644700
2153.093500
2904.844700
2672.970381
2217.863300
2742.928700
1724.892800
2171.910300
1777.041391
2307.609700
2518.902700
2898.778800
1963.952000
2564.696200
2580.597900
2678.566000
2060.205000
2362.313100
2492.318809
2188.440800
2212.554500
2922.767300
2526.705800
2208.217919
2448.698200
2944.772500
2066.243500
2638.792100
2109.239728
2174.093100
2189.854000
1700.371900
2291.479000
1747.475737
2636.145400
2941.266100
2068.545400
2986.849500
2493.188747
2661.043900
2377.069300
2612.231500
2618.358600
1994.150356
2276.924500
2321.827900
2108.523900
2323.154100
2075.884066
2312.455800
2844.526500
2575.122500
2763.030500
2751.670675
2710.523700
2417.230000
1914.294700
2855.988400
2188.216084
2266.963900
2984.119200
2362.667400
2252.915100
1936.718094
2693.725200
2108.142700
2397.201600
2812.272900
2267.365303
2104.913500
3010.069000
2922.309900
2622.253600
2158.876512
2573.778300
3020.730100
2403.331800
2683.846700
2305.170222
2366.873600
2694.958200
2798.962100
2339.011900
2512.900231
2502.536300
2387.385400
2344.064700
2366.127000
1904.723341
2374.439700
2194.314100
1925.772500
2630.267800
2303.999250
2414.674900
2433.772200
2236.583900
2448.988600
2126.932359
2656.122200
2173.391700
2408.194300
2796.022900
2813.905069
2841.950500
1890.730900
2971.533900
2675.357600
2502.621878
2543.626300
3032.416500
2277.869800
2723.705900
2828.341788
2255.160500
2250.557700
2511.068000
2863.209600
2644.015897
2273.328400
2374.997900
2709.130200
2338.861700
1916.349606
2967.872500
2701.816000
2780.323600
2120.092000
2066.002016
3001.785000
3004.695000
2006.831700
2759.119400
1932.315525
2252.256400
2518.666800
2491.675200
2640.400200
2109.108734
2831.207700
3125.735100
2428.287500
2732.918600
2835.418844
2351.297200
2478.714400
2434.232900
2337.881700
2350.698453
2397.342200
2521.726400
3192.297900
2878.486000
1802.094962
2558.212400
2257.447000
2912.824200
2110.935200
2026.811872
2858.773600
2150.323500
2964.605000
2392.442000
1724.330481
2627.549200
2328.255100
2787.446900
2599.789100
2198.195891
2144.650800
2347.288400
2460.581300
2454.438500
2799.628700
2904.781800
3258.490600
2640.878500
2369.496200
1910.263309
2759.376300
2752.692200
2595.396900
3433.171600
2049.558919
2707.926400
2544.650200
2620.254300
2263.345400
2140.174628
2387.782800
2949.658400
2520.736500
2976.702500
2035.009638
2671.413400
2527.687600
2705.736100
2911.737700
2495.194147
1811.122600
2866.828300
2853.242200
2268.072800
2286.617156
2573.850400
1920.435300
2396.571600
1761.342900
2312.091466
2171.914400
2529.058500
2304.674900
2044.579800
2285.425875
2166.873800
3097.565500
2813.049200
2821.903400
2136.974884
2287.633200
2005.187900
2854.183400
2501.289900
2025.314094
2896.474400
2295.780900
2321.747100
3191.791400
2060.232103
2275.838400
2472.456800
2585.298700
2133.984000
2544.899612
2766.504400
2869.627400
2369.680000
2276.636200
1993.571122
2484.361800
2776.245900
2870.340700
3477.641000
2042.059431
2165.230100
3080.551400
2969.292200
2227.163500
2624.813641
2827.268200
3012.372200
2263.695500
2433.522800
1734.762550
2237.717400
2163.270500
2590.488500
2590.475500
2004.101659
2667.108900
2825.115100
2408.151100
2818.762200
2194.276869
2760.102100
3078.244500
2092.913900
2608.055500
2751.156278
2652.950000
2534.331700
2409.537900
2465.096100
2130.143288
2635.304800
3064.888900
2773.672800
2001.358700
2252.081297
2104.048900
2352.824700
2416.827300
2494.252700
1916.965806
2572.220400
2482.765900
2720.381300
2513.788300
2135.752516
2816.975000
2613.243500
2722.570700
2984.327300
2459.189725
2926.090400
2676.568300
2256.451100
2580.314900
2114.367034
2629.207000
2697.014900
2745.140500
2292.245600
1974.334544
2662.117600
2306.568900
2857.771600
2237.031600
2983.661953
1819.579200
2166.913300
3329.852800
2549.046500
2089.590062
2624.396000
2102.951500
2474.449400
2150.316300
2981.002172
1773.860100
2439.154300
2447.814000
3103.831500
2038.691481
2000.456800
2704.157100
3420.781500
1880.708900
2442.226291
2422.739100
2402.068600
1857.098500
2378.846100
1816.769000
2103.779400
2001.888000
3213.624300
1834.236100
1971.290209
2349.794400
2494.143400
2952.869900
2709.712700
2037.929819
2486.508800
1969.426200
2297.572400
2691.022200
2165.582328
3007.324100
2768.173400
3104.432100
2262.776400
1872.576538
1868.338600
2337.048700
3141.984600
2686.444800
2342.500647
2029.586600
2871.315400
2755.937300
2601.705400
1965.215956
2956.712100
2819.972700
2178.196100
2537.472900
2201.597966
2554.656600
2337.345700
2416.217800
2685.293800
2332.352975
1968.769500
2483.548000
2332.798300
2525.324800
2098.565784
2279.648200
2319.738400
2579.124700
2238.555200
2836.376394
2332.368500
1908.062700
2665.484500
2504.420500
2185.721103
2820.766400
2475.284400
3087.106800
1965.893100
2425.685113
2184.413900
2003.693400
2516.610700
2460.735200
1617.523022
2629.046500
2818.954200
2401.542900
2946.190700
2595.136731
3610.476800
2466.865700
2496.438100
2229.905000
1862.935841
2376.277000
2319.852900
3134.171100
2391.383800
2466.197050
2366.778900
2717.805300
2993.624900
2421.177800
2455.643259
2704.259600
2271.680000
2381.365900
2510.759100
2742.304369
2510.435400
1842.333400
2499.724900
2610.592300
2460.379478
2871.197300
2433.023400
2304.861900
2257.190000
1997.901888
2894.008800
2461.330400
3218.406600
2167.317900
2296.059597
3073.801500
2883.867800
2367.335400
2034.615900
2361.743606
2582.985900
2522.096600
2561.263700
3351.816700
2252.126716
2048.004500
2461.292200
2041.329100
2624.232400
2340.123425
1804.161200
2503.240800
2563.538200
2656.547500
2102.020734
2174.591900
3135.646900
3050.591300
2299.359000
2359.587844
2440.809700
2811.812400
2489.484800
2778.761700
2562.385453
2054.267200
2803.345600
2406.611800
2244.251600
2739.516863
2591.159300
2190.914200
2543.319200
2234.849700
2067.443172
2804.132600
2730.337500
2695.923400
2548.004300
2698.906981
2978.648800
2156.795500
2406.099200
2744.117600
2200.763591
2677.842200
2592.494600
3664.398200
2833.551000
2500.473600
2787.891000
2843.151600
1802.762900
2333.249200
2645.924609
2659.039100
3411.352000
2626.732600
2791.590000
1835.352519
2998.975000
2082.470300
2727.072300
2961.044100
2980.321328
3146.815000
2615.521000
3126.816600
2446.329300
2222.356437
2685.198700
2977.315900
3376.424600
2871.871000
2404.393547
2712.737700
3201.506600
2007.362900
2879.212800
1698.139956
2285.873100
2075.418500
2390.586500
2971.976700
2303.151166
2545.396100
2514.167200
3129.509100
2819.326800
2805.042475
1955.626100
2515.192600
2347.587100
2421.664400
2356.914984
2463.843200
2608.540900
2359.015000
2949.134100
2660.072394
2674.372300
2389.457600
3116.504000
3061.503100
2315.357003
1683.206000
2849.759600
2769.124400
2869.339900
2038.241613
2682.869300
3212.160100
2452.106900
2224.549800
1964.571722
2547.826800
2499.218700
2676.787100
2265.750300
2429.111131
2846.336200
3233.377000
2764.621400
2454.811900
2116.546041
2777.567500
3217.745900
2597.638800
2458.270400
2203.865650
2367.540800
2282.333200
2567.351100
2645.953200
1909.112059
2774.671200
2297.950000
2605.840800
2800.443400
2104.084469
3166.138500
2098.760900
2091.112100
2385.259600
2557.254778
2632.877800
2193.576200
2649.416400
2325.383400
1872.216687
2414.543300
2153.468400
2376.434300
2502.441000
2910.475397
2893.097900
2509.634400
2991.052400
2501.039300
2160.573206
3056.539400
3152.581000
2521.633800
2584.489700
3047.784416
2447.880000
3064.892300
3115.007100
2440.397400
2063.576525
2382.264200
2150.200200
2109.572300
1998.840400
