5511.149691
5627.549368
5250.674368
5252.738618
4899.420863
5226.265103
4964.181853
5253.300897
5644.609353
5366.992467
5179.806397
5502.476529
5606.190691
5341.839706
5003.866983
5895.399206
5045.244941
5316.019029
5652.118838
5648.094205
5586.376882
5531.243721
5619.105912
5271.725471
5224.538310
5343.437721
5228.172662
5697.151779
5854.086088
5503.280311
5629.203529
5440.969897
5237.118074
5250.818162
5132.251313
5516.454471
5032.643412
4959.336779
5411.008750
5601.957740
5680.303868
5307.114265
5457.070618
5979.298059
5042.331992
5200.010426
5488.650206
5403.238147
5190.162191
5179.616567
5453.497088
5142.152397
5436.433338
5935.521838
5005.933039
5399.532382
5061.812809
4946.790544
5656.796265
5073.599746
5172.268618
5533.540603
5229.908088
5215.781235
5783.433247
5358.886809
5789.974515
5834.107015
5399.909441
4888.346587
5492.990926
5553.116294
5268.257779
5340.198426
5411.319500
5292.446941
5417.690397
5391.506338
5558.709015
5253.998443
5172.451735
5094.611706
4981.477485
5686.111338
5444.093885
5238.341176
4901.498368
5353.371897
5833.446426
5294.792739
4990.613000
5595.610059
5455.530015
5160.092397
4846.607006
5191.508515
5284.315176
5209.807529
4920.894515
5362.058727
4780.644765
5157.458103
5502.391676
5539.762382
5389.250523
5994.743926
5546.478132
5248.677926
5486.175926
5400.682289
5262.065603
5222.247412
5099.691221
5333.307574
5727.596452
5668.701971
5176.615000
5664.895147
5160.882235
5713.099277
5454.912824
4990.509382
5045.532706
4636.751515
4969.560970
5545.569074
5726.490574
5240.264441
5283.311735
5268.339265
5270.600279
5481.585206
5490.060294
5327.195735
5049.938869
5581.543706
5749.689485
5646.583147
5577.089632
5142.697062
5244.334647
5422.097059
5229.617118
5369.082853
5723.297343
5080.603426
5442.678206
5381.260588
5357.067412
5294.270727
5503.097235
5171.688044
4955.764765
5560.618309
5725.718463
5424.123000
6028.024941
5459.500265
5535.719471
5394.859068
5751.235088
5518.383647
5610.169279
4980.912485
5121.711245
5360.629294
5150.116838
5604.105059
6154.939103
5868.682879
5598.045544
5651.836426
5416.441515
5049.126632
5144.113175
5668.775353
5585.184353
5232.296103
5463.689118
6127.294558
5199.186324
5488.160265
5054.247971
5554.515662
5344.794089
5309.082941
5272.440456
5159.770750
5158.776853
5215.570473
5549.033279
5657.943926
5340.825221
5869.867765
5296.041915
4941.331206
5578.774676
5072.438250
5180.362206
4881.501255
5387.435176
5205.320721
5365.724574
5488.920971
5319.429389
5345.308088
5231.549618
5264.125750
5735.355074
5110.439625
5115.509485
5116.805500
5112.099941
5303.697912
5292.867906
5246.523897
5541.054779
5590.158235
5613.932368
5032.457275
5408.559794
5569.104926
5755.429132
5713.980809
5425.890644
5423.422324
5503.532074
5829.383368
5656.283529
5123.256455
5532.198765
5556.831103
5675.921044
5475.392191
5021.627088
5304.649088
5056.964324
6054.826691
5533.608000
5423.238266
5100.369824
5014.581324
5283.973515
5369.861015
5285.927691
5452.243635
5465.185706
5337.588309
5376.632588
5270.136044
5625.601813
4943.357809
5447.415809
5130.341971
5031.654118
4939.123961
5306.756750
5771.540059
5749.831882
4834.203941
5254.590316
5207.365265
5652.087632
5542.332853
5297.357147
5151.449008
5247.175618
5409.016824
5437.056956
5147.338059
5803.526304
5527.341662
4939.136441
5391.048044
5170.781015
5285.814202
5376.332647
5408.261897
5213.883000
5605.960985
5557.797321
5712.123471
5979.849882
5733.974588
5263.464147
5324.787102
5450.479824
4722.048471
5620.572794
5211.615691
5705.265809
5539.481397
5388.598676
5412.264074
5539.366294
5452.000869
5293.888015
5268.122926
5189.304897
5648.186706
5616.573121
5197.052529
5284.305265
5633.780015
5280.939926
5613.585313
5273.984147
5652.029588
5436.235368
5482.286676
5579.434815
5757.970853
5611.569338
5286.842118
5590.899529
5282.921404
5182.681235
5287.009882
5562.114397
5422.871074
5569.760656
5336.769956
5342.123868
5325.737426
5605.732074
5091.376981
5692.589971
5920.883853
5319.498529
5077.307265
5594.475806
5192.254868
5096.689809
5248.122029
5173.282603
5361.628542
5387.047912
5120.761103
5603.645941
5212.336676
5468.281426
5733.060809
5366.825191
5379.548382
5289.830029
5532.720883
5504.334735
5290.766382
5838.591074
5247.730485
5243.301458
5414.767294
5248.189441
5126.950868
5357.647382
5321.546033
5147.425574
5315.691588
5172.396559
5230.372191
5302.520049
5142.994544
5791.079662
5504.978485
5401.949176
5506.961727
5686.733059
5748.394985
5721.433147
5453.910559
5584.204493
4981.775088
5365.876735
5685.244015
5185.352882
5148.230539
5105.402515
4986.543059
5716.442088
5083.469853
5153.396231
5163.283721
5780.779412
5533.544515
5429.898588
5426.887659
5532.744853
5777.285162
5751.854044
5929.318632
5321.419984
5778.021941
5259.433632
5679.810721
5585.939338
5454.855838
5153.371176
5449.817882
5514.066015
4994.033779
5530.375457
5611.058765
5061.172529
5156.436103
5490.103529
5099.503356
5545.582397
5406.055162
5762.269015
5074.933647
5579.088504
5519.797662
4472.514647
5444.548985
5292.527838
5391.885726
4900.565147
5395.769279
5675.300412
5652.333765
5663.506022
5527.643250
5577.851382
5198.063441
5527.269779
5000.314479
5120.486603
5360.536794
5044.970647
5692.694882
5181.636966
5318.998382
5594.316471
5031.002029
5042.410632
5770.399114
5639.155794
5305.391941
5832.804735
5080.786485
5273.590659
5658.329647
5367.633647
5383.467574
5375.102118
6029.071308
5486.486250
5582.856618
5599.440529
5183.161029
5163.056839
5437.463544
5143.745206
5062.295500
4990.320294
5369.525767
5378.449279
5320.004353
5535.459324
5519.376294
4966.112018
5235.003029
5492.045191
5250.453074
5307.550706
5372.756769
5296.905588
5664.788721
5762.985176
5380.876456
5709.247800
5386.610838
5326.580809
5338.719603
4988.125750
5663.283757
5563.608397
5593.798250
5724.717574
5149.528279
5239.959509
5432.753412
5640.142294
5300.450324
5292.724294
5405.734128
5381.941779
5170.620029
5697.801794
5061.704956
5378.420614
4932.847985
5261.615676
5559.082118
5236.947706
5438.682425
5403.768941
5668.326750
5189.225324
5556.439691
5216.777235
5695.805971
5247.111809
5622.819721
5381.555500
5092.672236
5596.288029
4989.661426
5379.443162
4758.937191
5332.768517
5539.345544
5287.889338
5235.712368
5416.774735
5215.939401
4977.560147
5405.856544
5664.581853
5211.727912
5885.012858
5447.798750
5625.936471
5361.382706
5531.800118
5471.432712
5500.457338
5298.605338
4940.160147
5226.198485
5064.307625
4948.350279
5010.398074
5303.190544
5054.431029
5344.966877
5684.423721
5366.816574
5173.562206
5282.772603
5233.454025
5538.169059
5061.048279
5174.003294
5620.780294
5339.790556
5596.151324
5651.339500
5199.856294
5302.185294
5253.180925
5184.361338
5188.691544
5134.380515
5470.193162
5031.297765
4892.116294
5343.596088
5640.736382
5054.785456
5341.014384
5350.128912
5001.800147
5928.442647
5395.666809
5410.742709
5775.188000
5168.120324
5517.133118
5697.587176
4999.035254
5594.757441
5332.001618
5216.302588
4856.358515
5149.746035
5464.565324
5630.497088
5290.993897
5412.990824
5786.568801
5575.831559
5291.379956
5478.665618
5479.753368
5324.990744
5137.293662
5350.684235
5512.609353
5453.048618
5570.994157
5077.216838
5014.709074
5754.623956
5043.632265
5644.638335
5109.735500
5724.348088
5438.495824
4666.342529
5516.497086
5165.773765
5127.678735
5761.274088
5749.694779
5272.344543
5305.256000
5667.757897
5201.971574
5900.237926
5208.575927
5598.664456
5610.054824
5497.442368
5543.499926
5237.307061
5109.646000
5783.090206
5352.910647
5205.319515
5028.297386
5270.362588
4982.144074
4994.192044
5668.314897
5274.913431
5484.560221
4983.578353
5090.453206
5856.692000
5303.762903
5360.350779
5144.623382
5162.224397
5156.495941
5500.597257
4836.548765
4919.618059
5450.962412
5538.617897
5636.788832
5156.453353
5446.196618
5959.413559
5310.448368
5488.490466
5789.306868
5447.240765
5082.960559
5736.908029
5208.132100
5566.047324
5423.950515
5158.265162
5501.479882
5321.462616
5377.292441
5533.666265
5508.137456
5399.126750
5040.536455
5118.410824
5389.147824
4821.626515
5529.770926
5189.138236
5556.101353
5157.275735
4736.629147
5386.417426
5315.042796
5962.420412
5581.587926
5348.012324
5886.210515
5239.006327
5402.580882
5390.329721
4870.968824
5503.577618
5442.457299
5273.268882
5312.036368
5221.878662
5529.066779
5578.331903
5598.490206
5865.193118
5447.212794
5053.283603
5217.172670
5559.847912
5733.661676
5431.344574
5804.118000
5806.732744
5806.534118
5610.302324
5547.666191
5433.432103
5069.203555
5718.751941
5267.536794
5397.456956
5073.534294
5395.145747
4954.339750
5815.603926
5092.968426
5295.718162
5214.482205
5977.407147
5438.758721
5418.706382
5168.544941
5304.242059
5148.510206
5757.512279
5299.233309
5466.492485
5344.192325
5477.219706
5431.568515
5286.072588
5201.529088
5300.164782
5740.730824
5153.242118
5684.768897
5276.311015
5221.020651
5571.548779
5159.832794
4928.016235
4910.865882
5531.684829
5152.073588
5394.799471
5358.667044
5372.328691
5315.016242
5145.873485
5718.610471
4888.726250
5459.850765
5280.770538
5258.804647
5357.545882
5533.642235
5326.060956
5297.312804
5265.051147
5015.389250
5238.305338
5400.883691
5269.273540
5696.495912
5240.209779
5165.315868
5495.780676
5244.965336
4810.511809
5429.611588
5299.273176
5633.655515
5273.686367
5409.776544
5108.228735
5466.137676
5387.054750
5298.667398
5006.881235
5531.915309
5564.472706
5016.907250
5708.979208
5249.491147
5412.810103
5225.807221
5480.301426
5112.476739
5547.612103
5265.573044
5482.032368
5357.525941
5507.485696
5453.107735
5319.048279
5408.473603
5250.850103
5105.042859
5734.426132
5861.614500
4681.752838
5635.732853
5090.267243
5330.255353
5577.919368
5586.099721
5319.985691
5261.460950
5153.063574
5443.970485
5326.446794
5589.009382
5479.725966
5331.085397
5421.991147
5715.685059
5539.752706
5278.556997
5478.081706
5051.380676
5178.265588
5017.705956
5686.980351
5431.789000
5709.177926
5201.756221
5074.691544
5349.086470
5060.219471
5336.055368
5212.930015
5068.911176
5220.693692
5340.987044
5406.264662
5402.395147
4873.864000
5059.393914
5372.473382
5087.510647
5739.756647
5587.744250
5382.111592
5327.316956
4942.132471
5333.910662
5467.529338
5697.604534
5643.485221
5600.026735
5291.408574
4916.965441
5826.173477
5354.274794
5369.467485
5178.336000
5263.732588
5232.806978
5319.662294
5349.578618
5243.444235
5198.428118
5857.960392
5534.290765
5307.882118
5126.889088
5522.405118
5298.288099
5415.670015
5249.519353
5312.145750
5408.735647
5185.516130
5499.968294
5583.890088
5120.618368
5677.013691
5273.906234
5517.895353
4964.511397
5492.241647
5566.935044
6083.041882
5815.153221
5278.082176
5422.721059
5641.090456
5535.149928
5670.213941
5152.424676
5030.828412
5227.436176
5749.737415
5267.201824
5257.337441
5518.670750
5191.225147
5671.608284
5482.050221
5077.179706
5728.473338
5437.392309
5424.489682
5565.434294
5009.952868
5191.371250
5536.838706
5470.036698
5076.913412
5549.271059
5405.045838
5191.110147
5017.933876
5613.265353
5535.638500
5434.387662
5151.928941
5364.924627
5643.697294
5243.319912
5507.134647
5641.266294
5507.289658
5692.778412
5463.223309
5245.788897
5388.778779
5353.608042
5397.341044
5494.982574
5637.211015
5052.708191
5437.690646
5371.951015
6047.024324
5580.173279
5102.309632
4960.598589
5392.276338
5285.620044
5531.696868
5069.397956
5178.831899
4994.161382
5684.196853
5176.399000
5709.765382
5188.445562
5498.900794
5115.846853
5309.495471
5248.841162
5182.487505
5137.161559
5460.740676
5451.123985
5052.338809
4960.940212
5541.582221
5287.774647
5574.910029
5405.878662
5118.793375
5455.299676
5432.409441
5203.860044
5134.236147
5352.714215
5200.123559
5366.573426
5060.746529
5401.658750
5417.383245
5398.032868
5241.202382
5812.899985
5961.853029
5093.719820
5727.524912
5788.583103
5417.525632
5216.022515
4994.006778
5010.797515
5256.051662
5383.670412
5920.957529
5104.049441
5418.429765
5157.549515
4958.578147
5142.390618
5339.718663
5782.855897
5396.999971
5223.331574
5369.632368
5042.293252
5600.614971
5583.888706
5562.453559
4972.166765
5632.612386
5234.903206
5414.770662
5342.995735
5341.351809
