458.446044
443.038912
412.337294
429.759456
405.897937
413.506397
433.311221
437.890353
447.491735
391.475541
406.815897
437.884103
442.352515
450.069824
387.270072
429.893088
450.839618
478.707103
435.272838
393.767867
442.170588
429.577456
443.555941
448.692765
377.022074
419.150147
444.642029
444.219559
443.087706
392.211473
438.021912
435.392441
447.537529
415.678088
410.599165
423.272632
441.076029
443.604132
466.936706
371.052799
454.508250
412.863809
439.820103
479.914029
411.520933
437.207765
447.548941
434.909338
417.016147
377.465493
426.674559
452.193412
427.933118
401.009794
386.083406
400.925882
471.811676
462.189750
457.090000
386.121511
463.513029
441.512368
425.407515
423.232015
400.184483
439.606074
422.835559
442.849191
405.811706
388.955072
450.299838
426.318765
422.186750
459.029235
385.104882
423.912485
455.276603
412.083074
423.491691
397.145898
418.967191
418.835721
426.592221
414.161044
373.590282
440.925559
416.866824
432.290118
396.280044
368.594372
440.526088
432.702015
427.274382
442.962338
374.791932
442.518338
456.576574
442.070735
438.627088
384.186919
434.930103
429.582132
447.054147
462.512985
391.024949
434.188515
444.472000
417.340779
421.257662
344.515039
433.336265
442.149912
419.587265
471.560588
386.184496
465.944441
445.002426
438.927574
429.050559
424.193012
469.298132
413.630882
449.370662
421.290691
386.057749
465.440574
458.097676
434.985441
414.569765
433.690000
414.031559
433.729647
458.245500
451.583456
364.219943
423.750471
430.229368
438.038324
445.320926
392.914783
413.224353
439.188279
424.586397
443.655662
406.341843
431.621353
438.121294
440.251412
455.295029
366.145035
433.594647
425.263029
422.032176
414.630294
361.721360
434.669176
455.030868
416.448015
441.481471
382.346141
464.938456
401.451353
474.590103
451.437044
418.168172
432.327529
462.585647
428.425441
409.256265
394.222100
443.731456
439.182691
406.167691
416.584662
391.913792
434.494162
423.510500
430.199279
443.776176
385.862588
439.424559
451.675603
398.329941
412.356691
406.311207
434.309206
434.764559
436.606838
418.386279
388.767296
455.096956
428.274044
430.427750
453.099971
382.185004
412.039794
439.004191
422.340265
410.428529
386.529196
403.684912
394.482309
463.697471
428.907706
405.007874
446.378926
439.230426
428.954029
418.728471
378.147096
442.497132
443.885750
460.130103
419.344529
375.844700
415.324647
449.936574
436.999279
462.496265
396.489011
428.089706
422.637559
435.842265
422.071515
394.817321
445.556809
403.111559
432.040338
420.271015
381.887587
471.276985
431.683029
396.109000
443.002176
367.522485
428.617750
431.840309
448.069441
399.125044
396.019428
435.446765
428.255118
444.802779
411.434412
426.260662
374.180635
422.366235
450.190676
443.169353
431.604559
401.842416
438.684456
445.487706
465.746618
425.616574
383.096564
429.565147
432.671588
427.640456
429.346162
384.528242
467.702618
451.562794
415.980529
463.773059
398.515508
408.845235
388.198397
463.690059
403.546029
377.147966
432.894309
422.191897
448.464485
462.797735
395.999790
411.779824
426.235853
439.455618
443.378265
371.949233
441.592691
442.370926
410.832603
420.981926
367.535234
395.516382
420.791574
443.332221
407.114662
387.558339
431.378574
441.143426
433.639779
444.469044
344.579090
460.541750
447.135647
445.884838
428.920074
390.466033
442.483103
439.508691
442.333691
405.780221
379.688916
468.548029
458.204235
436.690691
449.423691
392.768844
412.720191
431.992662
423.063485
441.757000
403.876699
444.574485
418.644235
406.418632
439.409706
396.116420
441.182662
452.400618
462.787353
439.870529
361.353157
435.138574
380.600397
443.141029
418.388235
399.159173
435.096309
435.418103
447.330603
447.600471
404.164410
462.285456
434.744618
449.651132
436.422882
408.492411
436.349721
439.391662
416.945412
420.670500
366.065692
489.865721
409.410824
437.829956
425.044382
383.903855
439.669926
466.897250
448.365544
454.252809
427.781621
435.608603
439.180162
411.447368
455.115162
343.490226
455.589500
446.316632
432.937515
453.696338
387.317506
430.340221
418.924265
419.582603
413.166206
357.502111
433.929162
486.360971
423.177368
466.146338
389.144347
411.486735
431.271235
439.714368
410.941250
404.400511
444.052265
428.123603
434.978294
461.112132
367.235100
432.333529
451.094456
450.482353
440.943176
403.934469
443.044074
445.172250
428.956529
467.409471
384.413265
410.494676
453.214809
428.297765
446.842779
394.458472
437.016294
436.926132
431.399176
437.491544
401.967562
444.716162
445.774353
435.693956
425.558176
389.029563
438.154103
429.786250
422.975500
437.118456
392.997814
451.460662
411.599941
422.153529
402.321559
398.819801
442.596647
457.340897
438.322441
425.070662
402.490685
422.995338
407.337324
425.023735
457.447559
370.727480
433.042368
397.100059
403.732838
413.092162
403.517702
430.506382
436.603529
400.593324
448.558338
362.962115
431.342441
452.252103
445.560015
429.422926
443.660381
419.111588
415.410412
457.819471
430.186721
376.706221
412.336397
417.310382
414.198529
417.548882
372.414634
425.466574
439.305000
402.966324
437.649941
394.311297
423.709941
459.913897
449.208662
450.131235
392.813813
414.815471
426.878382
476.156691
410.149191
386.328138
432.916603
452.979015
429.592103
388.174706
357.893051
418.539912
433.521368
415.795794
417.597382
377.832332
428.954985
454.257118
448.958662
447.198941
391.786995
442.594882
437.123926
441.668132
442.270647
401.348306
426.446353
413.664309
455.109500
421.479441
390.865410
426.085500
428.415588
425.135147
455.331794
362.385073
402.967426
439.649941
457.043221
437.745118
390.349104
449.960015
422.426956
387.823074
428.648735
419.332546
402.529868
471.501015
425.902412
430.491632
418.117283
434.687941
453.299088
424.104441
444.646353
394.455432
433.555721
438.746412
412.488456
441.655000
379.889948
412.587853
451.613441
419.033529
412.498147
424.423023
439.106912
443.466632
442.705765
445.559265
381.341097
429.518000
435.122750
445.770441
450.880206
395.675025
419.044206
430.605000
433.859265
456.806103
354.925850
418.203397
428.414132
465.974103
453.702588
401.717352
432.288074
436.349382
415.632338
444.198176
391.383794
435.495044
485.790574
438.356324
424.150676
381.407545
401.432191
444.404441
443.654426
415.877853
368.415650
445.151544
417.423838
428.206441
412.616868
398.411769
457.615544
450.445147
450.495221
456.045735
422.334579
442.689088
458.380279
476.888691
422.495824
411.212566
444.879029
426.565882
487.576632
421.598000
412.778935
431.422191
421.802544
453.870000
455.561750
380.479760
447.550265
411.914676
425.608147
410.651500
389.987438
455.698368
435.897853
441.225544
438.127397
369.515689
423.620706
447.528191
426.933897
419.208809
401.778617
453.766750
424.127147
419.964074
402.808853
403.186574
462.112971
436.082309
430.737574
419.667412
420.044355
444.135603
421.842632
422.122382
406.505500
365.902150
400.653206
433.664735
439.765221
422.811426
388.356019
422.173809
407.314574
427.076779
457.573529
418.635124
416.992191
436.213985
430.732971
447.868500
429.586125
446.415176
432.670676
430.375088
417.062029
365.262141
423.514632
435.581809
442.811750
431.616794
393.623245
423.717897
406.924206
423.122426
431.861691
402.055159
433.333338
426.680691
447.623588
434.950221
405.460822
462.365647
415.317544
405.623235
429.358176
395.431220
432.025412
449.060279
408.416515
452.799559
390.969663
384.687882
444.714368
432.993044
421.345015
376.155296
439.671588
454.845897
425.148544
471.632191
375.221592
420.861485
457.164721
450.511059
434.546912
403.115593
441.384574
448.209926
428.708221
440.260544
413.901359
408.520426
439.748265
450.185162
416.214000
366.739037
420.989029
454.135926
426.587853
406.600500
392.276200
410.989941
419.356559
447.319191
423.352074
391.260452
416.622882
438.997397
430.936500
426.895176
376.753762
418.018412
422.199662
428.679456
433.976721
378.493719
412.459294
445.204324
416.587971
440.788103
390.652221
441.167353
440.739294
431.357059
452.575044
394.437207
408.997912
405.476882
420.105279
412.131824
398.214856
417.273485
450.160074
440.402176
442.221588
398.511166
430.245235
424.415353
418.698647
446.896897
357.244829
421.076118
442.094588
433.698441
468.749529
369.077022
444.730206
441.803956
470.859912
437.968809
413.330199
408.374147
455.615706
473.037824
410.954676
397.816716
442.559824
385.085721
402.901735
445.728603
365.278085
449.984456
437.346176
444.575103
419.077882
373.818027
420.327250
459.903515
440.577824
437.659544
383.300308
422.207603
422.104279
404.743676
415.563735
383.321589
453.832706
417.188426
452.349029
436.956074
375.063252
396.614544
418.030015
441.681809
437.828309
400.547194
425.611632
418.976897
439.523529
431.106515
411.755284
424.903279
450.893471
449.337515
438.774824
405.404668
431.460882
421.748088
443.628765
461.624103
355.914169
451.916882
414.281897
440.191265
429.368324
396.713832
422.728426
442.244632
426.337382
465.252294
381.222245
436.792824
429.013176
413.794515
446.885765
402.658511
425.195853
435.066853
461.112588
418.469029
406.009042
432.937235
412.965838
446.826485
431.473324
391.690411
402.878000
431.363618
417.089544
399.876044
377.807310
427.137838
423.353426
467.476162
414.006441
404.881385
469.243809
452.593971
430.901176
396.226044
412.691474
438.551868
432.327691
428.058206
431.940191
391.758682
423.133338
431.279015
436.790500
431.229294
388.762801
406.257250
444.887397
449.444088
426.808956
359.935464
432.738103
436.781103
425.807897
417.025015
391.711494
423.132676
460.027412
458.029118
460.979088
419.210305
438.358221
426.275015
414.593294
410.961794
411.789468
463.142750
428.473206
442.978059
428.100044
380.227807
474.747824
414.284176
418.480794
439.550250
394.525647
432.680868
428.850265
403.053735
424.052176
358.921148
440.932368
438.538147
419.854191
422.582809
402.919782
409.626088
435.477250
453.272324
405.401985
401.028445
461.063559
434.448765
440.656544
423.045118
368.026226
436.355706
445.585221
446.833809
402.659956
362.527669
430.391897
430.154765
436.261706
415.422574
387.149964
447.341250
432.098985
420.928529
454.085353
407.052848
434.039103
441.658794
418.947926
445.137765
395.938702
449.612750
436.611456
428.752412
415.654824
385.688071
430.557676
434.943676
446.043074
433.380485
403.605558
456.018603
417.617324
417.429309
453.270618
394.040927
434.276176
476.552691
429.144809
435.601809
381.904222
423.424794
447.150809
459.233824
456.115721
404.319239
427.923029
436.003441
422.583515
438.766074
351.780328
457.290456
425.274662
424.343309
431.466882
367.404741
419.346000
444.120324
399.287088
394.935426
395.176390
422.683529
420.183926
433.748103
418.558309
383.911641
427.644882
432.374294
431.821721
429.181456
358.213084
448.667706
425.088353
450.213853
422.978338
388.394173
426.964206
428.827191
450.774088
382.597235
387.885145
429.051235
430.027162
436.852132
464.174838
366.554823
456.163647
456.454691
426.431544
429.883441
370.903413
424.857941
405.375059
433.920206
437.836382
400.507958
456.042809
438.565176
443.660824
436.629059
388.952136
466.936353
486.727897
410.419662
417.261544
