1070.992382
1114.384706
1065.519471
1135.999706
1004.734642
1003.174000
1021.921176
1123.471794
1052.357412
990.286967
1013.126838
1159.509147
1001.365794
984.196838
1151.302292
1095.476206
1026.476647
1105.865868
1150.809574
1098.884102
1041.269294
1030.853338
943.828015
1016.379132
997.638148
997.238059
1035.606324
1102.606059
1080.521618
948.280620
1117.687515
976.215191
1083.246235
1089.514471
1006.611695
1060.835765
1076.758603
1057.731618
1051.534897
990.206299
1182.835500
1018.066426
1009.274941
1071.094941
1075.960771
1099.485985
1092.590632
942.093956
1099.803662
999.893478
1113.116618
1057.420338
1079.270603
1030.539853
979.474994
1134.815206
1149.221426
1056.931353
1042.304162
1014.237231
1086.628632
1113.885191
1051.173132
1004.861912
1024.025262
1066.857456
1080.139574
1066.099103
1105.003206
1022.784984
1010.949456
1066.888368
1168.159750
1055.574029
1000.638368
1107.222353
1077.424515
1090.664279
1071.991074
1049.897104
1064.478015
1105.903221
1030.499559
1014.813706
1038.086135
1101.046221
1032.152559
1065.227706
1038.381956
1024.346019
1041.634235
1126.107485
1100.289456
1114.122897
932.413285
1091.748971
1057.055191
1099.810324
1104.780074
958.817757
1076.993279
1044.837426
1172.272309
1127.768441
1072.513670
1125.470412
994.157206
1072.778882
1051.133603
1046.217760
1067.905191
1141.676191
1123.916956
1022.472500
1071.269996
1102.889971
1118.696676
1078.186162
1038.470147
1045.900542
1120.957132
1076.977765
1065.778706
1013.192838
979.936543
1059.228088
1074.047044
1080.634515
1040.791809
1024.785986
1057.667515
1109.723676
1089.705015
1124.636853
1031.598767
1126.124882
1068.306368
1009.013191
1136.262485
1063.173283
1157.757118
957.274279
1058.444838
1024.367706
1053.657608
1100.613662
1054.310441
1103.217147
993.549662
1007.241800
1039.400618
1032.731985
1048.614279
1194.892588
957.746860
1050.885294
1025.981000
1028.733662
1082.868647
1061.833818
997.421235
1007.170279
1099.642485
1076.111485
1101.880834
1058.664838
1133.159309
984.769706
999.247647
1051.098688
1092.443559
984.065368
1023.551000
983.755603
1030.368410
1145.278574
1108.420353
1057.728309
1022.643588
1003.528544
1047.393618
1042.048941
1057.481765
1058.568000
938.054663
1039.299956
1028.839000
1102.837279
1008.703868
1045.783355
1123.390353
1016.453368
1070.372412
1100.778897
1084.379871
1074.911529
1096.825485
1053.428382
1055.008794
1049.787711
1013.986147
1127.783662
1074.254279
1073.743265
977.780330
1040.274882
1098.976265
1149.052250
1078.801632
965.903361
1064.541103
1101.099382
1016.391912
1045.024779
1018.207274
1018.845515
1099.412250
1078.068221
1090.783956
984.837525
1029.402794
977.097868
1040.424721
1108.541029
987.909777
1056.982485
1090.293706
1032.331926
1068.394985
998.775602
1125.364206
1046.745059
1099.508441
1061.922632
1087.972441
1107.699147
1105.061529
1163.463632
1054.060912
973.028060
1136.515074
1126.462074
1017.113941
1120.144206
1080.948515
1078.225665
1094.512529
986.131853
1086.948235
1111.261147
1073.916563
1142.818765
987.185162
1139.378912
1086.112544
939.193579
1061.727162
1083.252191
965.613765
1069.327618
969.564772
1103.851250
979.550515
1048.183265
1157.790838
964.463464
990.371221
1017.276765
1042.262750
1005.296029
1082.134245
1013.946000
1143.474765
1036.546956
1022.823000
1068.667276
1032.143912
1028.664309
1083.319044
1031.280176
962.146748
1160.065044
1127.585765
1036.812882
1017.951574
1024.529587
1052.438765
894.677588
1085.089765
1072.309515
1028.761456
1082.964912
1087.837529
1076.787941
1020.449147
1023.902193
1078.947794
1109.310456
1073.201574
1099.094412
1024.568724
960.986176
1106.135912
1015.787265
1089.400441
987.483858
1139.933412
1181.530265
1045.672500
1078.757824
1037.845447
1114.204632
1095.117235
1044.456265
1063.488162
1033.525228
1013.350779
1083.350824
1089.935632
1031.077676
989.442891
1103.266162
1106.784941
1063.860338
1126.536338
960.459304
997.586971
1130.221265
1088.424471
1040.020412
1043.413114
1171.761044
1006.917735
1022.673441
1050.896426
1016.288969
1072.429265
1077.012544
1031.265515
1024.203250
965.281750
1066.644441
1012.003603
1136.042574
1104.639221
1076.703942
1064.308588
1114.222059
1095.263941
1057.751015
1024.494267
1048.336779
1031.074029
1062.936147
1059.011956
1039.066901
1065.581103
1086.833309
1045.109588
1090.948603
1031.368755
1126.895412
1112.217515
1078.099941
1003.943529
1031.532668
994.230985
1046.380971
1083.892221
1069.534765
1101.881023
1092.168221
1010.827250
1082.157235
1061.106221
954.946936
980.568882
1048.083897
1129.072691
1115.042147
1051.858143
1078.058794
1157.131574
1108.665618
1081.268809
962.409438
1091.183765
1051.069324
1098.404368
1032.012897
950.238734
1021.170162
1050.020853
1067.226279
1120.695235
1035.361412
1076.616191
1018.841412
1102.123103
1018.694382
1038.099766
1018.080426
1076.416544
1153.076338
1170.114574
1000.399165
955.627294
992.116765
1015.595324
1056.260324
1060.829460
1091.796147
1021.232382
1055.680368
1041.933838
993.897829
1111.400250
1042.695103
1055.316662
1096.388147
1089.846213
1075.411750
1094.133735
1059.782588
1107.539044
1053.649479
1075.167471
1090.475103
1078.689088
1029.949162
1039.534554
1023.690735
1070.791147
1079.351559
1142.841500
1065.022835
1130.606559
1020.444676
1042.793088
1057.844559
911.097630
1058.866294
1096.934574
1060.695941
1018.910441
1037.783396
975.013544
1013.496838
1097.624103
1080.472353
948.286603
1081.514956
1151.252382
1131.894353
1061.506912
1002.225840
1114.598721
1140.698147
1093.069544
1114.229309
1043.775562
1064.413603
1114.637382
1143.144309
971.942382
1018.282255
1125.322529
1094.508397
1037.270868
1082.477397
1070.792668
1132.710191
1050.684426
1095.896132
1025.180853
994.221213
1107.645603
1070.339618
1070.104838
1033.957103
889.218479
1006.505794
1116.729824
989.259471
952.258426
1004.166142
1069.238088
1091.605559
1121.797824
1071.701059
1026.802761
1068.481000
1021.687029
1088.602088
1046.659353
1041.175263
1093.839971
1035.645324
1063.772647
987.259794
921.330500
1119.129897
1019.842515
1094.504574
966.990059
964.939427
1116.230882
1178.458647
1080.495456
1084.725162
997.018620
989.526544
1061.999926
1075.748985
1088.967750
978.974195
1113.071868
1029.818618
1007.130485
1055.002559
1003.015476
1044.727603
1113.714221
1074.079500
1055.459029
1111.728595
1059.521809
1179.369868
1080.538691
1116.084162
1001.729920
1080.105441
1076.961426
1031.280912
1084.295765
980.944803
1112.780618
1067.980559
1096.937000
1074.235132
971.486275
1139.782515
1081.309868
1044.857338
1071.125750
993.619438
1102.659456
997.216662
1007.651632
963.216853
974.709307
1128.211912
1014.872926
1058.221824
1056.246544
1057.799324
1062.076324
1112.843132
1023.045338
1094.800603
1019.740251
1161.221868
1043.306632
1092.643309
1124.677912
968.357488
1063.083250
1145.867250
1098.669809
988.708897
1074.662813
1139.965779
1179.755529
1036.307382
1027.161471
1014.975608
1068.594735
1102.277882
1076.587868
1036.917500
984.186904
1082.544162
1073.487897
1124.281838
950.660647
991.102655
1102.616147
1116.710809
1045.926691
1101.280074
1112.303833
1028.279382
1060.847294
1104.587162
1087.654765
1057.424643
1050.920353
1059.252735
1030.436485
1048.612294
969.124983
1112.380735
1026.549868
1150.513397
1030.713044
1168.936940
950.281382
1039.736632
1023.068926
1030.727426
988.692971
1091.694515
987.424368
1072.459941
1034.446250
1012.324296
1085.557750
1006.060838
1083.917015
1124.519926
1003.620444
1084.358603
1059.519147
1058.080265
1027.151206
1022.587387
1128.839985
1068.725574
1038.805676
1000.401265
930.329153
1045.262279
1072.424618
1025.219456
1016.364647
1022.642875
1033.098971
1089.595779
1064.553941
1014.388029
1084.451082
1129.960588
1008.556956
1027.405897
1059.007838
1017.586334
1103.622368
1044.056397
1089.515544
1047.818721
1019.634894
1068.901515
1059.617941
972.817662
1108.257529
993.144292
1059.826029
1108.890221
1101.170029
1028.215941
1042.516823
1090.239368
1004.950000
1036.270235
1132.386676
1018.562633
1067.587809
1084.490338
1077.466926
1090.222618
1040.374502
1053.423338
1048.275000
1099.444397
1089.365574
1013.137313
1155.525868
1064.157500
1066.129485
1019.922250
975.332387
1133.027603
1065.489676
954.494882
1075.656279
1024.395433
1049.804265
1083.341088
974.744926
1056.079897
1059.264861
1142.736471
1060.790779
1021.420721
1039.577456
1006.973362
1090.975309
1058.148676
1198.709382
1010.967691
1034.412702
1034.092809
1032.691941
1009.493162
1097.652794
1083.073130
1121.970147
1013.072485
1025.359279
1086.498515
1003.483984
1125.945912
1040.706441
1101.246382
1077.401191
1066.258794
1097.011441
1034.414574
1051.407294
1144.455103
949.516619
1083.130603
1001.940206
1053.644603
1073.193838
987.583032
1145.628074
1005.429059
1088.530750
1083.498647
946.856078
1040.002544
1057.512368
1024.846868
961.730265
1105.291241
1084.272309
1009.611985
1054.268206
1034.438588
951.235625
1094.522132
1116.816765
1072.709044
1109.738735
1038.203670
1053.299471
1138.858926
1031.082029
1064.960426
1028.277171
1014.261765
1094.212868
1095.680309
1112.728912
1040.937320
1070.123015
1053.759191
1061.074250
1065.046809
994.989027
1082.924485
1032.287044
1054.836265
1124.947191
1013.468087
1077.586015
1066.137779
1047.255882
1121.807456
1101.650795
1043.143279
1033.062382
928.670735
1020.239750
1025.964899
1129.771985
1079.002059
1103.234456
1022.570574
982.317062
1056.732412
1027.605603
1022.571324
1121.351088
1059.358358
1025.433147
1034.808191
1147.489059
1037.926088
965.086594
1126.226162
1059.024897
1050.223338
1063.529000
1082.018566
1091.884382
1015.899235
1055.654971
1061.092662
1019.739803
1094.351941
1027.047191
1008.879779
1062.411324
1045.467172
1109.996574
1088.857426
1084.784029
1082.720309
1035.428894
1093.182868
1060.282309
1001.301382
1072.368750
940.035778
1082.697588
1013.684412
1094.786441
1048.231632
1070.235426
1054.896029
1036.978221
1088.892279
1074.304059
1029.658030
1030.413941
1065.496044
1015.368000
987.179750
1044.871929
1073.455279
1043.154059
1106.383779
1029.134897
998.997298
1045.334456
1030.729765
1018.742853
1062.700412
1057.108784
1030.117838
1053.674162
1066.235176
1035.999191
1072.122536
1024.201353
1154.616750
1131.979426
1002.798059
987.838773
1090.803074
1115.750338
1102.403338
1027.094750
1015.558642
1035.782765
1021.611353
1073.543868
1027.166015
1050.573555
1111.312574
1025.066765
1056.956338
1013.703853
1034.902938
1069.800750
1046.420382
1085.665103
1047.788147
984.318205
1037.581735
1066.300426
1036.572471
1068.868471
1075.096721
1035.854838
1140.922485
1082.377529
1007.516691
997.827619
1037.243250
1059.385147
1059.121338
1081.138794
1022.287165
1133.549279
1094.349279
1135.151632
1013.535779
937.540475
1059.346221
1096.965897
1072.972750
1050.320853
955.848241
1049.435309
1066.447353
1016.717441
1019.959735
1040.851257
1095.029794
1127.103338
1038.026368
1030.726382
1040.404449
1127.479235
1188.608118
1069.208397
1099.887441
1005.788127
1112.289544
1167.604265
1050.434074
1061.461868
1097.746246
1009.580206
1078.776559
1152.405074
1103.803794
972.894159
1110.520515
1027.127647
1084.219897
994.879456
1001.845896
1040.579750
1097.093500
1010.430368
1040.670824
1048.578353
1011.450971
1132.916559
1000.403824
1126.713882
1015.167075
1028.158397
1090.125691
1093.316956
1097.392809
980.091312
1073.065412
1048.634706
1058.716088
1123.741838
1021.725019
1009.537368
1053.904941
1011.522691
1028.179618
994.699888
1175.561309
1073.323279
1068.093294
1070.919809
1035.700390
968.146191
932.388618
1006.907691
1107.260691
1053.536818
1028.330985
1044.053456
1045.448662
1066.092059
958.954525
1110.191750
1024.397765
1100.040897
1029.996456
983.579585
1026.425368
1124.827529
1076.282809
1111.595706
1017.923748
999.446162
1016.046838
1057.712162
1034.152471
1034.811500
1001.656044
1036.337382
1012.434353
1084.274676
1026.813501
1054.375250
1105.130618
974.286088
969.640868
1050.136826
1058.712162
1028.915059
1076.076500
1049.243118
1022.486813
1186.805074
1098.679382
1034.418529
1047.021015
