15372.100147
14764.935500
15001.879162
15523.202485
15552.387922
14685.912471
15331.786559
16011.415735
15683.320015
15649.126864
16002.252956
14903.500676
15872.873779
16030.635735
15426.218939
14630.217338
14816.986750
15282.646618
16890.495044
15790.339970
14735.295779
16044.969441
15556.180853
15676.968382
15925.884030
15623.763853
15347.799662
15688.002059
14813.591500
14794.051032
14582.469147
15580.797368
15355.860618
14845.927779
14344.534783
16481.928529
15756.022221
15816.757485
16552.966735
15955.781226
15736.605618
15885.531824
15260.384250
15498.034941
15415.573595
15557.426176
15820.054235
14781.989059
15146.794250
16009.027155
16008.936250
15058.689735
15562.923603
14302.209838
14753.936171
15536.343985
15139.832985
15033.509647
15590.463926
14818.518849
15505.025941
15334.803735
15702.369897
13882.326221
15678.696144
15208.479471
14993.896353
15020.579088
15269.116529
15307.171675
15967.611882
14224.883015
14934.767088
15219.332544
15010.717515
15142.023809
14687.109618
16312.372265
15591.588515
15573.571751
16407.588603
15341.460265
14916.993074
14769.963338
15848.295517
15063.746015
14624.277235
15746.752735
15965.326000
14784.748872
14272.056221
15822.959015
15944.531544
15012.357044
16187.810917
15569.075603
14559.103897
14807.877441
15408.717559
16136.420154
15334.896824
15864.749368
16268.350176
15824.034500
15419.388994
17067.117529
16013.250235
15003.590426
14948.857515
14535.020701
14477.746765
15071.792235
14501.310691
14492.000471
15028.491908
14837.768529
15349.561676
15287.550985
15963.086794
16282.160865
14901.867074
14742.941176
15598.018353
14801.014515
15103.105499
15167.091662
16414.764074
15319.791956
16251.210382
15028.604692
15444.536162
15178.838691
15782.686309
14010.393309
14584.516119
16170.272603
15198.353382
14904.191926
16091.023809
16191.901106
14540.388015
15897.549824
14943.115412
15308.961868
14777.092946
16259.435603
16141.467985
15342.662485
15181.622412
14924.085844
15217.905279
14569.116750
15929.971574
15135.283221
15079.220522
15316.394382
14432.588662
14946.886103
15859.571588
15703.161862
15410.999779
16117.724471
16562.101985
15210.296853
14738.258745
15335.709368
15894.073206
14296.911309
14726.020074
15097.992614
15614.672926
14848.439485
15930.617074
15556.797162
16038.198101
16130.718000
14900.017294
14260.735324
15585.413956
16004.761073
15537.809338
14803.644868
15715.979588
15428.238662
14839.073736
15306.015941
13581.981485
15433.750191
16137.725662
14944.608738
15040.409868
15836.698456
14800.909132
15958.241265
14637.779695
15150.315059
16487.737515
15937.534221
14224.471368
15318.420902
14138.298897
15057.835824
15610.021015
15791.642941
15408.333168
14182.294926
16477.069368
15251.459485
14905.530912
14298.743184
15238.296074
14045.166426
15699.378206
15504.213544
14062.222318
15104.952309
14872.769382
14096.537956
16144.197029
15445.210334
13980.588662
15342.000044
14501.183500
16059.758897
16343.216144
14901.235029
16108.015559
15704.163721
14709.123529
15313.269925
14794.108485
15868.571147
15973.681485
15924.260500
15657.617015
15431.350721
15133.818853
15305.482103
15167.135147
15041.049487
15847.866015
14086.361324
14799.573882
14302.955985
14911.681191
14681.826135
15150.607426
15258.986000
14683.715471
16096.744838
15610.544195
15386.887691
16125.278353
15912.261368
15328.173853
15410.657814
13750.356750
15220.139721
15352.524721
15417.781647
15371.195830
16578.755853
15260.504279
14990.846397
15090.892412
15532.122523
14873.844353
15161.081176
16414.454750
15841.893412
15810.348451
16262.003985
14141.578838
14796.708588
16203.862662
14789.504496
15203.783074
14996.706029
15612.920559
15270.242338
15036.071792
15417.226074
15503.544706
15360.951971
15768.881015
15321.113793
15060.758809
15177.836368
15247.750603
13792.187824
14291.753059
14265.487941
14941.329294
15760.907059
15667.867382
15075.850811
15446.130015
13714.155882
16394.736103
15755.774191
15203.232386
15867.081559
14794.555191
14523.711074
15030.153985
15657.401152
14967.635162
16512.978015
16998.788044
14785.079794
15136.147094
15503.647471
15537.141294
14188.665706
15577.583735
15265.162213
16102.059221
15242.396368
15042.161250
16589.314132
14573.014450
15278.792294
14502.341206
16665.278029
14854.535779
14970.617878
14847.965088
14981.390882
14867.270088
15690.919632
15216.414144
16834.980662
14683.961662
16062.326265
14225.698735
15768.579219
15541.795691
15679.317074
16554.872868
15355.666735
15143.492411
14739.116721
15151.933794
15097.446338
16112.378397
14601.600192
15888.679279
15576.196574
15336.397118
15435.864162
14376.570723
14734.189632
16495.983456
15056.153882
15891.307853
15431.421577
14604.878603
15035.558250
15305.385015
14831.066191
15495.076755
15939.107353
14753.350015
16776.739441
14951.496853
16124.750462
15822.931824
15481.990029
15014.989750
15856.705956
16300.581773
14765.145941
16303.865882
14801.815294
15024.732279
15925.679980
15166.586721
14780.957853
14633.485926
15676.127603
15633.605952
14612.569471
15569.548147
14848.380750
15648.384706
14580.067880
15880.847309
15326.996324
16672.733515
15532.744338
14862.078440
16040.204103
15723.507426
16891.113029
15650.593294
17170.546956
13724.824603
15164.687162
16090.542809
16931.333618
14536.126648
14439.754147
13919.853706
15109.888779
15753.373721
16133.157091
14956.902853
15179.945485
14304.314868
16453.634426
14918.366004
15676.080338
15247.139838
15884.869882
15239.327000
15599.457756
15467.583882
15176.439265
15205.618559
15533.653191
15654.444889
15278.136265
14344.581721
14137.140235
15218.243985
14131.203214
15388.305559
16465.211000
16452.884603
15478.693029
14393.561113
15535.649265
16468.503103
14649.927132
15048.215485
14915.576835
15966.745221
16013.622485
15919.007588
14936.631279
16028.794218
15233.429074
15985.444794
15155.235544
14390.435132
16026.657117
14473.093500
15027.318985
16402.506882
15026.531721
14687.568486
16312.653000
15688.107500
15235.218265
15765.585706
15159.518561
15716.639265
14355.895368
15879.555029
14692.682676
15116.778033
15740.227147
15236.163838
15632.835397
14107.242206
15447.949063
14693.178147
14289.688456
15339.470868
14768.281456
15629.421506
15830.374662
14050.009279
14725.587485
16620.849338
14548.414537
16535.817368
15131.399544
15252.016691
15498.848074
16112.086553
17195.565809
16533.370368
15754.974176
15033.941676
15111.325995
14323.903794
15891.579985
16060.370500
14819.747897
15900.102835
15675.268529
15903.342941
15295.944853
15145.970279
16283.758778
15255.060618
15986.652824
15791.581015
16106.906691
15047.925397
15141.139500
15857.821500
15035.436529
16123.975544
14499.168986
14673.107985
15805.894074
15300.391721
16087.197706
15767.508958
14859.357235
15403.697971
17118.968515
15829.992338
14097.970857
15984.615750
16476.517735
15890.120691
15077.533412
16087.155079
14211.815559
15089.691765
15058.040309
15185.696265
14107.893756
14272.555956
15158.424515
15491.971912
15631.234500
15281.735802
14500.899132
15753.192824
15652.978941
15965.997500
14686.487024
14781.226647
16230.087265
14785.819721
14984.796368
15837.185128
14562.262441
14734.687956
14329.900515
14825.897426
16723.000644
14367.296471
15424.605588
17079.136456
14830.994926
15351.250263
15770.312309
16080.056544
15007.736721
14387.750500
15714.230162
16122.713618
16958.835235
16309.146471
15219.505118
16909.758310
15280.523926
16119.205838
14531.015206
16165.592368
16561.045885
15988.779265
14655.062676
14853.144353
15240.351088
15512.314842
15446.097382
16016.965103
15129.139676
16255.003309
15468.628623
16032.361353
14909.674897
14463.054647
15641.952074
15934.795066
16014.741647
15324.050294
16993.598309
16002.922368
15012.330920
16267.792441
15303.766250
14066.573574
14660.873412
14679.837863
15726.683515
14701.975132
15413.278147
15354.454515
14625.556232
17560.090618
15513.018412
15577.008662
15234.562926
13208.466277
16204.562132
15780.669956
17224.727588
16654.716471
16501.103396
15187.955618
15316.688676
15246.860765
15256.950912
15777.969956
13854.497221
15701.235015
15325.744559
14992.012044
15766.783943
16085.714206
15517.719132
15978.121868
15072.506529
16353.216224
14822.483544
15308.254515
14835.228912
14333.092941
14932.837828
14288.119721
14644.798382
16111.979706
15679.895765
14254.736653
15333.211015
15769.833750
15640.652103
14455.995853
15590.089007
15283.656074
15426.840750
15103.355191
15487.945103
14868.385420
15974.985544
15714.506765
16001.587029
15395.576176
14861.376481
15140.558441
16359.245676
16222.975647
16798.042941
14422.406159
15835.034515
15636.862721
15798.866985
15409.712235
14749.527116
13721.963750
16612.573544
16468.120515
15757.519015
15196.942220
16527.964882
15045.441015
15349.280868
15445.689559
16215.418663
14247.242500
15107.873074
14589.491132
15078.451676
14882.075458
14843.794074
15525.772662
15751.819941
15963.722794
15442.676813
14955.771765
15441.027250
15852.167824
15086.382015
15436.434520
15366.110853
15793.136809
14600.592309
15542.909471
14115.518992
15189.819250
15156.419368
14965.580676
15293.475956
15823.683037
15391.586971
14063.428147
14246.307779
15878.583294
15135.305318
15434.589338
15165.037059
15867.796794
14891.350647
14389.986716
15087.857235
14292.742897
15264.836838
15419.522662
15595.002438
15593.539265
16778.087221
15608.239735
14318.757015
14419.372793
15685.389750
15719.427147
14783.473603
15458.677265
16042.272162
14698.690118
15085.358265
14819.279456
15697.216706
14415.100722
14447.959824
15242.110868
17290.245191
15035.115662
15000.019356
15375.541294
14974.577750
15264.370074
15162.563647
15432.671989
14646.489000
14576.168574
16503.607853
14788.626471
15248.973873
15759.481279
15195.343338
15019.446147
14230.418221
15174.252889
14522.079765
16068.683118
15388.354015
16809.025676
15363.573729
14572.839294
14324.236647
15271.953985
17671.783603
15722.429966
17199.437721
15086.375426
15837.792029
15370.491000
15273.345099
14491.999809
15650.281206
14617.139838
14726.005147
15351.768174
14337.408191
15272.402559
15124.328971
14751.080368
15537.047705
15615.950912
14803.143750
14078.808265
14892.194941
16180.679589
15041.869176
15153.442588
15703.258294
15413.606147
15464.189619
15093.602324
13333.466074
15032.990809
14716.446779
14563.486783
14305.479632
15734.543809
15196.830279
17546.550750
14935.404696
15061.336044
13746.728074
15446.923985
15303.983368
15271.874418
15504.679000
14703.592368
14702.782824
15260.273103
15866.471860
15136.304853
14838.801309
16257.766088
15337.942000
14840.602229
15367.924471
14624.808338
15145.640309
15944.723706
15572.288245
16127.895794
15421.292956
14839.581456
15771.803044
15223.981056
14780.538412
15943.486118
14537.544176
14967.093206
14915.028042
14951.370279
15507.965000
15714.652338
15073.550206
15139.054514
15595.395147
16656.734662
14813.983221
14927.323691
15039.365324
14930.370529
15543.126132
15382.127559
15070.690338
15949.747958
15540.112779
15382.611838
15964.521309
15203.513074
15802.399930
15536.752265
16132.129103
16906.513882
14632.700515
16181.461652
14699.632235
14969.285574
15453.767691
14298.607691
16063.460403
15674.734029
16375.742029
15344.407750
14631.498706
14855.971317
15413.042397
15110.802618
16390.520603
15094.846676
16007.695436
15761.912324
15377.047235
15997.412324
14540.109956
15600.929466
15968.079853
15442.550588
14730.645000
15320.005824
15723.513100
16137.024912
15322.210456
16211.061603
15604.864838
16561.966352
15021.345382
15912.863279
15225.977029
14601.865544
15115.091559
15280.522235
15996.290235
15208.574809
15467.860765
14327.770619
14617.045397
15642.252279
16432.576456
15194.201162
15842.661929
15471.502162
14348.352132
15187.707588
15187.179632
15550.111254
15465.779118
15079.318074
15573.996853
14136.098956
14993.700226
16126.350471
14950.422632
16190.593632
16330.135059
15773.985977
15921.987368
14786.867162
13968.261309
15112.053412
16421.437891
15176.142132
15433.936294
14630.383559
15443.275382
14967.728495
14732.991588
15773.455456
15513.191235
16061.325294
13414.872129
15803.285897
14946.742794
15744.132676
14622.260029
15481.132042
13792.719618
16523.682074
15219.114603
16094.346338
14645.749234
16438.558721
15714.615029
17130.027971
14895.182074
17026.480089
15565.665132
14794.092515
15368.663029
15145.097088
13896.766899
15126.230162
16023.827971
16730.117529
14899.184456
15565.316121
15175.365397
14380.758000
16612.194132
15703.037176
14815.304196
15888.833132
15058.603912
14714.522794
14089.979382
15085.637771
15318.747809
14228.267147
15266.570103
16370.286176
14820.906390
16827.017456
14695.242529
15642.309221
15253.584838
15101.854906
15417.236853
14949.174544
14196.554588
15627.726838
15381.388672
14018.874471
15302.901809
15012.810985
15432.527353
15876.146511
14931.468574
15135.170338
14791.683265
15701.116779
15680.228954
15069.015706
14400.181265
15896.675456
15448.178721
15412.950441
14932.500309
15945.897765
15189.427529
15039.349985
15422.674486
15710.524838
13320.519441
14339.917397
15258.441132
14717.356061
14298.271471
14338.209868
15359.288647
16024.674191
15459.414989
15589.732794
15009.275529
15395.857265
15492.782412
