20233.276676
19661.470412
19050.721485
19282.276324
21094.969760
19347.605824
19104.649029
20933.002206
21801.343265
21143.344673
17914.376515
20066.980118
20628.939132
20369.863559
18673.791660
19113.449618
19311.119471
20514.989882
20365.986088
20391.784602
19114.289044
20347.504529
18736.807735
19431.875118
18038.590810
20835.335044
20021.561441
21303.088544
17614.888735
20544.179267
20127.953294
19478.553500
19999.558294
18997.891471
19611.004783
20349.410132
19896.487382
18395.322382
20595.005426
19552.751667
20918.229279
20454.992485
19950.231206
20039.832088
19509.988065
19662.617324
20154.967662
20765.902412
20540.150588
19078.959905
18384.431103
20565.817941
19706.131397
21001.504382
18770.893553
18491.815603
22030.573941
21671.737485
18829.649368
19373.484378
18132.156162
20239.940779
19446.645147
18299.342691
19573.030659
18067.787941
20501.852574
20531.832779
18627.022382
20830.468660
19872.195632
22030.995456
19018.348132
18865.950956
20132.742353
19956.981809
20423.674074
19370.198500
19366.608059
20638.951781
20673.033691
20476.503000
20025.486853
17535.127426
19034.832473
19441.204647
20434.424103
19043.968265
20714.410088
19709.097122
19640.411897
20505.998765
19147.543853
19381.816809
20063.165682
19168.110250
20711.638412
18979.073147
19550.543294
18708.005463
18772.443574
17542.852529
21709.514324
18797.057471
20309.205685
19603.599676
19296.678868
19413.696765
19993.770250
20730.296407
19570.410103
20263.983279
20453.819235
21099.119265
20176.433188
18505.041618
19339.672868
20266.001544
18406.277868
18236.319145
19135.456176
21279.440500
19744.227912
18679.844074
20594.415308
19363.717074
21590.201824
19551.730088
20131.277412
21110.107177
19396.186338
18728.457941
19492.867618
21169.354574
20437.255046
19484.961324
20680.428103
20569.290897
19284.540397
20149.950783
18460.103397
19720.611515
18798.070426
20950.780426
20427.733049
21372.113926
20209.242485
19970.439706
20022.386382
17611.473403
18607.542897
19946.856368
20838.461897
19492.681735
19563.082331
19126.342868
19873.979603
18564.392941
17977.653162
19606.452832
20161.405118
18812.163265
20382.732206
18665.536000
19474.873437
21215.254882
20244.601618
18563.133279
20129.889897
19470.694835
22675.534324
18181.794132
19135.291765
18339.659853
20763.990689
19945.046971
22203.126721
19832.063044
18100.317985
20047.843294
22349.826882
20231.291853
20303.018941
18829.164824
19998.075427
19399.706809
18706.557706
20449.984662
19327.712485
19422.215532
19794.962765
19659.981868
19483.641235
20065.127176
21063.481401
20730.660368
19702.436265
19828.782926
19714.859868
19453.676373
19484.930559
19228.977691
20213.311456
19079.072706
19569.456345
20114.844471
20900.415103
18461.264471
19787.289147
20004.777023
21709.631132
19405.543588
18211.938735
20123.037779
19157.910700
20204.122397
19242.139176
20369.150382
19949.448721
20436.317158
18937.948162
18773.104250
20131.598221
19299.745750
19544.006850
21259.395985
19279.551912
20231.763706
20335.433632
19060.464146
18440.787397
20322.972147
20985.414309
18332.114824
17992.153882
18432.796529
20187.804912
18807.521721
19902.871471
19150.258795
18681.976721
19341.151162
19089.221235
19704.371647
20332.370015
21695.068826
19268.899147
20046.160838
19309.126588
19658.616353
18965.931431
17878.298632
17969.127588
19220.417456
20545.284647
19548.276844
19093.170426
20623.973485
20551.342824
21890.824662
19808.451169
19101.377750
19638.532338
20899.755853
19216.736353
20861.087170
21027.941176
19923.135471
21032.529074
18410.602235
22061.935407
19390.511721
20379.757721
20716.806250
20320.186838
19623.045070
19479.718779
20228.713088
19115.490897
20093.971676
19740.756454
19987.476191
20204.036721
19360.931412
20189.240206
17725.556881
19693.397191
18559.231265
20914.367500
18552.531353
19389.492898
19814.988559
20010.817941
19357.716353
19323.710765
18466.170164
18624.572809
19710.544632
20786.300926
19537.332397
19641.033194
20378.228132
21352.785544
20537.315779
21143.101382
19675.153313
19922.826691
17800.758559
19528.862015
19779.791206
20153.560697
19563.106574
19902.258471
18238.866853
21192.929191
20308.270551
21070.478279
19823.341721
20608.696853
21099.479794
19071.180744
20198.544559
18550.158941
19572.020912
21507.494809
20776.998510
19164.084029
17791.046279
19400.814868
18639.690647
20001.090144
18287.792574
20726.370103
19426.821221
18013.705412
20250.728013
19390.427088
17645.094250
21179.244676
18355.450206
19218.412000
20429.018338
20387.551868
18626.271941
19950.031897
21385.780824
19181.021382
20310.168412
19211.406015
18312.255588
19322.320252
18863.327221
19470.856706
19626.821985
19525.158324
18830.047298
21340.110029
19944.339941
21024.318397
19217.604368
20998.495270
21748.600118
19631.699868
19057.525926
20330.155632
19023.163948
19659.654044
20901.158353
20713.732132
20420.350529
19836.521964
20422.587103
23110.193471
21043.493088
19709.395838
19304.275392
20300.606882
19449.451338
19394.688191
20322.207426
19500.728702
19670.925515
20136.244412
19283.116206
19519.898603
20709.928027
19499.130647
20363.435029
20353.278250
21137.716706
19669.848910
20427.588912
19822.286044
19486.351426
20133.713882
20310.650412
19196.887221
19167.568441
19773.612912
18370.844868
19721.247590
20870.215059
20638.229221
20604.726868
20072.437941
18631.073062
17952.905662
20915.627559
19815.453985
19609.991074
20680.482666
21291.816765
20385.437426
18542.283794
20296.386029
20676.372138
20468.096632
20262.972912
20111.830574
22039.037647
20087.623875
19673.961941
18178.176838
19809.696015
19443.563118
19327.745479
19056.066221
18963.974868
19635.844088
20809.520603
20405.106877
18066.810529
21293.787809
19920.985088
18449.073853
19510.754967
20134.460485
18508.809426
19516.624397
18596.294544
18197.024983
22267.884529
20336.975118
19575.597897
19490.256162
19773.187146
19245.977618
18352.723426
20086.580691
19548.922676
19044.823662
19574.665015
19512.093515
19147.338368
18895.877897
18713.768840
20980.600118
19542.096132
20889.759206
20143.426118
19204.769871
20602.892691
20185.046735
20134.978324
20898.563618
18763.227843
19452.608574
20440.869485
20308.683912
21212.385706
20463.943638
18990.806765
19647.661074
19436.656706
19365.992706
17634.429360
21865.429426
20226.926985
19289.308235
21427.947868
18649.585126
17691.333162
20093.247544
20616.405265
19640.155721
20229.826981
19816.587588
20321.670779
19453.029515
19839.562382
22024.817659
18411.947235
20578.026074
21181.937294
19580.091941
20556.230028
18434.355471
19510.674279
20818.148147
19971.508838
19985.814911
18763.463338
19496.833397
19000.703632
19490.155544
19805.522869
20398.338118
17921.390191
18507.605765
21540.335809
19667.182061
19247.860324
18922.403632
19955.739647
18789.496059
20521.073018
19136.119368
19659.043971
21381.996603
19419.959088
21154.635593
19639.182647
20354.120088
18517.429279
18914.793265
19345.018345
21655.075926
21621.850162
19881.040588
18997.409779
18726.220934
18141.859941
20587.847632
21403.993985
18892.448353
19125.600744
18377.737441
21963.453324
18886.495750
19709.252735
19348.079952
20790.558956
21143.170838
20806.316162
20362.922441
19235.348924
18821.877368
19227.481941
20611.065662
19436.156544
19556.474087
20059.158632
18420.383000
20255.857912
20385.248044
20616.009868
21155.918162
19834.466279
19348.482471
19061.563426
19365.762825
20609.502971
18298.690574
21017.626912
18907.034750
21343.226297
18243.525529
19884.003456
18808.265632
19901.888309
20843.730636
18443.368779
20401.345250
20594.963662
18713.100235
21188.366447
20854.415426
22201.323250
19988.960956
19033.223206
20747.830316
21182.949044
18718.696059
20092.840838
19579.447309
19755.823729
20171.514971
18915.357412
19885.347044
19350.310279
20593.398113
21583.776676
19602.126632
19836.646971
20609.696676
18394.220085
19726.453765
20782.182956
20832.450353
19300.485985
19171.187968
20053.484059
19529.341765
20289.186897
19654.955529
20066.989293
20670.180324
18373.182926
20837.996632
19479.524088
19081.737765
19077.436206
19973.110838
18905.212853
19241.482941
19430.071678
19324.239632
20614.555456
18882.080882
19930.128706
18386.803591
20950.927765
20412.884456
18838.766250
20150.004618
19781.279828
21064.799794
20645.914471
20710.251779
19564.145574
19703.876521
19885.280588
20514.368912
21534.498074
19716.608221
19827.486581
18699.935029
21534.661235
18918.634971
19893.911221
18851.534244
20485.764324
20747.501706
20143.255574
19723.279000
20401.285716
18366.467471
19837.066956
20988.827985
18484.961632
19526.933673
18286.868706
19956.901618
17509.026279
18779.283338
18653.480660
19473.811941
20080.276603
17967.006132
19407.145368
20006.156117
21377.313088
20224.191706
21267.355544
21482.664882
20425.911369
19764.229912
19926.923515
18690.364412
21009.908353
20067.758591
20965.502882
20705.425044
19090.459250
20110.220676
19715.140754
19458.684206
20439.867882
21228.564147
19226.623765
19527.745696
19471.706926
19886.102588
19001.956426
21401.906529
20003.607653
19423.041735
19980.518044
20368.035118
20051.062529
18502.800214
19268.250103
20706.870574
20771.897912
21180.037721
18475.355112
20068.261544
20408.971118
20530.002956
19088.012294
18342.311981
20670.040971
20601.435603
20104.905853
18563.524529
20232.842747
20294.328265
19442.747603
20703.712368
20400.518324
20151.353734
20853.984162
18677.958765
20050.113941
19712.759574
20595.731088
21049.568941
20071.134985
19267.943515
18315.079676
19540.894001
22209.481015
20508.680500
18602.881529
18739.422309
20219.101870
19199.837603
20486.761926
20214.441397
19511.062059
20195.044651
20676.951471
19297.301265
18910.283574
18949.899294
21596.902417
20969.163647
20137.619294
21696.573368
21010.512426
19883.485772
20921.355353
20938.937809
18340.879500
21609.698809
19433.427067
20331.116015
19343.662015
19901.519176
22372.554221
18883.951216
20078.488118
19246.936044
18536.600074
21203.359265
20438.858085
18127.387574
19238.191897
18939.826824
19754.741882
17937.021189
19393.964735
20422.401059
19452.452912
21038.276588
19238.576117
19250.934353
19540.027118
19097.315221
20389.582603
20419.409515
19401.888779
19804.585765
20194.578515
17872.694691
19254.267737
21394.364368
20097.759162
20098.555103
20664.873926
19955.682459
20335.628691
19484.637618
20140.048294
18501.019074
19773.802402
20848.835382
19945.898706
20041.242103
18044.774559
20573.756668
19237.812485
17698.351221
17471.423868
19944.992853
20224.490713
17741.704750
19243.843956
18709.062147
19142.191015
20293.965538
17942.021382
20068.334294
19113.662809
19853.346353
19068.030731
18103.556647
19324.977471
19370.612250
19907.237044
20046.935526
20605.113603
20108.030397
20798.457603
18419.259265
19207.185660
19722.604294
20460.505074
20720.024500
18845.022971
18500.414014
18910.903103
18070.356926
22107.575750
19645.376544
18943.129942
18222.938956
20468.268162
20517.724132
20255.981265
20242.629296
19403.225279
19872.023529
18887.573265
18711.544971
19048.966945
18914.961676
19859.196662
19520.881529
18709.019074
19553.264358
21050.402191
21000.470015
18910.698103
19019.130132
18329.212948
21455.340176
20205.297809
20503.613074
19711.456000
18692.698170
21458.480676
18804.951750
19124.462000
19987.179103
19819.174083
21084.242735
20016.247147
19346.635265
18687.220779
19394.450231
20388.494235
19484.447750
20709.755897
20664.842294
20903.122041
19623.850456
19211.899971
19487.590103
18819.955632
19879.598999
18755.348074
19733.953147
21781.142088
20075.459706
19081.279191
19158.415074
20069.487515
19560.336794
18859.679750
20730.836178
20083.038853
21658.815618
19652.203338
20048.764265
20520.709223
21591.638221
22102.806059
18729.532985
21080.820956
20662.406284
21475.032147
21903.326000
19101.657750
19385.337368
19787.372608
20195.748706
18305.644544
20413.562265
21389.161559
20692.033698
19798.499868
19848.674397
19602.832162
19665.461662
20571.591964
20433.681279
20257.406368
18735.966632
20340.776765
18908.532877
19331.149147
19649.201971
20316.025912
19618.281676
18044.237408
20732.130015
18973.360250
18639.323941
20126.417397
19772.853689
20877.259015
18291.447897
20070.570529
20914.317191
18831.968117
18510.681441
21543.980794
19300.427294
19964.244809
20362.045412
18980.867103
17768.800265
18177.445559
21287.730471
17905.618075
19476.289206
17611.357750
20554.513603
20541.271529
20256.255783
21136.028338
19094.571471
20607.842824
19012.869647
20254.065196
18934.906426
18985.119662
22005.049529
20629.759735
19236.031830
20220.765147
21190.501750
19780.074706
21131.730574
19303.063787
19760.183588
18969.477279
18100.392324
19368.271353
18070.461538
18952.847941
19388.817250
18442.373706
20708.816265
18611.501878
22987.073353
19847.415044
20359.214132
19999.868750
20143.067629
19742.505015
20939.629750
19340.132853
18771.929882
19161.240425
20197.432529
21836.682794
19623.242647
18940.840824
17428.048117
19633.069912
19612.261176
20201.324574
21263.423000
20177.185619
20190.087103
19145.027015
19284.830074
19192.442971
17051.871370
19759.029250
20312.165941
19625.455735
20092.899265
20453.257989
19956.047824
20260.064779
19097.929897
20715.272897
