2049.792500
2033.688368
1909.448691
2027.614941
2021.368084
2089.019221
2115.620618
2051.312279
2117.071397
2023.630070
2104.870426
2016.809838
2196.033235
2082.342044
1973.230322
2128.684309
2104.494206
2085.267618
2076.468471
2031.377117
2151.666544
2065.744603
2072.676015
2177.832309
2076.825604
1938.030853
2239.844853
2043.583044
1855.216221
2078.281385
1919.556985
2168.369206
2031.202103
2028.567456
1850.946460
1993.062456
1980.501397
2187.399368
2255.050338
2009.432020
1981.887441
2026.700647
2132.556809
2056.210441
1919.225242
2059.230176
2075.078588
1958.380044
2124.074838
1940.097052
1872.201794
2011.208147
2032.998676
2073.391397
1829.539083
1941.435029
1984.187559
1974.999809
2137.427250
2051.014805
1974.979000
2160.922309
2053.271324
2082.792015
2198.454497
2042.679926
2111.472574
2046.806221
2019.379765
1893.862705
2057.568265
2028.874632
1941.961926
2072.898441
1931.338118
1947.073868
2142.458000
2063.872559
2206.793206
2071.061590
2004.735985
2192.211721
1942.478838
2084.159000
2118.729179
2109.124809
2010.707206
2263.207368
1894.686868
1963.654092
2144.723000
1849.444294
2145.931088
2115.265250
1905.925520
1997.382456
2085.994250
2144.480662
1972.442279
1922.475566
2065.183544
2047.445882
2070.312985
2127.603632
2106.610802
2024.067676
2015.752588
1897.576191
2087.177971
1986.013701
1912.045618
2072.542985
2050.674897
2043.834279
1947.942305
2004.991250
1976.451618
2322.804662
2043.487353
2181.533939
2191.123324
2243.978676
1890.690235
1963.218162
1960.730073
2074.364794
2064.918074
2065.499412
2117.759574
2030.940456
2001.429809
1998.222471
2096.990691
2208.867574
2092.108252
1996.186029
2050.295221
2044.818559
2168.247382
1976.305739
2029.786191
2082.933147
2008.152162
1978.063971
2159.025843
2109.388015
2053.889059
1904.481015
1982.270809
2035.252432
2046.051471
2064.045706
1913.659618
2088.748632
2033.246360
1948.747235
2139.300324
1929.710412
2159.643676
2125.878465
2202.022412
2198.952750
1943.118735
2046.001824
2062.620334
2076.454809
2128.061779
2077.808574
2035.276426
2027.029526
2032.509779
1948.357426
1943.099956
2007.034103
1913.378101
2041.474279
1987.677000
2139.473956
2050.214824
1965.278176
2044.946926
1975.536382
2043.018000
1938.222235
1943.185839
2103.342868
2157.669250
2062.249162
1932.710735
1982.014708
1984.745044
1879.756309
2061.694985
2154.083721
2002.041563
2084.029926
2043.701147
2037.259132
1951.298015
2066.435343
1821.398456
1994.524809
2051.901206
2139.287897
2029.198933
1954.535485
2167.850618
1925.492574
2069.574265
1876.604934
2146.978794
2038.113485
2105.722618
2046.865971
2011.306965
2027.790176
1954.366353
1994.548279
2114.275235
1965.256525
1981.493853
1933.812603
1932.568176
2022.267221
1965.458821
2085.967721
2134.908500
2157.934471
2098.034456
1982.059440
2135.119294
2072.419324
1927.320971
2131.004118
2004.485882
2016.465324
2011.199426
2179.397015
1980.282618
2219.230428
2045.848574
2169.321176
2047.538912
1963.156485
1938.738618
2113.395312
2077.181324
1980.598735
2081.832779
2080.143294
2065.941078
2056.362603
2188.252029
2026.161088
2012.338191
1925.574035
2114.905574
2071.240324
2059.782029
2042.400809
1978.989860
2057.798750
1987.017559
2033.018118
2018.982868
2030.870949
1999.929456
2036.015074
2064.875779
2062.936441
2043.188848
2160.472765
1953.813985
2148.201926
2055.861618
1999.428364
2090.595956
1897.252059
2038.933132
2069.596294
1818.446380
2110.150706
1937.410750
2127.264265
1978.282279
1775.418278
2150.410412
2062.538368
1973.793971
2149.128647
1911.650265
1948.026618
2148.087735
2181.298809
1960.792279
1986.876737
1812.486868
2064.888544
2087.165412
2096.992294
2035.743062
2184.335250
2020.273779
2048.557279
2130.006794
2181.259666
2061.263074
2051.421706
2174.511441
2027.489456
1984.216168
2107.453118
1971.914250
2100.291809
2175.703471
2003.941007
2003.356632
2079.599176
2132.822971
2241.869206
1855.002376
2089.063103
2265.191765
2137.069559
1962.621412
2109.005040
2083.462706
2131.540426
2069.638765
2045.798074
1883.625070
2090.157456
2037.883779
2082.360662
2054.789206
2086.043542
2171.620221
2146.187353
2113.571618
2171.529265
2126.838647
2008.755941
2024.426765
1988.510118
1993.269191
1873.634736
2086.052147
2083.124074
2034.484191
2127.611985
1949.379973
2086.930926
2102.071500
2046.980824
2173.123206
2017.431739
2002.227559
2048.250647
2067.048515
2153.176118
1889.164417
1982.167853
2203.848015
2130.621750
2023.967956
1917.633698
1898.024382
2143.706588
2005.283926
1952.780044
1956.484228
2108.539221
2280.945926
2002.194882
1899.170059
2061.062333
1987.932324
1886.790309
2105.562471
2137.844147
2051.522540
1958.608015
2247.936353
2118.180588
2086.614838
1992.955997
1855.606971
2116.514206
2258.106074
2189.889426
2040.192190
1909.127765
1954.134000
2058.604206
2057.324662
2101.735529
2110.883691
2039.701809
1962.217647
1983.422794
2078.322016
2042.176853
2021.562191
2037.453103
2156.860397
2023.833444
1985.869971
1921.741735
2124.440015
2105.072309
1876.123460
2114.245794
2253.510941
2256.059676
2149.731382
2134.046094
1997.628794
2023.255868
2122.770191
2001.407426
2042.394977
2019.775632
2112.404309
2062.554324
2082.240382
1950.657126
1903.679029
2094.504029
2054.655853
2117.551632
2058.949451
2079.765441
1982.471897
2086.517456
2060.423824
1814.495570
2077.643250
2042.708368
2047.834074
2118.790882
2005.191409
1959.750765
2064.931941
2188.805103
2174.219750
2099.195426
1990.595779
2066.100544
2310.622868
2128.409441
1961.229103
1956.870088
1850.053618
2125.652897
2109.977574
1935.022737
1996.646088
1990.645426
2080.171147
1861.573676
1900.543739
2190.056279
2174.114074
1968.867853
1882.965853
2166.664431
2041.132221
2077.237456
2159.350985
2079.828309
2107.683638
2108.779294
2054.381971
2061.058735
2129.626162
2010.136890
2213.057632
2025.257985
1889.349044
1996.715353
1937.997612
1969.678574
2051.387324
2089.727235
2089.762235
1916.166922
2052.757221
2070.678206
1987.421676
2315.980471
2009.729967
1969.101529
2152.995897
2052.423735
2118.792103
2115.536866
2001.490632
2016.525044
2043.613412
1969.582956
1833.980720
2107.338191
1964.517412
2040.879632
1904.233544
2015.311207
2139.309838
2101.310441
1827.426882
2031.331721
2043.101811
2021.386265
1997.386279
1978.237809
2073.067529
1830.149621
2072.846985
2015.762985
2122.184059
2099.947456
2165.710564
2081.499353
2088.258235
2029.814529
1910.434588
1913.295403
2145.058294
1882.067059
2006.266765
2047.672382
2108.786464
2079.736956
2083.128662
2058.309853
2007.295176
2072.341347
2080.927103
1993.603118
2153.908676
2075.782706
2056.482996
2079.236118
1994.840721
2002.169382
2149.612471
1956.108630
1955.153515
1969.522441
2088.631603
2063.068485
1944.412822
2046.965044
2049.691235
2029.532926
2133.239912
2022.355456
2123.052324
2236.880294
2029.892485
2135.305853
2039.101634
2102.419294
2156.446647
2198.163706
1964.228824
1984.334723
2272.868294
1990.694897
1976.073250
2049.655662
1941.213416
2070.479853
1946.453779
1972.471603
1982.084132
2119.379167
2181.227353
2150.798059
2002.300044
2125.482779
2038.382419
1936.447824
2143.503765
2035.027103
1980.894147
1990.080905
1930.693471
1950.099485
2027.328059
2141.755882
2008.419568
2227.450912
2157.739221
2072.622941
1839.240324
2107.780570
1944.821074
2083.102235
2168.129279
2017.962588
1961.913733
2032.082882
2081.557882
2166.683338
2003.569853
1796.741073
2180.454868
2042.818382
2013.824824
2052.608162
2011.818148
2047.460838
2010.239250
2060.648618
2101.924912
2088.103840
1975.787412
1804.547941
2141.609426
2009.075088
2084.019636
2056.349471
2003.094603
1984.389574
1948.535632
2003.308666
2037.492779
2245.135971
1951.232544
1946.946618
1966.957374
2024.604059
2018.663044
2240.495588
2046.905044
1959.859125
2089.648603
2046.253221
2085.090588
1993.093044
1986.403832
2181.242662
2036.217382
2077.641735
2101.863603
2019.429907
2248.823956
1922.121515
1899.562588
2117.407309
2016.203100
2102.628926
1819.778088
2188.663515
2030.570206
1981.628939
2109.582765
2125.373162
1938.502191
2126.897574
1958.280073
2040.719838
2024.915735
2009.736118
2300.357088
2065.828839
1841.254912
1885.382985
1960.284632
1874.444971
1943.513105
1928.396662
2169.444588
2048.158324
1999.262324
1962.705489
2093.525456
1984.722426
2047.965368
2184.510632
2002.656961
2050.834706
2093.725926
1877.508603
1955.258809
2054.548139
2040.760647
2038.785412
2051.210926
2225.228088
2004.162125
2028.381294
2035.599632
2048.418676
1990.846279
2114.174936
2004.714103
1825.749074
2016.174103
2178.419956
1832.341525
2043.376059
2114.774897
2190.812162
2163.983941
2137.156791
2162.638397
2099.550721
1991.801015
2062.265412
2001.842219
2034.525059
2003.712338
2002.646250
2037.627456
2143.345882
1894.187529
2095.803897
2118.772765
2081.280574
2063.329369
1981.245103
1948.263221
2033.668721
1929.859912
1978.941032
2006.886235
2113.728647
2166.691985
1872.920221
1836.996372
2157.011059
1951.849324
2200.505897
1923.316456
2140.581947
2026.883676
2239.870956
2124.141235
2036.244515
2020.766169
2093.580471
2096.724029
2016.782162
2032.348235
2055.950229
1789.900132
2043.198721
2034.869147
2127.510132
2203.482039
2295.882691
2196.874882
1988.603853
2103.210559
1983.525805
2120.272676
1987.907853
2050.391485
1988.671456
1977.418748
1954.607441
2065.516029
2189.122000
2094.127044
2011.736426
1952.389647
2117.439691
2012.029721
2020.126221
2041.325236
2142.774971
2056.766324
2016.801221
2073.647956
1878.649605
1938.010132
2016.218088
1955.834809
2136.249029
1913.811709
1976.311088
1988.955868
2008.756132
2119.151588
1972.876166
1932.107588
2052.331971
2143.691912
2068.041574
1977.421741
2133.544279
2014.330044
2212.821265
2206.850574
1982.631169
2043.498632
2017.852544
2090.474235
2151.272618
2136.004097
2181.767265
2135.352529
2174.848074
2009.255559
2026.072584
2150.173191
2269.060485
1993.328676
2052.525529
1995.153350
2052.878794
2134.504603
2067.075735
1875.853324
1982.498763
2136.670353
1974.574456
2089.024265
2057.361735
2013.729735
2080.955603
2098.126294
1871.599294
2028.789676
1979.703427
2075.071000
1968.074676
2225.809471
2099.626456
2065.767943
1937.853382
2141.345765
2150.517897
1898.129647
2023.077930
2035.851368
2010.541809
2211.991294
2103.097824
1977.124329
1989.165632
2033.995206
2011.806471
2095.455529
1983.293271
2076.671412
2074.911912
2107.418162
1999.150544
1902.415802
2170.843765
1968.925897
2043.407765
2010.481368
1970.505656
2066.126426
1982.685426
2097.705029
2028.948397
2107.136628
1948.667588
2093.571824
1955.126794
2067.038706
1832.593056
2059.926897
2123.483279
2207.313706
2053.342926
2019.308337
2188.738588
1997.520103
2047.691441
2186.367088
2100.587765
2005.659265
2141.668382
1991.180574
1990.493912
2013.121428
2115.599471
2159.415309
2011.690956
1984.390574
2020.631488
1966.684397
2025.354735
1994.647235
1988.563912
2089.663622
2034.537838
2066.807118
2245.443544
1989.668471
1838.854491
2200.307544
2150.021853
1964.069691
2013.041662
1913.336022
2117.942588
1954.099794
2083.554853
1901.843632
1955.231979
2229.155382
2007.772662
2099.492265
2138.659132
1998.483201
2044.178294
2042.545544
2090.170794
2104.641559
2044.336599
2184.013853
1933.591662
1921.763221
2106.342529
2115.272968
1877.362044
2191.140221
2212.696559
2250.575221
2223.602837
2075.329941
1879.935647
2033.320176
2051.935074
1885.374500
2022.532103
2189.173912
2008.251044
1984.385824
2125.965340
2078.208294
2146.831691
2081.115147
1969.557588
2073.908415
2216.704176
2176.580044
2032.688559
2062.562441
1903.079284
2206.716853
1969.376426
1954.644000
1849.517779
1980.842800
2048.372985
2076.501765
2113.516824
1866.279265
2181.530360
2132.993838
2139.296176
2113.011456
2186.147147
2118.112009
2102.549162
2040.490985
2044.274162
1868.380485
2050.550790
1966.707500
1853.199588
2078.389426
2011.826309
1991.132217
1862.583279
2241.078485
2143.575162
2171.115412
1936.234145
2048.580618
2093.438721
2052.342235
2200.389588
1903.675985
2103.920206
2187.495765
1941.018029
2144.612691
2021.702869
1969.934000
2033.980338
2179.066044
1993.939162
2121.662149
2135.662544
2035.069706
1936.722191
2015.668412
1906.358342
2127.350824
2294.641029
1940.146368
1877.109265
