2491.995300
2291.810200
1623.753600
2283.567300
1847.888969
2178.577200
1674.081000
2282.919200
1549.739900
1534.503278
2091.173800
2049.725500
2339.212700
2003.203600
1339.452587
1782.401400
1979.803300
1980.992300
1678.186100
1769.811497
1555.508700
1404.031700
1417.011500
2238.140800
1751.443206
2255.507000
2001.927500
2041.270800
1723.415800
1272.693816
1671.144100
1767.428900
1995.483700
2601.866000
1716.426225
1831.934500
2279.534300
1577.789200
1729.964600
2181.250834
2111.174400
2132.202600
1681.882900
2194.399000
1956.646844
2059.654200
1853.718600
2055.851100
2146.227700
1547.522953
2024.166100
1929.974500
1699.905000
2166.428300
1553.947762
1971.784000
1826.538800
2347.350000
2222.065100
1674.792872
1635.185900
2304.927700
1966.852600
1723.014600
1389.047981
1797.950200
1997.714800
1998.535100
1670.660400
1693.828191
2239.225300
2042.673000
1877.933600
2089.264200
2206.261000
2061.421100
1813.380900
1844.358000
1445.334100
1728.804309
1886.697900
1621.586200
2113.060300
2370.926100
1599.161719
1755.140300
1576.425900
1949.383100
2121.728700
2005.732628
1981.314200
1681.178400
2171.389200
2379.317900
1228.595137
1890.297800
1642.943400
1684.758200
1958.359800
1132.810447
2427.956000
2366.638800
2074.375800
2155.478800
1959.375956
1989.670000
1879.840100
1775.721800
1754.806700
1711.863566
1912.589700
1916.517200
2182.528000
1766.149600
1425.481375
1993.669500
2190.142700
1807.080600
1993.939800
1964.453684
1527.884900
1804.504800
2030.343500
2071.102500
2024.879194
2398.866300
2153.747300
1852.149000
1552.788000
1544.834303
1604.173200
2394.826200
1798.659300
1793.523300
1655.794313
2162.477400
1610.465100
1364.896500
1813.820800
1677.737522
1577.557400
1828.188700
2258.230200
1718.544100
1628.841331
2025.164000
1924.974400
2035.547700
1702.729000
1650.271941
2409.197400
2115.792400
1753.856800
2392.006300
1635.533050
1733.641200
2052.867400
1977.991500
1573.711700
1286.315659
2062.793700
1693.682200
1974.672000
1712.222500
2172.887169
1986.169900
2005.741500
2083.818300
2153.036600
1588.018278
2078.390100
1952.331300
1901.412100
1359.936800
1506.934888
2420.508200
1639.806100
1588.143400
1680.279200
1564.919497
2128.102300
1675.238300
1666.746600
1665.572200
1678.443206
1634.723400
1969.055200
1878.358300
2241.816100
1300.913516
1887.052400
1712.640900
1828.207500
2054.394400
1493.106025
2053.482000
1579.020200
2169.209600
1623.118900
1402.971734
1824.829900
1960.206300
1858.923400
2047.044000
1382.905444
1914.700800
1810.739500
2351.965400
1726.041800
1477.248553
1876.599100
1889.884500
2399.265500
1746.543100
1423.782963
1507.747900
2178.063200
1915.323300
1777.687800
1724.837772
2037.147800
1937.049900
1566.663100
2283.218700
1930.536281
1729.414500
1865.677100
1633.286400
1679.282800
1337.717291
1794.127300
2133.911700
1737.308300
2117.300700
1370.510700
1812.436600
2259.915300
2263.482600
1779.462600
1923.823809
2037.133500
2025.414200
2006.522900
2044.058400
2061.059200
1846.677619
2037.965000
1942.032800
1844.945900
1573.635000
1761.190228
1757.636800
1768.188200
2212.413700
2045.674900
1904.965237
1543.069400
1732.541100
1885.220900
2261.735700
1556.422647
1944.582300
1674.277100
1934.805000
1977.982000
1592.107556
1806.587000
2322.542300
1796.669500
2319.089100
1612.990966
1620.394700
1891.136100
1841.237400
2067.261000
1425.887475
1620.249200
2036.053400
1623.117700
2146.303400
1282.622484
2083.267800
2052.344400
2154.033700
1830.103000
1444.282494
1708.394400
1588.308200
1858.693600
1687.624500
1815.022003
2123.639600
1720.583400
1898.650900
1532.138700
1656.721312
1602.168700
2102.644600
2023.151000
2161.329100
1906.212522
2026.903300
2019.407900
1697.789200
2023.901100
1378.008631
2336.124100
1883.821200
2059.997500
2224.147900
1810.229941
1911.317400
2024.745000
2086.584900
1599.332600
2078.228750
1804.771700
1761.259800
1921.408000
2746.130900
919.272159
2123.304100
1712.288600
1563.889800
1836.089300
1758.165069
1803.012000
1792.100800
1870.558100
1824.459300
1716.984878
1369.538500
2229.240400
2127.255500
2209.501600
1325.508787
2268.864800
2415.505100
2044.750200
1607.683000
1689.307597
1714.134800
1919.806300
1556.921300
2259.002500
1363.635206
2187.282600
1603.504500
2006.344500
1967.452600
1565.699316
2305.912300
1883.178800
1439.267800
2490.845800
1861.719625
1695.344200
1660.935100
1715.788600
1786.173400
1941.824134
1737.149500
1776.756600
1607.421900
1691.728200
2044.137544
1833.991900
1438.043900
2187.449800
1637.854900
1724.786553
1699.298200
2034.160600
1482.290300
1891.419800
1719.698163
1724.296900
1819.954300
1869.069200
2225.486000
1326.481272
2244.841400
1940.853100
2122.614300
2357.433600
1795.923581
1785.564000
2051.255600
1936.740000
2075.091600
1363.454291
1661.395500
1666.338000
2313.408600
1437.331500
2023.975300
1873.371700
2052.543000
1699.933000
2077.888800
1424.910009
2256.928000
1797.600500
1856.601000
2111.620800
2016.749919
1799.015000
2294.122200
1623.382000
1637.859900
1756.509128
1944.418200
1403.415200
1668.671400
1850.637800
1701.413938
1867.821800
2379.374000
2286.767800
1780.287000
1548.880647
2096.522300
1713.636800
1618.214500
1778.925500
1837.832356
1949.964700
2003.306000
2184.983800
1736.069600
1557.348666
1614.750700
1653.803700
2181.368100
1680.158500
1854.721375
2420.837800
1998.668700
1865.359000
2110.780400
1805.439784
1811.020700
2281.281900
1661.912700
1959.281800
1525.885594
2098.538500
1664.514000
2068.136500
2000.993700
1738.126303
2059.096400
2092.399000
1986.370300
1715.501300
1713.858012
2087.915800
2145.898900
1789.803800
2016.291400
1525.069622
1766.513400
2538.763500
2069.054000
1932.880100
1564.474831
1687.903000
2021.222800
2048.759100
2028.174700
1626.665641
1909.551500
1833.070200
1684.721100
2112.646500
1471.738750
2247.438900
1959.890400
1797.001800
1922.766900
1619.636559
2592.895600
1587.170400
2304.651400
1922.832700
1624.046669
2407.589800
1618.027400
1991.147300
1835.484700
1839.567578
2001.531700
2498.018900
2253.457200
1947.596600
1600.932887
1807.791400
1938.691900
1403.676300
2402.704500
2047.793697
1897.017300
1684.245500
1802.370400
1587.534400
2005.068906
2167.922500
1816.509300
1854.057800
1665.730900
1733.390016
1856.309100
1715.234800
1693.087300
2121.719100
1135.780625
1954.384700
2458.302800
1914.742000
1773.364300
1450.910134
1941.893500
2169.927300
2153.956600
1867.146600
1885.012044
1763.286300
2086.410700
2153.045300
1736.187500
1695.981053
1877.111800
2625.947200
2342.453800
1848.006800
1650.347162
2268.184300
2037.887400
2032.778500
1474.877500
1820.612172
2175.676100
1777.708500
1812.223000
1765.381500
1874.064681
1698.853400
1834.792000
2057.438900
1426.343400
1744.291691
1589.874500
1393.715000
1964.714000
1934.741400
1615.931200
2087.177100
2103.968900
2343.874200
1350.498100
1565.164409
2267.399200
1421.815800
2126.990800
2186.048300
1938.342719
1505.651000
2090.821200
2449.590200
2006.181200
1831.732428
2008.289500
1634.049700
2161.756300
1853.344600
1725.717438
1900.633900
2539.090800
2016.492000
1752.055100
1654.494247
1508.342400
2130.959500
1798.404900
1406.112200
1403.994856
2132.714700
1641.333500
1732.306300
1593.321300
1738.906366
1691.099400
1951.909000
1489.273300
1388.858700
1387.006275
2139.580200
2331.245300
1891.123300
2057.982100
1735.724784
2266.502000
1914.858900
1711.281100
2287.058800
1777.293294
1904.832600
1737.778500
2201.263100
2128.826800
1766.585103
1690.125700
1900.913500
1540.001300
2184.453100
1735.329313
2636.569900
2132.002900
1391.414100
1723.037000
1482.828522
2026.266200
2289.617200
1959.598200
1908.726700
1154.412331
1643.951300
1970.504700
1912.387200
1615.001900
1631.769441
1582.088800
2428.758600
2134.927000
1895.652500
1618.856050
1657.814900
1866.228200
1816.082400
1781.399700
1320.462359
1840.179400
1636.564500
1993.469700
2289.294900
1728.444469
2141.732600
2366.035900
1842.050900
1690.199200
2260.266678
1837.991300
2114.085100
2118.509200
1457.732800
1748.732887
2265.474100
1953.375200
2285.760800
1863.795700
1757.434497
1332.920200
1799.182800
1727.540100
1816.584200
1147.466606
2348.874600
1969.563300
1610.960700
1795.354200
1703.946316
2154.952100
2014.997900
1978.291900
2218.260400
1750.949025
1952.054300
1563.325600
1626.422100
2077.560900
1489.758834
2001.856900
1624.106700
2288.178400
1447.789900
1391.428944
1892.967600
1762.322600
2229.702200
1856.598400
1942.483353
1803.567300
1463.777200
1843.509900
1669.898200
1342.982263
1736.292000
2048.368500
1873.280000
2483.653900
1858.001872
1475.709700
1925.952900
1959.458800
1946.892600
1720.865981
2141.446600
1968.778200
1925.395600
1602.700100
1640.957491
1890.840100
2093.163300
1587.454500
2214.684700
1651.681300
1832.295700
1912.806200
2062.739500
1410.715900
1207.659209
2319.315200
1908.708100
1946.062600
2096.060800
2081.244619
2394.767900
1852.630400
1932.059400
2186.751400
1549.513628
2069.723900
2240.854500
2260.851200
1900.208600
1034.119538
2017.021000
1741.412800
2261.646200
2054.460300
1775.770847
1664.135100
1890.071800
2177.949900
1826.617300
1543.474456
2648.609600
1967.784400
1720.057500
1783.942300
1513.259466
1937.621200
1917.865500
2000.259900
2002.280200
1841.352175
1901.712600
2237.507000
1628.399500
1789.770600
1607.255584
1676.467700
1522.577300
2172.202700
1891.348800
1956.062294
1851.858700
1512.939100
1999.501400
1835.638100
1903.209903
2473.863000
2080.307100
1737.305900
1469.843700
1631.251712
1927.111500
1349.222900
1988.343200
1973.105600
1666.253822
1889.405400
1750.539500
2015.906500
1540.738200
2031.309031
2489.450800
1565.521300
2378.636800
1584.448000
1486.493441
1918.878800
2066.250700
2141.479100
1957.295600
1687.035450
1326.087000
2088.824600
2135.501800
1766.859900
1874.417859
2049.729100
1638.127400
2029.802500
2017.119900
1518.991469
2052.105900
1771.488100
1748.176700
2186.559400
2192.771678
2164.840800
2213.290700
1893.311600
1461.244200
1463.509487
2101.615400
1748.387200
1613.971200
1873.092400
1624.799297
1891.710800
2503.067300
1615.658500
1525.982600
1009.467506
2113.147800
1997.839100
1899.767100
1988.150800
1776.245516
1737.299500
1962.694300
1686.692800
1789.442100
1419.402825
1396.764400
1678.645400
1729.395900
2040.231200
1560.266534
1589.281000
2071.787500
1937.415100
2027.077700
1791.560544
1680.006600
1865.233100
2140.264800
1972.656600
1730.540453
1877.708700
1902.261000
2007.220100
1442.097600
2125.090163
1717.234400
2230.091500
1615.161600
1864.833000
1293.029372
1297.219000
1921.583100
1913.112700
1805.142500
2088.603481
2299.617400
1819.159000
1730.536600
2345.825300
1252.406291
2136.773000
1827.454800
2293.202800
2078.190400
1888.445700
2165.251000
2036.652800
1528.649600
1857.760600
1568.402509
2071.513600
2113.396800
2077.048100
2028.290700
1747.976019
2542.588700
1661.381700
1811.319600
1838.136700
2267.069428
1970.374900
1667.244500
1797.568300
1681.392000
1593.903338
2207.099300
1812.647300
2005.582600
2158.681300
2082.018147
1787.448900
1639.817300
1868.673400
2013.088700
2020.974756
2205.731900
2035.601100
1911.936100
2231.963100
1486.684266
2099.671700
2427.455800
2430.227000
1675.288900
1854.425775
2085.998500
1692.080000
2220.752000
1802.143800
1333.299484
1836.392400
1678.453500
1958.237400
2321.353900
1646.510194
1986.561800
1822.773000
2266.083500
1891.486700
1512.748703
1470.305900
1812.305200
1794.346900
2049.704900
1281.954113
1773.485700
1588.702700
1661.155100
1814.447700
1579.537622
1972.107500
1926.758000
1605.214700
1868.175500
2244.830931
1627.382500
2241.427300
2358.694500
1771.103100
1694.796641
1765.483400
2168.591100
1801.816800
1671.061700
1715.586950
1817.166300
1668.282100
1963.723300
2231.387300
1343.462659
1885.450100
1570.538500
1832.637300
1871.504700
2150.108769
2002.110000
1815.392000
1682.208200
1960.229900
1699.282578
1928.016500
1724.085500
2131.776700
2028.016500
1502.390787
1655.203500
1941.478200
2215.694200
1668.112400
2054.465297
2172.405100
1854.558000
2434.386100
1707.378300
1321.138506
2144.765800
2062.764400
1774.929300
1886.253600
1672.688416
1833.648500
2066.135800
1888.915100
2052.846400
1390.419525
1602.198600
1571.300700
1897.419900
1988.382200
