8421.530000
6857.077500
10587.683000
11663.032500
7213.938344
5565.626000
10052.975000
7388.055000
12477.728000
4625.992391
6475.258000
6561.672500
7614.346000
7760.854000
6971.762438
8714.401500
8501.792500
10498.030000
7916.560000
5637.662484
7838.987000
3752.778000
9535.559000
9137.513000
10671.289031
10675.716000
8939.619500
7490.197000
9738.624000
4940.052578
5548.281000
11021.486000
4892.209500
11906.834500
8595.875125
9676.135000
7606.459000
5523.439500
5102.605000
8196.841672
9790.514500
7717.434500
9367.965500
7720.078500
10159.023719
10672.804500
7497.872500
6614.199500
6923.354500
7413.472266
11771.656500
12554.888000
9213.540500
7053.697500
7881.546812
10746.086000
6517.394500
9209.410500
7815.653000
8359.883359
7872.904500
8463.010000
9850.118000
9718.817000
6395.112406
6431.789000
7908.999000
9649.537500
7616.019500
2791.916953
12240.421500
7819.454000
9533.453000
6818.486000
5524.561500
5510.618500
10224.910000
6565.181000
7764.941000
8394.505047
5360.301500
9484.990000
6857.665000
11108.726000
4547.179594
5333.149500
5053.027500
8069.625500
7027.809500
9684.767641
4773.844500
8516.723000
9178.443500
9035.477500
7929.691687
8984.082000
11599.595000
7095.953000
8383.919500
5622.989734
8956.487000
7052.032500
7158.369500
8949.002000
7461.235781
6640.109500
9882.895000
8869.960500
7834.803000
7971.660328
8596.752000
10197.551000
8455.550500
9471.817500
1992.253875
10990.913500
6233.222000
7335.437500
11450.224500
7730.791922
5694.190500
8039.077000
7733.617500
9868.111000
5517.703469
10703.630500
7742.941500
5814.388000
7324.291500
11144.962016
8239.379000
7576.331500
9028.443500
9182.937000
8601.866062
3857.869500
6882.309500
7219.092000
8644.326000
6892.571109
9892.442000
6611.035500
7989.936000
4969.782000
4174.219156
10100.050500
8176.828000
6542.498000
7852.876500
9524.798703
8701.507500
6087.288500
6575.531000
8476.734500
4204.985250
7291.609500
6712.427000
9193.672000
8158.793500
3085.728797
4929.217000
8806.824500
9104.554500
7233.275000
9778.179344
7718.113000
8051.401500
5893.926000
8366.758500
8544.390391
8008.913000
6522.817000
11310.333500
7442.086000
8943.680437
9023.013500
6414.530500
10761.095500
5426.873500
6695.461484
9746.325500
7498.578500
8763.865000
9826.719500
4575.701531
5034.225000
5926.744500
6124.991000
8900.029500
7205.446578
9753.383000
6971.748000
9253.638500
9806.853500
8592.065625
7127.896000
7939.099500
5507.652000
13621.883500
5362.446172
9573.308000
9203.086500
6327.105000
9161.308500
6239.467719
6704.813500
8296.010500
7011.346500
8915.322000
2225.135266
9720.338000
7552.878500
7361.667500
8663.132500
5406.288812
5952.750500
8943.721500
8863.783000
10431.316500
7393.896859
10501.997000
12280.359000
5018.102000
7447.521500
5147.391906
6776.018000
6170.408500
9937.636000
6744.604500
4448.181453
12822.591500
8761.704000
6163.770000
4699.285000
5445.132000
8082.648500
8850.852000
7104.015500
4628.631000
6113.773547
8573.039500
10092.073500
12514.550000
7164.826500
13713.385500
9287.322594
11733.476000
7955.061500
5698.091000
9991.002500
7549.834141
9948.752000
6568.942000
9361.132000
11274.040500
3237.015687
6878.869000
8872.281500
5704.345500
6813.823500
4689.711234
4682.163500
8136.696000
4730.377500
8428.230000
3105.809781
7901.796500
9550.671500
8030.148500
12356.735500
6372.190828
4913.576000
9439.862500
9393.076500
10144.485000
4366.955875
6015.880000
6549.152500
9890.945500
7787.749000
7895.302422
9301.923500
9185.297000
8073.792000
10209.895000
4270.695969
5527.830000
5716.046500
12074.405500
7663.047500
10299.527516
11544.100500
10053.819500
9389.261500
4996.016000
8973.398563
7461.917000
10009.280000
8371.725500
8466.787500
5316.894609
10141.227500
10970.625000
9135.947500
6625.426000
2239.190156
8024.399500
4475.778500
6764.187000
12230.632500
5171.698703
6164.977500
7473.392500
9769.660500
9708.044000
10339.702250
7648.614000
3977.859500
6112.719500
13257.280000
8373.285797
10003.978500
7745.683000
4759.335500
10586.112500
8436.388344
10809.419500
10675.338000
6153.813000
8843.722500
6816.360391
5564.725500
10797.633000
11148.579000
6588.462000
7610.034437
12244.250000
7402.278500
7095.811000
4794.883000
4392.254984
6033.810500
8719.143000
4086.683500
4853.158000
5880.040531
13356.789000
7152.614500
4490.585000
9391.827500
6097.528578
8739.704000
3685.378000
12064.461500
6330.968500
7804.646125
11403.955000
6964.320500
8918.647000
3728.414500
6456.039672
10618.077500
8987.665000
8699.793000
8651.333000
11542.424719
6844.061000
6670.730500
9425.563000
6005.009500
8073.281266
4320.872000
9383.767500
9186.172000
9050.346500
5539.632312
5278.915000
10608.409000
7462.796500
7896.306500
10326.206859
13408.295500
8135.026000
9474.723000
7102.818000
4999.242406
11578.291000
4738.700500
8199.035500
11393.874000
5127.262953
11238.003000
5720.787000
8305.314500
9507.658000
6380.370500
9944.160000
12494.961000
7326.753500
10292.644000
6376.390547
12027.879000
5340.369500
5740.289500
9097.425500
7572.125094
6198.327500
6361.558500
4121.052500
7562.196000
7756.433141
3868.270500
6808.497000
7388.569500
8404.737500
5536.350188
8325.949500
11369.704500
6840.823500
8102.747500
7198.197234
12225.054000
7470.335000
10337.313000
9421.072500
8118.466281
5617.275000
8750.403000
8778.835500
9251.383500
4682.577828
6869.732500
8900.552000
9151.151000
6491.998000
7950.476375
12129.056000
10073.911500
9505.372000
8973.978500
4934.235422
9984.255500
12864.847500
9318.066000
7312.154500
5871.879969
8013.506500
6894.023000
7298.208000
6325.726000
8234.917016
5231.815000
9884.266500
11601.270500
9198.876500
5018.644062
6628.073500
9311.690000
8948.495000
9137.535000
4091.285609
8873.132000
8110.796500
8993.737500
10353.205000
9179.050656
7411.763500
8934.749000
8393.597000
9384.212000
10625.547703
6709.335500
10204.850500
4136.371500
5513.763500
6349.480750
9313.757000
7343.058500
9128.644000
9587.537500
7817.046297
11109.299500
9006.966000
7012.427000
5524.803500
6245.215344
9810.597500
6901.553000
10751.137500
4190.240000
8110.806391
15305.348000
8867.283500
12468.762500
11698.386500
7588.590438
8553.241000
7499.868500
8505.199000
9893.037000
5757.333984
6364.989000
8435.899000
7783.954500
9290.617000
8244.701531
6452.857000
7999.826000
8362.137500
6792.897000
4181.745578
7282.828500
7443.996000
7807.134000
9014.322000
10300.155625
9097.990000
7025.814000
6384.318000
5527.342500
6871.376672
6336.933500
7119.797000
10060.272500
12566.628000
8954.531719
8233.623000
7818.486500
7321.009000
5711.443500
7896.517766
7115.637000
9499.143500
5565.398000
5312.073000
9139.814313
6384.893000
6579.943500
9087.860000
11634.189000
7653.694359
9711.544000
4974.262000
10410.730500
3064.377500
5361.898906
6491.014000
5719.892500
7996.369000
7655.972000
4127.590953
9450.832000
8760.460500
5184.253000
12438.663500
9217.788000
7844.945000
8054.140000
3323.324500
7816.756500
6611.603047
9831.203500
5555.989500
7215.612000
7923.039000
8394.069594
7578.121500
9518.212500
10543.960000
9221.043500
8106.314141
8532.277500
9116.908500
6311.737500
9878.475000
8386.799688
10011.575500
10881.732000
12267.092500
6061.453500
4403.113234
7834.921500
10196.413500
6196.777000
10123.047000
6469.443781
10292.386000
6289.735500
6664.292000
7628.665000
10164.299328
8363.766000
7263.883000
5990.733000
4971.544000
5110.360375
7055.530500
10179.266500
9852.695500
7165.691000
6263.844922
8647.243000
9070.278500
6461.584000
8800.074000
6560.107969
8285.716000
7448.297500
8357.075500
7122.135000
7724.728016
5781.138000
12857.896000
5230.093000
6255.204500
5431.123062
11629.468500
8306.916500
8775.234500
5397.936000
6107.381609
7397.987500
10985.912500
10172.696500
12178.241500
4713.982156
3867.186500
9017.774500
10550.668000
6354.039000
7187.393203
7167.600000
9351.740500
7741.355500
9836.826000
5291.387250
3798.502000
8228.205500
7380.426000
7633.372500
5690.182297
9282.973000
6072.536500
9414.116000
4678.071000
7367.686344
8196.935000
10293.587000
8696.145000
12024.327500
6388.400391
7626.813000
5474.054000
6832.692500
12070.252500
10118.609437
6262.047000
12357.531500
6717.544500
10111.235500
4194.334484
8066.393000
8344.780500
6107.065000
4899.470500
6765.896531
8441.405500
4811.611500
4969.554500
7330.461500
10144.079578
11847.059500
4549.865000
7488.180500
6536.093500
8959.892625
9756.945000
12616.226500
9516.946500
9360.229500
6575.849172
9956.187500
9411.694500
9611.123500
5716.997000
5682.330219
8367.670500
6652.443500
9655.492500
11071.443500
9650.446266
8444.064500
4814.766500
8927.538500
14793.722000
8082.523812
11309.602000
7485.401500
9229.784500
9212.315000
6189.842359
8282.423000
9208.097500
6153.433000
9153.957500
13317.671406
4924.206000
8454.251000
11195.009500
8855.038000
5593.937953
8137.766000
5760.969000
8166.485500
6848.286500
6390.370000
8556.816000
11123.831500
9257.854000
6764.844000
7908.426047
6289.418500
6804.550000
10519.361000
7576.561500
8369.989094
5612.568500
9559.677000
7486.594500
6322.578000
7337.157641
5628.478500
11335.202500
4901.568500
7682.329000
7223.834687
9639.053000
11766.658000
5956.667000
13333.328500
5204.068734
8768.166000
6023.401500
6594.450000
8569.788500
5263.437781
6712.293000
10976.738000
7424.291000
9281.500500
5156.761328
8535.619000
5465.658000
5805.508500
6570.404500
5239.956875
5807.928000
6231.845000
10323.300000
5659.852500
11397.325422
7812.103500
6283.683000
8481.047000
6130.093000
6595.226969
11920.036000
7793.541000
8847.602000
9039.927000
6186.817016
9207.542500
6853.418000
4945.206000
10181.993000
7883.990063
7420.058000
5675.700500
6234.030000
8797.934000
8940.003609
10261.980500
10688.792000
11172.385000
6587.500000
9688.277656
6914.367000
2144.217000
7642.771500
4378.675500
7844.400703
7197.413500
8445.495500
7688.713000
6837.334000
6504.624750
10037.438000
5102.891500
3854.119500
8692.215500
4222.534297
7219.770000
10934.301000
6183.588500
4530.849000
7616.691344
9751.075500
9327.642500
4079.024000
9327.421000
11566.231391
6504.026500
8200.658000
8134.393000
5236.893500
6126.993438
7836.115500
8604.069500
9294.276000
9437.695000
11565.067484
7846.992000
12175.478000
6787.980500
7322.106000
3594.743031
6551.048500
10744.537000
10094.385500
7089.617000
5059.075578
4316.264500
6377.014500
6088.234500
6974.903500
7692.918625
6459.769500
6332.081500
5611.448000
9268.511000
3131.552172
5876.940000
9203.167000
7913.757500
6940.241500
5956.178219
8432.682500
15436.256500
12233.713000
7708.516500
8144.470266
5857.672500
11375.639500
7364.300000
5182.576000
4181.955313
10904.218000
8565.750500
4599.200000
4448.682500
7382.239859
3974.800000
6910.077000
8720.938000
6299.280000
9266.547906
9326.587000
8922.909500
10672.828500
7221.793500
4398.801953
16567.278000
10842.845500
9936.687500
12839.094500
10904.408500
9865.172000
9164.658500
9128.270500
13367.992000
6422.123547
3620.868500
11620.066500
8454.305000
9254.911500
5184.074594
5794.661500
8472.988500
8040.327000
6491.160000
11267.227141
5900.437000
7285.994500
11105.094000
5451.904000
3732.163187
9689.608500
7812.675000
12455.016000
10343.857000
7155.620734
12322.001000
5960.854500
9538.311000
6237.333000
11133.840781
7869.245500
8492.166500
8760.339500
7700.263000
5555.080328
10395.582000
10346.166000
9750.950000
9930.952000
10291.349875
10218.634000
11325.925500
8865.851000
6820.262000
5764.460422
8281.588000
4799.375000
6475.900000
6131.738500
4328.721969
4299.383500
5685.326000
10924.299500
9636.544500
5313.048516
5870.324500
7113.922000
5584.051000
10115.892500
5990.695563
8988.804500
8356.877500
11077.809500
6495.827500
7754.554609
8577.663500
5562.383500
10090.406500
8838.644500
5899.456656
8389.122500
9223.915000
7089.871000
6760.704500
3680.310703
9785.040000
12037.977000
3644.383500
6663.609000
8031.503250
7627.153000
5445.770000
10855.955500
10615.678500
6618.930297
7294.527000
7993.659500
9019.845000
5840.191000
3188.601344
8313.888000
9099.359500
7885.733000
11135.099000
2669.046891
7716.214500
12664.234500
7163.918500
8228.747000
9201.185438
8974.753000
11257.286500
4928.172000
6015.500000
8413.480484
7960.750500
4987.643500
11288.959500
11550.627000
7524.002031
10045.139000
7361.787500
8958.010000
6444.663000
11920.437078
7108.033500
7854.061500
10144.462000
5770.147000
8288.501625
4540.050000
4860.825000
9114.112500
8600.021000
