12808.036662
12622.643191
13061.237574
14075.689382
12983.448142
13427.920000
14139.136985
12581.278103
13853.019676
12800.973879
14435.372221
12268.339750
12893.613250
13868.331515
12865.653131
13259.158309
12941.347441
12936.901059
13121.648162
13188.262750
13243.738412
13648.732412
13502.963324
12241.207868
13385.068589
12905.403647
13357.791956
13059.258353
14005.428838
13809.214370
13347.008118
13861.448941
13882.748897
13067.315750
13327.771577
14228.706088
14186.881324
13087.905971
13743.964206
12859.398593
14745.558118
13882.181485
12327.313397
12814.962412
12497.739286
14524.160750
12973.315735
13750.604000
13038.109882
13335.226199
13807.007015
14030.726000
12633.631971
13009.092574
13373.203142
13697.667868
13283.868088
13468.476750
12742.222529
13393.967452
12578.336147
13412.100721
13418.487471
13012.453706
12833.644306
13055.155044
14305.019353
13740.469838
13943.049662
12920.728807
12971.016456
13456.507544
13954.901426
12797.374574
12837.468294
12825.096588
13433.689941
13294.014529
13288.960574
12973.232134
14615.140971
13703.606206
12438.909015
13077.724147
13934.086797
13704.269926
13215.509515
12989.868912
12513.333765
13837.295342
12950.511603
13427.600265
13933.475838
13287.877544
14735.607888
13573.560779
13090.993853
14392.520588
13363.005985
12974.826786
12629.054603
12977.906882
14785.803162
13660.801794
14038.071832
14990.095779
12777.008750
13802.961044
14158.325265
13171.160833
12666.580779
13518.092779
13620.132338
14120.186926
12711.826835
13484.218471
13781.297500
13248.901235
12910.493647
14023.741821
13704.537941
14505.598088
12751.847147
12436.375794
13308.959867
14555.543574
13907.829618
12507.644750
14146.518426
13402.632883
13225.752588
13003.165265
12906.469265
13585.151338
13439.547590
13521.106162
12267.268779
13949.816456
13170.894750
13714.408959
14166.186956
14373.899397
12190.293485
12347.795250
12699.084813
13274.962868
11928.315809
12971.103368
13006.054353
12336.113418
12545.857397
14277.361000
13314.008426
12047.344735
12652.009566
12829.864559
13672.034382
13437.345926
12891.823029
13088.313538
12321.322074
13804.182706
13745.828824
14118.345000
14090.384790
12830.605632
12400.199324
12861.165735
13098.467191
12081.076659
13918.396691
12279.510912
13348.736529
13404.175926
13177.084969
13841.575971
14287.784132
13634.762176
13666.122147
13605.715911
13612.876456
12735.945412
12509.150647
13738.400412
12756.489398
12802.719735
13294.419794
13372.551750
12637.342485
13426.028032
13634.166088
13239.875956
13451.390118
13253.923412
13380.920548
13482.775794
13505.204794
13454.326426
13866.657632
13271.634167
12674.151838
13319.832824
12620.697029
13223.401971
12861.011977
12959.050956
12306.742603
13626.929382
13597.963735
12977.322861
13849.861618
13598.226221
13161.355059
13814.399868
13020.590112
13610.386750
14199.142809
13301.256985
13763.661397
13233.254378
12225.771441
11683.460294
13862.838103
13535.640926
13540.335688
12527.826235
13314.304015
14221.328868
13093.392676
14404.074234
13714.550676
14209.082824
13436.042471
13107.082500
12752.231441
12817.126485
13317.885485
15467.642632
13651.172515
12656.252693
13635.973515
12426.696162
13663.910721
13927.276324
12098.107162
13773.927370
12888.086029
12979.843779
13559.276235
13880.535529
12760.601754
13606.561471
14388.454956
12814.786868
12386.054059
12676.692064
13234.686853
13258.037250
13359.585735
13860.261088
12100.526007
13539.639647
13278.346191
12880.244441
13638.765103
13468.775949
13269.765176
13408.248588
13226.297221
12668.313647
13681.364113
13840.575956
11852.689853
13416.701206
14679.233971
13340.827011
13610.269985
13826.126632
12421.398471
14194.497897
13186.400704
15626.457485
12695.993279
13446.872162
13225.389471
13371.686264
13396.310294
12800.963588
14307.080353
14022.909691
13666.400015
13230.317618
12727.236132
13496.045147
12713.875647
11852.442517
12996.865544
12066.752750
13310.292515
12604.354029
12164.129224
14678.123809
13162.190971
14234.214971
13303.876485
12764.996960
13349.258926
13106.440500
13502.378382
12778.725779
12881.156653
14359.765500
12633.810456
12693.089809
14558.177691
13697.755169
13828.180279
12766.746662
13634.077706
13598.216618
12375.193170
14497.068000
13968.177235
13116.985706
12888.606824
13431.478422
13105.511500
14175.622500
12798.861147
13124.494176
12532.016717
13260.483485
14297.965088
13366.602824
14077.203588
12904.125145
13998.825765
12771.328662
12588.633206
12335.495765
13111.517852
13875.901897
13438.647441
14192.700794
12935.980956
13970.590722
13569.387338
12945.401176
13262.389485
12851.526868
13411.661517
13409.141000
13034.046706
14040.843853
13676.837235
14654.713695
14322.795426
12880.046926
13154.181588
14016.366824
12137.880240
14333.252294
14756.865324
13843.147412
12720.115544
13287.104756
13645.099456
14360.713956
13750.335912
13349.569868
12909.086258
13414.017074
13086.175000
13332.784044
12809.758794
12020.591303
13004.378912
12771.053176
13283.951926
12713.629515
13204.768952
14267.137412
14115.870309
12809.046382
13256.505809
13309.870938
12496.987162
12941.535456
13274.288691
13655.039985
13266.115675
13882.352559
13374.967368
13195.288324
14103.775368
14130.772618
14561.026191
12893.694838
12399.853500
13373.783176
13886.335810
13697.336588
13830.620765
12964.686662
13474.097956
12924.471885
13507.323603
13616.198000
12789.010529
13194.481897
13172.265342
14118.789059
13152.325147
13563.135632
14039.200206
12673.875858
13635.178221
14174.370691
14369.773029
13623.616176
13463.027242
14437.554235
12968.097294
13208.735353
13742.486706
13452.625082
12246.593338
12955.557059
12980.067559
13181.694794
13557.389201
12942.629529
12383.462529
12767.142235
14833.617147
12717.719908
13343.315279
14395.803132
14549.755897
13361.926853
13005.400939
12308.704662
12496.355779
13804.071765
13295.997441
12990.565734
12554.008324
11672.195971
12669.776853
13205.005956
13263.111692
13847.261485
13232.101471
12538.545059
13594.022044
12706.691899
12777.092985
12731.688515
13785.072265
13119.163412
11735.550871
13725.068397
13677.503397
13707.610809
13191.681794
13331.271696
13070.240426
12679.146529
14728.255162
14012.501838
12337.442124
14306.367632
12393.385088
12767.613353
13740.977632
14298.815537
13567.356735
13659.150338
14705.542191
14012.397324
14346.698773
12258.256088
12988.603118
13706.257868
12508.555382
11559.803584
13256.823588
12251.692603
12706.949250
14531.136824
13136.519820
12459.514750
13103.834794
13679.231059
14256.081059
13283.914439
13209.906279
13587.830721
14630.477103
14410.151603
13257.674838
12582.833265
13107.927265
12565.869132
13370.131868
13118.705369
12952.805838
11934.114897
13068.141353
13307.378779
14302.246782
12943.844632
13325.114721
12736.764912
13512.720353
13565.019386
13398.631044
13670.429824
13256.446426
12910.025221
14174.770461
14232.051162
13802.841206
13189.590676
12820.765074
14031.037374
12392.690000
12599.586132
13480.732735
13671.710824
12968.231008
13554.129074
12717.878162
13184.207191
14487.378368
13622.711730
12640.910353
12626.076338
12027.932735
12580.658235
12822.408790
13296.942044
13761.219309
13227.883500
13178.938824
12357.799615
13713.367353
13232.739765
13514.944735
13983.325118
12327.381690
14847.188750
13284.733191
13072.331103
13022.416515
13451.155735
13440.011471
13030.653529
13766.036221
12862.900618
13462.129707
14054.919544
12949.093941
13845.853059
12964.796544
12185.854547
13696.070868
12888.026662
13391.912882
13718.777500
13915.797284
12816.762515
13795.826368
13123.751618
12431.764412
13574.218153
13007.792603
13141.522500
13668.124588
12209.484456
14166.727875
13193.056103
12491.013721
13542.072544
14605.590691
13378.274523
13096.468779
13089.359647
13842.558103
13456.213029
13558.231113
13920.086544
12586.831235
12433.488397
12957.303809
14003.370085
14443.282103
14525.348618
12844.859412
12675.377103
13431.687954
12374.904706
12879.792471
14556.894838
13327.885544
13101.625543
13610.068721
12839.067118
12872.713897
12748.257103
13661.041118
12949.152132
13357.856176
12444.145118
12384.018221
12445.861752
13766.314632
12957.860471
13410.900618
13147.676853
13448.412797
13975.575397
13276.878412
13080.833456
12565.848485
12883.452063
12826.710618
13640.501221
13609.999456
12858.627088
12806.344197
13789.918456
13807.895235
14344.601721
13167.229588
12742.516640
13139.474794
12937.816515
13450.597779
13766.370441
13113.914273
13019.537029
13353.086118
13506.403235
13519.664279
12080.631951
14368.986985
13428.387294
12683.157838
13572.249926
13129.462511
12450.662029
12807.167000
14183.810956
12925.064662
12516.022233
13584.988132
12342.585162
13427.087603
12964.186779
12297.729941
12436.149662
14642.315559
13247.437015
13670.761838
12268.990045
12695.351912
12281.037294
13109.115176
13532.760721
12741.848723
14210.927338
13355.626515
13064.409794
14195.967956
13411.123871
12246.147015
12392.379206
12523.630235
13053.901441
13693.806123
14199.702294
13739.850000
13393.730382
13600.577794
13398.834830
12323.283000
13641.256118
14064.833765
13043.342691
13634.230199
13038.992794
13464.052500
12863.208515
12859.450162
13119.610009
14101.265147
12943.005529
12803.320500
14256.461103
13490.930511
12732.833676
12845.934485
13184.135426
14464.669765
13760.130056
13642.991353
12905.073441
13117.472176
13935.362206
12506.027160
12775.747368
13979.259765
12385.045412
13790.653794
13225.781706
13417.512544
13295.911059
13143.624000
14207.024176
13011.447516
12435.029000
14389.587618
12617.445162
13663.528426
13330.509165
12936.251853
13884.056559
13355.407118
13692.952618
13402.211166
13899.587294
13146.571074
14551.487382
13157.685956
13649.684829
13472.454779
12531.340662
13039.566676
13479.309574
12661.810948
13015.820206
14305.990176
13909.218353
14650.320691
13484.336038
13410.208221
13407.800544
12983.889485
14355.852029
14456.488407
12733.144456
14269.665956
13881.712853
13328.114044
13248.047393
11804.599691
12407.804926
13000.735926
12714.243000
12866.898027
13225.323471
12360.929368
12393.260618
12656.444118
14128.471661
13686.011015
14389.359221
12792.720794
13326.325059
12722.247677
14025.604118
14202.893721
12437.481868
13918.831015
12565.825164
13720.530088
13348.548559
12717.595221
13269.514338
13451.782091
12267.258676
13539.723103
13573.220162
13948.433382
13913.296519
13165.875191
13168.708632
12311.958074
13627.778765
14381.880138
12557.028926
13330.305809
13287.709074
13926.289588
13408.796919
12853.043103
13113.754426
13526.401824
12818.231426
13307.848229
12517.033529
13105.784603
13236.883926
13785.139176
13380.514922
13053.053574
13477.930221
12915.178941
12995.477647
13148.099364
13279.364250
13268.991265
14484.539074
13588.261691
12455.373660
13497.563779
12880.527985
13239.107735
13397.691897
12448.082691
14011.964015
13138.065750
13117.110735
13749.058544
13246.988060
12644.867294
13832.835971
13442.840265
14340.793735
14137.797899
13693.662118
12790.016676
12319.340426
13088.931618
13392.158827
12835.649926
13206.828294
13498.849721
13238.048074
14474.328476
13767.292750
12252.921926
13398.895500
13256.352000
13477.326271
13214.627574
13379.488147
12165.073029
13230.114015
12454.267655
12946.888794
13285.654088
13183.457691
13253.634500
14307.487142
14081.473426
13163.914118
12835.197985
13138.841544
14177.173261
14633.908426
13703.377632
12218.002235
12743.622559
12630.816821
13334.728471
13784.165515
13159.076221
14142.127162
13681.836675
13032.191000
12986.851412
14254.738721
13385.529529
13920.067941
13685.891868
12903.060015
13279.169265
13099.611426
12533.558295
13111.849118
13533.779897
14409.292603
13531.749574
14886.832429
14568.775559
12287.335132
15095.784926
12394.019632
14346.486607
13243.662882
13502.558044
14378.058338
12852.277662
12761.250741
13169.220279
13405.327250
12823.808441
13255.118750
13692.530022
13060.837441
13681.179088
13734.889618
14044.267544
12959.392097
13520.061029
13326.975426
12480.578985
12201.745765
12922.381245
12318.057897
13106.982044
13491.750838
12004.867721
12696.042967
12767.767250
12542.783824
13480.962118
12824.523485
13294.222527
13034.290015
12997.351500
14439.214118
13777.375191
13138.060926
13001.940074
13421.018338
13379.292868
11925.554015
12379.349971
12996.168338
13881.863353
14444.025426
12565.634926
14278.469855
13563.832838
13949.570235
13411.695103
13426.203662
13737.345356
12395.599368
13402.642500
13473.167441
13908.286426
13269.543063
14678.491338
14229.073515
12048.878926
12709.797706
13314.961212
12951.757279
12462.752338
13811.070265
13226.015191
12574.273478
13008.215632
12860.023221
13825.137426
13782.976735
14232.587700
13040.261618
13414.925059
13441.827353
14162.554838
12706.029142
12846.899000
13342.810338
13322.241000
12826.385235
13926.817011
13078.817382
14785.946441
12073.906000
13764.571588
13448.774866
13040.056926
13076.207044
12725.207515
13260.236926
13148.908647
14728.349603
13590.639029
14151.848235
12433.975721
12667.927560
13618.507118
13904.006853
13655.005426
13453.927971
13357.579326
13339.271074
13006.745456
12789.608603
13552.262500
14190.062239
14728.538191
12895.243176
13128.217368
12723.772750
