15715.531162
14887.723603
16393.146044
16489.206706
16376.455628
15427.890574
16809.009044
16432.755691
16603.494971
15655.471570
15724.566750
15974.121809
16468.086147
16333.349059
16058.658983
13821.498000
15604.846000
17136.236985
15684.444206
15308.945794
17372.889397
15068.611162
14652.829971
15534.600118
16162.917780
15812.334132
16002.266059
16900.625221
15907.917544
16230.670679
15349.396809
14705.878059
16399.341485
16596.751176
15263.678430
16740.531809
16206.981765
14043.769088
15396.224853
14415.582770
15557.031588
15542.743897
16539.594868
17646.595265
15304.701771
14159.462735
16499.284132
14967.081794
15826.675382
16392.762537
16912.881529
15970.446897
15408.639544
16086.883235
16510.406656
14548.183853
17300.244559
15904.673103
15129.578647
15058.245511
16386.335603
17224.217132
14998.046412
15055.573515
15422.822806
14972.518059
17154.085588
15953.648706
16099.735221
14863.557057
15139.859662
15262.238735
16723.448971
16393.634397
17696.188838
16402.479074
16329.595794
15993.321574
15491.024868
13982.162060
15929.496294
15830.637412
16108.274941
15886.324147
16755.547385
15888.314485
16688.461294
16521.662897
16963.430868
16410.860754
17272.932853
16352.582074
18184.268103
14281.126721
15951.704226
16607.241471
15802.489412
15766.289721
16763.025897
15618.133477
13926.854412
16221.207588
16140.005926
15521.143176
16164.165994
17314.186559
14994.876824
15179.041735
17170.382132
15453.580818
15388.952897
14118.424515
16877.146309
15657.902338
15966.779026
15590.818779
16579.419926
15542.117471
15064.630015
14902.162542
16576.641838
16461.227382
15253.635765
15704.475015
16053.413028
16391.835265
14302.359250
14898.661853
15597.426647
16454.350383
15180.931059
16435.737206
15159.617324
16442.759118
15972.022605
16522.132676
16305.951574
17192.257441
14300.404750
16399.033474
15026.857015
15821.087632
14731.044691
15585.182132
15768.869652
14556.517397
16110.026382
16885.079074
16101.463000
16927.147197
15652.988044
15362.988926
17614.838956
15723.984912
15399.911037
15853.418485
16583.191044
16310.042059
14919.375691
16647.260229
16307.207279
17221.272603
15897.272397
16246.189882
16521.677569
17179.585412
16086.889632
15137.351059
15882.753926
16410.327114
15778.960456
16216.451500
16437.549118
14581.224279
16292.753969
15626.790132
16635.854206
16219.278485
15584.860544
17021.993705
16656.450662
15098.444426
16321.811706
17790.588853
17001.004177
15537.465382
15312.098882
17544.394544
15315.473265
15375.724120
17220.415559
16418.402206
16025.473779
16608.405015
16139.575489
17685.392088
16863.491250
14999.254691
17298.765956
16056.502608
16260.929706
15769.424059
14961.844559
16712.649956
16367.837021
17257.016824
14268.335853
14553.277544
15608.646971
14883.089567
15224.247000
15901.643897
16468.025059
16747.813382
14719.866053
15777.744926
15175.328456
17666.935794
15517.870941
14892.074805
16195.387838
14735.820162
15730.684456
17212.566941
15980.360997
16696.631235
16121.738353
16541.326426
15431.019824
16802.966969
15825.581015
15539.524544
14500.621147
15725.742662
15291.047309
16002.803265
14815.526471
15595.966912
16737.740353
14521.487590
15170.788559
14495.722985
15067.865368
13346.422382
17383.506515
16195.215826
15001.842529
15738.105676
16561.359265
15239.930397
15094.576607
16645.449515
16911.085824
16221.557735
14879.637191
15121.431256
17212.113338
16039.892426
16380.734191
16857.551353
16802.907669
16161.716191
15732.346647
15074.660397
15771.665574
16907.314376
14762.614162
15710.937618
16661.178750
14702.298971
15560.779010
15495.078721
15598.656529
15480.533088
15429.145632
17521.471893
17089.345015
16264.980676
15110.077647
15343.439412
15285.688321
17132.437529
15404.967971
16298.090132
15486.469809
16293.980117
14828.603500
16008.987809
15083.716118
15846.255485
15126.621780
15024.179132
16270.288088
16098.972985
15251.530662
16266.160884
14544.814632
16721.277515
15507.236603
15732.943765
17037.165224
15751.086603
17284.359912
16091.342706
16286.316574
15356.474593
16154.365662
15222.466926
16490.200721
15514.420721
14572.790271
15781.744441
16016.685221
16178.225897
16738.173721
15611.139596
16736.297588
17150.673941
16236.825941
16618.858868
16138.622832
16125.616559
15525.853706
15223.131603
15884.039412
16572.420466
17047.586176
16556.299309
16702.029779
16250.488029
15456.250526
16231.254632
14653.119853
14989.741838
14674.437162
16869.362719
16724.831721
15073.400750
15964.798000
15216.255309
16233.924176
16312.535368
15392.060250
16489.000000
15171.248882
15749.998707
17074.930074
14997.621868
15735.216088
14862.195265
15349.866488
16514.359235
13732.696500
16475.042544
15888.958559
16736.929386
15436.107529
15719.394265
16654.471676
16749.842088
15128.946667
15208.914471
15481.344750
13894.102897
15353.992426
15076.068330
17638.623735
17338.939309
14562.434162
14971.069103
15074.549140
16569.387368
15410.012441
16127.645426
14964.719721
14656.677024
16205.079794
14129.044618
15029.903412
16164.430426
15656.561775
15363.694721
14960.675985
15155.460824
17324.783721
13835.277380
15056.898676
17767.788515
16364.495368
15255.714059
15521.544278
16003.997676
15259.602353
16313.813618
14783.361838
16684.860397
16804.958926
15910.806191
15008.903868
15983.314912
15419.680678
16591.617471
15049.491515
16153.882574
16145.056971
17068.424209
15060.866529
15659.894147
15726.795265
15408.060029
15519.719254
16444.234397
15148.951647
16811.801015
16823.527235
15812.589638
16094.604926
14950.583191
15625.752162
16464.303809
15825.591977
15262.771015
16160.457941
17061.443588
15894.600559
16499.221685
16315.077544
15170.295588
15115.927059
16044.701853
16414.049716
17211.373382
14800.859824
16603.169265
16215.521088
16028.645349
14603.178544
16608.173824
15658.090574
16406.768691
14638.208307
15802.346088
17116.968515
15876.284191
15021.365015
15765.894867
14943.101544
16004.406206
15616.383926
14899.031265
14706.344074
15865.903015
15338.355574
15862.786206
14912.954456
14813.903767
16108.463662
16664.750029
15865.555294
16958.218029
15196.412136
16702.162221
16104.315441
15988.095647
16254.781412
15481.532931
15828.791676
14885.225794
16282.399088
16086.305265
16350.720653
16472.621412
15140.023368
16599.976029
16312.520176
15203.856934
16723.786794
15824.243515
16752.751088
16177.477103
16283.612097
15444.843985
16476.921015
15680.719853
17060.970824
15717.335245
17000.491985
14849.018206
16178.888309
16590.343941
16139.261467
16114.442471
17395.440074
15299.482103
15097.059618
15391.748395
15021.411559
16924.248971
16218.044382
16683.090676
15710.390897
15633.680971
15906.061853
16541.145441
16528.889529
16244.816177
15940.640706
16254.886088
15222.742985
16127.301074
15226.118561
15409.597294
15785.924206
15766.275397
16463.185500
15346.118592
16129.883500
16197.893412
15634.777088
15263.334662
16381.433667
15332.281897
16677.490368
15264.298191
15096.649559
15275.702801
16844.911618
17017.762574
16316.514338
15462.776750
17248.444067
14766.651000
16152.271000
15588.834676
14879.615500
15125.729847
15647.302029
16492.975838
15313.329500
14468.915485
14751.526364
15092.927118
16083.086206
15119.598176
15502.934309
15271.694365
16090.153956
15626.965544
16724.342059
16197.119441
16243.018337
15773.117882
16326.093029
15832.838985
16867.650559
16237.355721
16748.509574
14230.785118
15536.390735
16145.191353
16446.327310
16936.577779
16771.926824
15449.171691
16421.632794
16857.280253
15317.239074
15569.945441
15668.932882
15995.989191
15148.945269
16022.140265
15584.358691
14679.883721
14359.950221
15074.039800
15466.763618
15762.559824
16923.499809
15088.534456
15121.084904
15716.845074
15212.951544
16048.851279
15828.500750
15563.512523
15928.332500
16677.365426
16602.435382
17024.180971
15221.367730
15024.702735
16636.389926
15655.491441
15518.369103
14337.022320
15906.450794
16395.804691
15161.718324
16450.542559
16162.297865
16012.814662
15663.488103
16975.137324
16925.849324
16855.513852
16039.793647
15867.726676
14533.111338
15795.595838
16785.124574
14023.077941
16620.433544
16870.082794
17122.704382
14691.460090
15693.559471
16734.572324
15531.160279
16041.673279
15975.105827
16822.503912
17949.790250
15948.880368
13872.108132
14631.593916
15245.990235
15659.289250
15141.804250
16171.140324
15804.751932
15487.859574
15168.820824
16505.201221
15574.930676
15214.688316
15147.978926
15172.007574
14705.732147
16124.043029
15068.233670
16059.429618
15838.810324
16763.116838
16512.787882
14047.491334
15734.927603
16750.695485
14181.404338
16204.123824
17056.993467
15898.546176
16378.381485
15015.286265
15353.013706
16017.459101
15976.987809
14654.078279
14848.848147
16400.328647
15832.193955
16237.910147
16292.041324
15029.922544
15607.045235
14897.161060
15755.691338
16781.271191
16541.206529
15582.428118
15228.983223
16292.749824
15775.618103
15342.925426
16370.154338
15427.564268
14410.465750
16239.605926
16571.037868
16057.042456
15858.036667
15702.240279
15639.099574
15905.369588
16836.982471
16169.893433
16529.817191
14835.624015
15572.487588
15613.645706
15493.164199
15228.691779
15892.228471
16903.266250
15910.165809
16573.328068
14953.848603
14973.384162
16420.714294
15785.625721
15619.561408
16153.560235
14970.998074
16520.991706
16160.590662
15683.715056
14763.238294
16399.760412
15380.418559
15850.675162
16215.102660
15148.135971
15240.094882
14312.770441
17729.709176
16040.323074
16943.653676
16809.050309
15651.056588
18883.160809
15173.637016
14499.224750
15692.294941
16222.848926
14743.728353
16368.219517
15441.885618
14798.323838
16778.263750
17541.399897
14975.098048
15236.445706
15800.568265
15963.016132
15952.505794
15316.217903
16151.397118
16576.120985
14765.685882
15010.727162
16491.276654
16689.502382
15356.992485
14933.835956
16283.049294
15040.684714
15581.510103
15836.243691
15586.752191
14599.306074
15124.245098
15622.074824
15798.480162
16639.516662
16156.737765
15833.156849
16447.947382
14139.326574
14384.377868
15279.051574
15388.550821
16134.412338
16327.924632
16245.050250
15963.354603
16384.790131
16116.647500
14694.896059
15959.183735
16008.748485
14673.597471
16633.097765
16556.780485
15964.031794
16830.667574
15416.064355
15260.065765
15114.559382
16222.074000
15682.902485
16004.996562
17539.294926
15535.250353
15885.683956
15048.843559
15047.244049
16629.526441
16125.836971
16938.632853
16874.594088
16986.393565
15178.888603
15435.635809
15447.801235
15417.238250
15223.379184
16291.724853
15547.781735
16882.756044
14985.841794
15909.960332
16183.491324
14870.900971
16310.858956
16422.826956
16033.294142
16159.928779
16465.559676
16773.819676
15960.284015
16553.324644
15270.129941
14364.765397
14656.984426
15157.656471
15391.135028
16436.958971
15044.278559
15952.416074
16302.722603
17509.584852
15971.091162
15718.478176
16670.606456
15769.622897
15827.168883
16004.599147
14296.636721
16286.608691
16641.976941
14997.767826
15435.183029
16535.642015
15862.111515
14016.191250
15794.070268
14798.023971
15011.821853
15174.089485
15059.042559
17648.613079
14836.386191
15972.839618
15758.741529
16296.037912
16487.070918
14455.611279
16633.473338
15677.356456
15659.182074
16817.527170
17288.468132
16649.011309
16221.270809
16128.380088
16718.560774
16748.067853
15831.605250
15523.900132
14265.134926
14973.746761
14896.870603
15095.440265
15634.899294
16055.811059
16993.977012
15077.169853
15139.075074
14960.866662
16272.214294
16095.130337
15727.642147
16634.127779
15292.390044
16115.934574
16471.638838
14732.254235
15344.308868
14934.131265
15306.568868
14134.677222
17376.684647
16478.142132
15950.605794
15944.230618
15280.827944
15949.589809
15712.093618
15362.727353
15697.430044
17687.428239
15353.614441
17863.448632
15668.398309
14281.170838
16184.188932
17080.438529
13901.450882
16590.495574
17006.226721
15383.011683
14112.188485
15845.766838
15900.013882
14645.260015
15769.428347
16395.678162
16653.751912
14606.037838
15364.746853
15735.627980
15843.579824
15642.328368
15831.421250
16047.925868
16354.055202
16161.464000
16986.952603
14709.984485
15066.856191
15254.212204
15716.852485
16767.989956
16109.098368
16933.013029
16918.260587
15227.614221
14912.008779
14970.209676
16386.270721
13943.228603
15554.153750
14682.632838
14503.597735
16423.530029
14603.826899
15802.438956
16702.151706
15429.060279
15099.495338
15255.844077
15586.066544
15708.491632
14632.028221
14332.056868
15883.687313
14541.199162
16624.273647
15220.207956
15261.799471
16318.948080
15032.507721
15195.164544
15457.973632
15970.230750
16083.815463
16147.265088
16358.888412
15506.020029
16416.805456
14616.204038
15162.532088
15285.693515
16442.230426
16856.705324
15914.804731
16222.339676
16008.213265
15881.740632
16934.127794
14470.753835
14755.365853
17716.111265
15806.090706
15840.279706
14811.569322
15089.119176
16779.395397
16344.263676
16522.975353
16811.037544
14673.558456
16848.217838
15683.502868
15680.208691
15731.975089
14719.603926
17306.119074
16339.915912
15966.003691
16076.905017
16532.482882
15152.765294
16518.298265
15378.702265
16661.025195
15379.092221
15977.045353
16137.546382
17209.555206
