25173.755500
27134.467662
22656.699368
24762.850324
22269.358775
23561.017765
23068.908412
23265.215706
27010.026338
24555.828864
23175.051676
24805.644515
22142.282853
25365.620294
24778.345322
22889.852368
22711.607809
25014.946897
25372.191103
22859.056014
21952.291971
23967.021971
24303.393191
24085.664574
23277.998883
22029.734147
23053.384265
22903.311441
23143.018941
23966.738532
24668.668956
21879.234250
22534.134588
24176.163368
24823.806739
23287.643632
23011.915897
22112.357382
25213.817559
26195.244740
24532.658765
25857.358647
23369.672500
24032.387324
23748.446006
25524.546721
23461.540750
23571.779294
24488.457662
23702.413802
24920.661265
22720.225500
23689.689662
24870.699706
24357.726392
22973.380912
23069.554206
23199.327721
24419.163118
23200.663202
23951.131044
24245.058353
23757.627000
22372.082853
24048.239968
22002.117559
23311.718735
24236.151779
23832.218324
23395.310337
23486.848662
25067.447662
23012.884485
24862.048044
22665.215397
22967.415265
24279.849176
26172.715000
25649.064912
22676.118428
25085.200456
23512.760485
24624.470471
25907.400676
22702.326635
22392.437897
24032.473132
24668.267721
23065.927044
26514.387607
23144.375897
24146.499132
22994.255279
22030.799647
24476.724270
23877.558338
24564.309662
24682.490118
24911.002353
24419.455625
22668.192235
24075.843397
25985.653338
22369.674485
22968.270170
22954.936176
26170.794250
23854.887265
23533.640926
23055.577848
23171.646765
24434.337662
23772.823353
25366.204882
22734.560702
23592.792191
22794.337750
23134.901868
24788.131029
24768.311895
23543.821471
21595.186721
23668.735926
24561.721618
22927.313911
24978.480971
24509.605824
23211.385618
23890.585912
23667.158956
22685.255882
22835.284588
24365.113074
24224.974544
23368.541575
22142.442412
23779.032735
23381.443250
23366.980691
22166.238106
23335.673779
23118.445706
22614.020500
25419.912103
24922.649093
24039.875000
24211.418897
24664.256162
23584.997412
23760.719932
24008.231956
24692.261794
24867.966471
23636.957412
25558.168904
25486.697897
24405.067206
23345.838926
23219.039309
21926.571994
24178.755074
24056.721324
23041.832162
22686.923618
24567.572231
23656.326324
23381.065853
21473.025956
24821.315500
24951.638453
24006.756500
24759.986485
23501.067309
24698.076515
26701.889131
22240.130294
24391.292265
23448.880029
25823.801971
22579.493661
25076.192882
22317.089368
23473.953500
23863.501647
22856.551957
25441.225912
22215.687515
23870.792515
23835.840162
22958.150282
23125.681118
24267.720603
24475.595882
22883.656765
25983.508710
24264.636529
24247.323309
24934.353515
24267.321265
23733.761196
23682.059338
25877.388809
24254.593765
25579.874779
24818.726977
22084.379691
24883.982632
23133.288309
21717.793647
22518.681273
25436.688279
27529.983559
23172.150426
22352.982279
20846.675906
23361.833912
22537.159735
23224.851147
23781.678279
24620.094231
22563.395500
22652.196956
25111.948632
24260.126235
25570.203453
22297.005912
25752.996000
24123.517412
24286.830765
24277.350307
23276.640985
23453.337353
24435.348162
23651.358265
21886.471926
24563.538441
23916.883294
25737.300500
22212.096912
23393.994722
23077.718147
24627.315838
22214.894794
23054.604088
24332.050103
23726.994988
24060.858338
23971.966897
23616.807926
22656.205338
24102.252357
26487.350544
22562.742544
22643.047118
23476.257574
23050.278138
21819.319603
24919.626426
23384.813147
22435.638632
25042.252080
24548.553309
24766.118544
25140.459956
24791.726750
24402.642317
24899.552485
23798.033559
24216.007456
24351.844338
24829.086436
25270.776250
23771.359765
21929.965338
21760.568985
23538.642776
23980.412603
24023.851147
25422.939426
23241.641588
23685.599086
24043.825176
25440.783529
25739.606500
23749.773456
23482.403911
22790.610485
22556.156809
25017.001618
26514.390294
22577.827118
22420.823838
24199.615206
23979.764221
23683.301882
23806.922149
24594.085632
22429.215574
27496.485794
26037.132765
24580.901503
22485.797103
22838.774588
24732.956029
24584.625206
23596.519343
23445.255588
24535.831691
25624.900162
24198.886882
24627.625080
23743.743000
24853.865750
25562.102441
23473.906059
22893.525993
24192.566353
25546.606750
24682.610897
25985.052074
22277.697259
22635.144074
23686.261412
24294.111132
24334.686956
23148.491584
24628.771147
22550.572132
21793.553985
24290.012706
23614.435850
26548.459088
21247.634353
22802.376559
23460.449118
22379.430807
25881.328397
25892.142750
26268.641382
22578.589000
24745.330088
24002.010250
23745.018088
23879.197691
24554.008250
23896.952266
27478.435059
24983.732779
25098.613235
24069.920882
22896.290943
23112.186559
23754.648294
25795.843926
25451.577912
23837.094533
24121.476809
23088.927088
24364.827618
23485.615794
23475.335314
24510.037235
23478.393265
23275.628838
25892.864618
26820.210874
22746.905103
24092.524279
24287.439059
23860.366794
23813.932199
23194.151926
22957.965559
24657.745662
23503.004824
24190.168524
25136.886985
22865.620368
25069.499279
24057.862691
23618.203452
23724.433603
23918.581647
22996.360338
25032.484838
23534.439997
22749.705368
24653.829426
24007.889265
24063.888676
25235.475631
23642.900882
25460.357779
24527.655000
25062.318471
25592.294000
24249.266926
22421.907618
22513.652279
23303.997721
24896.556237
23779.557191
22333.964618
24993.434500
23861.878779
22677.094959
24048.665412
23826.984397
22614.556368
23698.524971
24465.243004
22320.831353
22694.202515
24975.716176
25132.279412
23068.714476
22870.538750
23871.285750
25119.383279
23054.827471
23730.625566
23540.431971
22359.330809
24015.955162
22967.200397
22076.607464
22065.417206
24456.113265
24087.656441
22458.793794
21363.584789
25791.598221
24923.704647
24720.918559
24089.722485
25679.976688
25541.084882
24697.461882
23202.330824
22874.951971
24754.942821
22355.956147
26156.828603
21835.516221
23988.863235
25568.962352
22539.959853
23456.013221
24451.178515
26170.352926
21280.781692
23211.642721
23031.258956
24422.784162
24516.315721
24480.137575
22944.031118
22005.959588
23832.636971
24587.808176
20226.624871
23884.313559
25002.818956
24147.902735
25199.633368
24812.087740
24322.986029
24582.129588
24865.009426
24418.240838
25278.212888
23544.371103
21875.247441
23374.769618
25680.313588
21666.784728
24435.985853
23846.451279
22406.850059
24943.466632
24014.957450
20951.679412
24062.200500
24146.033838
23836.489176
22424.835892
23944.756338
22808.122265
23943.733779
24601.571574
23931.780173
24225.107412
24556.959515
23177.633559
25460.673382
23041.789189
25615.470618
25740.669647
22834.106971
23042.978265
21545.236632
24465.100853
22851.063397
23141.954000
26798.105765
24715.647707
23934.790529
23191.560882
23467.888000
24891.518971
25073.979708
22830.660941
22817.705029
24473.882809
26164.014059
23537.223827
25702.956706
25027.515706
25153.678721
24106.675500
25418.975623
22885.834618
24153.970162
22612.252426
24985.870044
22475.900109
24675.216368
24721.220515
23031.310529
22360.806324
21894.669464
22620.804632
25474.455971
24557.928956
24164.241044
22265.344039
21857.544206
22926.626397
22651.851235
23461.377603
22097.841275
24792.054294
24741.697500
25380.579338
23880.577132
23302.094438
24286.250574
23423.928235
23731.496368
26190.740500
26870.998940
25904.744353
22762.858765
23158.470132
22452.468838
23221.355721
23775.437500
23865.153882
23393.331882
24129.503029
24961.612501
20555.317103
23399.793632
24622.095971
21740.676706
22784.377767
22747.576265
22661.905956
22385.909662
23885.429721
25064.043166
24068.277397
23819.871353
24146.226294
22606.312618
24095.548535
23239.605324
22343.835000
21942.941103
23927.965103
24031.147757
23103.466338
25212.945662
24532.691426
24181.039985
24609.186023
21799.407176
24532.875353
22161.334250
24123.209029
25348.634936
25281.772529
23355.429103
25366.237338
22115.948162
25115.398276
24364.398897
24826.406029
23160.823765
24302.685250
23583.699512
24463.699853
23854.210588
24292.851691
22975.359294
24243.887440
21434.300794
24886.455426
21957.060485
26167.405059
20841.194398
22217.646971
23205.558059
23015.817691
24864.495426
22741.331017
23626.604735
22370.612044
25375.781412
23496.198882
23379.872989
23913.527338
23317.218897
23293.181706
23071.172485
22031.218240
22325.575397
24945.028853
24174.735324
24845.033485
22494.455477
25221.414118
24978.491794
22766.594279
23118.889794
24596.280243
23114.333691
21727.967853
24392.341706
21926.937382
23960.479023
24310.807088
23071.473206
24069.977809
21861.394294
23146.825334
22934.268838
24000.155779
24302.596132
24621.807882
22836.144953
22051.110015
24333.456456
23139.280015
22731.989912
24125.332733
24766.333441
23458.845559
23724.943868
22883.702147
24598.261014
22152.948794
22706.020662
25809.550544
23705.057912
23383.500457
23032.623000
24464.143588
23581.851353
23218.953353
21695.909355
25784.302647
22908.940147
26127.494721
24842.103603
22407.611989
22832.022765
23908.792559
25018.975456
24423.298750
23899.943667
23950.091235
26269.472397
24197.476250
24589.145176
24062.471242
25116.590559
23650.863676
23127.702368
22901.611765
23165.115037
23487.327544
23425.217809
23799.560971
25067.297324
24200.723994
23221.574500
22446.016691
25501.867912
23022.901103
25033.941937
24448.121353
21848.854750
22838.938044
22571.719853
25682.245806
23402.155912
21899.490221
24737.866926
25099.603353
21964.683925
23572.809985
23609.741382
23218.974309
24282.361279
25836.506912
22656.928088
24031.350294
24145.863221
23676.877294
22346.356751
23967.030015
23007.898162
23256.390265
24773.008471
23124.444062
23373.508279
23231.744824
23692.958382
22791.274985
24279.735225
24824.386632
23727.902074
24273.412176
23991.423015
23411.573594
24938.571588
24639.044147
22578.560162
23513.925279
25271.860801
24019.526221
25987.985632
22274.687838
23655.800647
23470.590494
22635.382191
25511.050368
23148.823426
24146.038074
22512.068510
25702.646603
24519.892485
23403.268103
24278.298279
23910.114629
24168.817000
26086.146044
23177.839500
22612.854471
23424.473689
23870.421353
24456.284294
24777.418206
24486.983971
25151.664323
21504.326544
24468.391676
23413.173250
24222.734265
24554.731324
26147.008368
23381.417265
25883.035485
25041.210235
23516.708825
23412.617559
23261.432691
24660.989529
23802.352235
23021.457900
22430.302059
23640.683750
23691.662132
24487.068324
23013.158460
26030.957515
24624.695191
22501.831971
24449.433382
25083.160609
25441.506147
22412.930441
25244.392662
26272.195559
23064.756610
23210.655118
22806.508441
25551.428059
23906.715779
23463.729259
23511.256044
25624.651721
23289.859632
25052.656735
23101.968966
25832.177074
24890.110838
23321.678529
25029.228750
23741.971556
24650.262324
23339.620279
24806.451382
23091.694912
24666.452733
24099.258500
24732.285206
26061.814500
23567.547000
22490.251955
24435.432088
25156.558882
24729.481956
22786.704618
24091.832236
25604.083868
23977.232941
22728.503971
25024.818956
23923.660693
25784.729603
24310.811029
25602.962368
23071.357691
23545.194827
24459.670824
23699.791662
22843.826059
22999.865500
24291.914682
23991.543221
23215.485015
24502.035691
24132.906882
24395.746683
22882.928382
24312.838309
23275.536338
24160.827221
24783.095273
23870.145706
23620.087088
24654.309824
23417.789882
24155.787289
22994.181044
24622.091588
24211.772132
24093.892309
22995.042025
22501.954309
23467.901912
22859.250074
24367.259926
25424.693938
21528.088706
24041.571956
24024.829485
27078.578324
23443.882616
24029.103309
26354.141779
24281.903074
24364.222603
24558.374456
25287.399926
23542.396412
24381.912426
23917.806294
26325.289869
27004.353029
24303.666779
23147.508794
23952.490074
23223.729591
23200.219118
22845.878015
21692.622426
24091.600559
23655.019519
27457.464926
26628.122353
23615.919088
24766.210485
24822.826241
23551.942721
22156.410309
24114.509324
24846.478074
25845.038183
25192.011059
23955.600412
25327.448426
24197.263706
23090.742332
24833.343956
23490.043912
24770.482221
22807.020382
24332.261113
25074.012676
24152.963029
23381.904265
22742.689015
22539.058526
24299.342162
23122.365000
22228.853191
21844.026603
24329.436468
25430.952912
24761.274559
25165.685838
23849.661706
23919.834705
22624.377676
24688.067500
23132.271206
23477.882103
23629.962353
23648.894000
22992.089368
23094.003338
23412.291029
22480.908178
23476.905765
23145.750882
24005.306176
23714.976485
24447.741577
23057.927162
24445.543074
24719.669191
22769.014647
25783.014931
21709.578603
23565.031000
23118.626515
22066.744015
25210.988815
22364.339074
25711.420441
23999.880662
23104.151015
25535.380081
22228.427250
22745.841118
26546.508779
21203.528956
26131.826068
21629.154221
24482.591397
24217.916059
24271.524044
22619.907363
23025.294485
22472.528926
24568.180059
24751.014265
24949.166717
24457.965250
24394.458618
24468.039721
24656.408632
23310.347778
22846.944309
24969.155265
22832.574235
24100.699206
22437.819529
22826.573265
23858.127882
21256.976309
23634.842221
23491.972295
23188.906559
23675.848397
24963.178941
24574.169471
23512.535502
25228.423838
23382.897456
26066.060353
24448.455176
25785.194312
23124.910662
23429.264412
23333.494853
23885.870103
