0 0.996416
1 0.996416
2 0.996505
3 1.000000
4 0.996416
5 1.000000
6 1.000000
7 0.996505
8 0.989427
9 0.992832
10 0.996416
11 1.000000
12 0.996505
13 1.000000
14 0.996505
15 0.989337
16 0.982168
17 0.992921
18 1.000000
19 0.996505
20 0.992832
21 0.996416
22 1.000000
23 0.996416
24 1.000000
25 1.000000
26 0.996505
27 0.996505
28 0.996505
29 1.000000
30 1.000000
31 0.996505
32 0.996416
33 0.996505
34 1.000000
35 0.992921
36 1.000000
37 0.996505
38 0.992832
39 0.992921
40 0.992832
41 1.000000
42 0.996416
43 1.000000
44 0.989427
45 1.000000
46 0.996505
47 0.992921
48 0.992921
49 1.000000
50 1.000000
51 1.000000
52 0.996416
53 1.000000
54 0.992921
55 0.996416
56 1.000000
57 0.996505
58 1.000000
59 0.996416
60 0.996416
61 0.992921
62 1.000000
63 0.996416
64 0.989337
65 1.000000
66 1.000000
67 0.992832
68 0.996505
69 0.996505
70 0.996416
71 1.000000
72 0.996416
73 0.992921
74 0.996416
75 1.000000
76 1.000000
77 1.000000
78 1.000000
79 1.000000
80 1.000000
81 1.000000
82 1.000000
83 0.992921
84 0.992921
85 0.982168
86 0.992921
87 0.996505
88 0.996416
89 0.992921
90 1.000000
91 0.992832
92 0.996416
93 0.992832
94 1.000000
95 0.993011
96 0.992921
97 0.992921
98 0.985842
99 0.992921
100 1.000000
101 1.000000
102 0.996416
103 0.996416
104 0.996416
105 0.992921
106 1.000000
107 1.000000
108 1.000000
109 0.993011
110 1.000000
111 1.000000
112 1.000000
113 1.000000
114 1.000000
115 1.000000
116 0.996416
117 1.000000
118 0.996416
119 0.996416
120 0.971595
121 0.989337
122 1.000000
123 1.000000
124 0.996416
125 0.996505
126 0.989427
127 1.000000
128 0.985753
129 0.996505
130 0.996416
131 0.996416
132 1.000000
133 1.000000
134 0.993011
135 0.996416
136 0.996416
137 0.993011
138 1.000000
139 0.996416
140 0.996416
141 0.996416
142 0.992921
143 0.992921
144 0.996416
145 0.996505
146 1.000000
147 0.996505
148 0.989427
149 1.000000
150 1.000000
151 0.989337
152 1.000000
153 1.000000
154 1.000000
155 0.989337
156 0.996505
157 1.000000
158 0.996505
159 1.000000
160 0.992921
161 0.996416
162 1.000000
163 1.000000
164 1.000000
165 0.992832
166 1.000000
167 0.996505
168 0.985842
169 1.000000
170 0.989516
171 0.989247
172 0.992921
173 0.996505
174 0.996505
175 0.996505
176 1.000000
177 0.992921
178 0.996505
179 1.000000
180 1.000000
181 0.989516
182 1.000000
183 0.996416
184 1.000000
185 1.000000
186 0.996416
187 1.000000
188 0.996505
189 0.996416
190 0.989247
191 0.992921
192 0.989337
193 1.000000
194 1.000000
195 0.996416
196 1.000000
197 1.000000
198 0.996416
199 0.996416
200 0.989247
201 1.000000
202 0.992832
203 1.000000
204 0.992832
205 1.000000
206 0.996416
207 0.992921
208 1.000000
209 0.996505
210 0.996505
211 0.996416
212 1.000000
213 1.000000
214 1.000000
215 0.996416
216 1.000000
217 1.000000
218 1.000000
219 1.000000
220 0.996505
221 1.000000
222 0.996416
223 1.000000
224 0.992921
225 1.000000
226 0.996505
227 1.000000
228 0.996505
229 0.992921
230 1.000000
231 1.000000
232 0.996416
233 0.996505
234 0.992921
235 0.996416
236 0.996505
237 0.992832
238 0.993011
239 1.000000
240 0.996505
241 0.989247
242 0.996416
243 0.992921
244 1.000000
245 1.000000
246 0.992832
247 1.000000
248 1.000000
249 0.996416
250 1.000000
251 0.992832
252 1.000000
253 0.996416
254 0.989337
255 0.996416
256 0.992921
257 1.000000
258 0.996416
259 1.000000
260 0.992832
261 1.000000
262 0.996505
263 1.000000
264 0.996505
265 0.996505
266 1.000000
267 0.992921
268 1.000000
269 0.992832
270 0.996505
271 0.992832
272 0.996416
273 0.989427
274 0.992921
275 1.000000
276 0.992921
277 0.996505
278 1.000000
279 1.000000
280 1.000000
281 0.982168
282 0.992921
283 0.989247
284 1.000000
285 1.000000
286 1.000000
287 0.996505
288 0.996416
289 1.000000
290 1.000000
291 0.992921
292 0.989337
293 0.992832
294 0.992921
295 1.000000
296 0.992921
297 0.992921
298 0.992832
299 0.989427
300 1.000000
301 0.989337
302 0.996416
303 0.992921
304 1.000000
305 0.996416
306 0.996505
307 1.000000
308 0.996416
309 0.996416
310 1.000000
311 0.996505
312 0.996416
313 1.000000
314 1.000000
315 1.000000
316 0.996416
317 1.000000
318 1.000000
319 0.989427
320 0.992832
321 1.000000
322 0.996416
323 1.000000
324 1.000000
325 0.989427
326 0.989427
327 0.996505
328 0.996416
329 0.996416
330 0.992921
331 0.992832
332 0.992832
333 0.996505
334 1.000000
335 0.996505
336 0.996416
337 0.989247
338 0.996505
339 1.000000
340 1.000000
341 0.996505
342 0.996416
343 1.000000
344 0.996416
345 0.996505
346 0.989427
347 0.992921
348 0.996505
349 0.996505
350 0.996505
351 1.000000
352 0.996505
353 1.000000
354 1.000000
355 1.000000
356 0.996505
357 0.996416
358 0.996505
359 0.993011
360 0.996505
361 0.992921
362 1.000000
363 0.996416
364 0.996505
365 0.996416
366 1.000000
367 0.992921
368 0.985663
369 0.996416
370 1.000000
371 1.000000
372 1.000000
373 0.992921
374 0.992921
375 0.985753
376 0.996505
377 1.000000
378 0.996416
379 1.000000
380 1.000000
381 0.996505
382 0.985842
383 0.992921
384 0.992832
385 0.992921
386 0.996416
387 1.000000
388 0.996505
389 1.000000
390 0.992921
391 0.996505
392 0.996505
393 0.992921
394 0.996416
395 0.992921
396 1.000000
397 0.996505
398 1.000000
399 0.992832
400 0.992921
401 1.000000
402 0.996416
403 0.996416
404 0.989427
405 1.000000
406 0.989337
407 0.992832
408 1.000000
409 0.992832
410 0.996416
411 0.989427
412 0.996416
413 0.996416
414 1.000000
415 0.996416
416 0.992921
417 0.996505
418 1.000000
419 0.996416
420 1.000000
421 0.985753
422 0.996505
423 0.992921
424 0.996505
425 0.992921
426 0.996505
427 0.996505
428 0.992832
429 1.000000
430 0.989337
431 1.000000
432 1.000000
433 0.996505
434 0.992921
435 0.996505
436 1.000000
437 1.000000
438 1.000000
439 0.996416
440 0.996416
441 0.992832
442 0.992921
443 0.996416
444 0.989427
445 0.996416
446 0.996505
447 1.000000
448 1.000000
449 1.000000
450 1.000000
451 0.992832
452 0.996505
453 1.000000
454 1.000000
455 1.000000
456 0.996416
457 0.989516
458 1.000000
459 1.000000
460 1.000000
461 0.992832
462 0.992832
463 0.989337
464 1.000000
465 0.989427
466 0.986022
467 0.996505
468 1.000000
469 0.996416
470 1.000000
471 0.996505
472 1.000000
473 1.000000
474 0.993011
475 1.000000
476 0.996416
477 0.996416
478 1.000000
479 0.985932
480 0.985842
481 0.996416
482 1.000000
483 0.989247
484 1.000000
485 0.996505
486 1.000000
487 1.000000
488 1.000000
489 0.996505
490 1.000000
491 1.000000
492 0.993011
493 1.000000
494 0.989337
495 1.000000
496 1.000000
497 1.000000
498 0.992921
499 0.992832
500 0.992832
501 0.989516
502 0.996416
503 1.000000
504 0.996505
505 0.989337
506 0.993011
507 0.992921
508 0.996505
509 0.996505
510 1.000000
511 0.989337
512 1.000000
513 0.996416
514 0.996416
515 0.992921
516 0.996505
517 0.985842
518 0.992832
519 0.996505
520 1.000000
521 1.000000
522 0.992832
523 1.000000
524 0.996505
525 1.000000
526 0.989337
527 0.996505
528 0.996505
529 1.000000
530 0.992832
531 0.982348
532 1.000000
533 0.989427
534 1.000000
535 0.996416
536 0.989247
537 0.985753
538 1.000000
539 0.992832
540 0.989337
541 0.992832
542 0.996505
543 0.992921
544 0.989337
545 1.000000
546 0.992832
547 0.996416
548 0.989337
549 0.992921
550 0.989337
551 0.989427
552 1.000000
553 0.996416
554 0.989516
555 0.992921
556 0.985842
557 1.000000
558 0.996416
559 0.992832
560 1.000000
561 0.996416
562 0.992832
563 0.992921
564 0.996416
565 0.996505
566 0.989516
567 1.000000
568 1.000000
569 0.992921
570 0.986022
571 1.000000
572 0.989247
573 1.000000
574 1.000000
575 0.992832
576 1.000000
577 0.996505
578 1.000000
579 0.993011
580 0.996505
581 0.992921
582 0.989516
583 0.993011
584 1.000000
585 1.000000
586 0.996416
587 0.996505
588 0.992832
589 0.996505
590 1.000000
591 1.000000
592 0.996505
593 0.996505
594 1.000000
595 0.996505
596 0.996505
597 0.996505
598 0.996416
599 0.993011
600 0.992921
601 1.000000
602 0.992832
603 0.996505
604 1.000000
605 0.996505
606 0.996505
607 0.996505
608 0.996416
609 0.992921
610 0.996416
611 1.000000
612 1.000000
613 0.996416
614 0.996416
615 0.996416
616 1.000000
617 0.996416
618 0.992832
619 0.992832
620 0.996505
621 0.992832
622 0.996505
623 1.000000
624 0.992921
625 0.992921
626 0.996505
627 1.000000
628 0.996416
629 0.996416
630 0.992832
631 0.996505
632 0.989427
633 0.992921
634 0.992921
635 1.000000
636 0.996416
637 1.000000
638 0.996505
639 0.996416
640 0.989337
641 1.000000
642 0.992832
643 1.000000
644 1.000000
645 0.992921
646 1.000000
647 1.000000
648 0.996416
649 0.996416
650 0.992921
651 1.000000
652 0.985842
653 1.000000
654 1.000000
655 1.000000
656 1.000000
657 0.992832
658 1.000000
659 0.996416
660 1.000000
661 1.000000
662 0.996416
663 1.000000
664 0.996505
665 0.996416
666 0.996416
667 0.985932
668 0.992832
669 1.000000
670 0.992921
671 1.000000
672 1.000000
673 0.996505
674 0.996505
675 1.000000
676 0.996416
677 1.000000
678 1.000000
679 1.000000
680 0.989337
681 0.992921
682 0.992832
683 0.992832
684 0.996416
685 0.993011
686 1.000000
687 0.985663
688 1.000000
689 0.982258
690 1.000000
691 0.996416
692 1.000000
693 0.989427
694 0.996505
695 0.996505
696 0.992921
697 0.982168
698 0.996416
699 1.000000
700 0.996416
701 0.996505
702 1.000000
703 0.993011
704 1.000000
705 0.996416
706 1.000000
707 0.996416
708 0.996416
709 1.000000
710 0.996416
711 0.992832
712 0.989337
713 0.992832
714 0.996416
715 0.996416
716 1.000000
717 0.989337
718 0.996416
719 1.000000
720 1.000000
721 1.000000
722 1.000000
723 0.996416
724 0.996505
725 1.000000
726 0.989337
727 1.000000
728 1.000000
729 0.989247
730 1.000000
731 0.985842
732 1.000000
733 0.992921
734 1.000000
735 1.000000
736 1.000000
737 1.000000
738 0.996416
739 1.000000
740 0.996505
741 1.000000
742 0.993011
743 0.996505
744 1.000000
745 0.993011
746 1.000000
747 0.989427
748 0.989337
749 0.989427
750 1.000000
751 0.996416
752 0.996505
753 0.989337
754 0.993011
755 0.985753
756 1.000000
757 0.996416
758 1.000000
759 0.996505
760 0.992832
761 1.000000
762 0.992832
763 0.996416
764 0.996505
765 1.000000
766 1.000000
767 1.000000
768 0.996505
769 1.000000
770 1.000000
771 0.996416
772 0.985663
773 1.000000
774 0.996416
775 0.992832
776 1.000000
777 1.000000
778 0.996505
779 0.996505
780 0.989337
781 1.000000
782 0.992921
783 1.000000
784 0.989247
785 0.996416
786 1.000000
787 1.000000
788 0.996416
789 1.000000
790 0.992921
791 1.000000
792 0.996505
793 1.000000
794 1.000000
795 0.996416
796 0.996416
797 0.989337
798 0.996416
799 0.996505
800 0.996416
801 0.989247
802 0.996416
803 0.989247
804 1.000000
805 0.996505
806 0.992832
807 0.996416
808 0.992832
809 0.996505
810 0.996416
811 0.992921
812 0.996505
813 1.000000
814 0.996416
815 0.996505
816 0.989337
817 1.000000
818 0.996505
819 0.996416
820 1.000000
821 0.993011
822 0.982348
823 0.993011
824 0.989247
825 1.000000
826 1.000000
827 1.000000
828 0.989427
829 0.996416
830 0.996505
831 0.996505
832 1.000000
833 0.992832
834 0.996416
835 0.996416
836 1.000000
837 1.000000
838 0.996416
839 0.992921
840 0.993011
841 0.992832
842 0.996505
843 0.992832
844 1.000000
845 0.996416
846 1.000000
847 0.996416
848 0.996505
849 1.000000
850 1.000000
851 0.996416
852 1.000000
853 1.000000
854 1.000000
855 1.000000
856 1.000000
857 1.000000
858 1.000000
859 0.992921
860 0.996416
861 0.996416
862 0.992921
863 0.992832
864 1.000000
865 0.996505
866 0.992832
867 0.992832
868 0.992921
869 0.996505
870 1.000000
871 0.996416
872 0.996505
873 1.000000
874 0.996505
875 0.996505
876 1.000000
877 0.992921
878 0.996505
879 0.993011
880 0.996505
881 1.000000
882 1.000000
883 1.000000
884 0.996416
885 0.996505
886 1.000000
887 0.989337
888 1.000000
889 0.996416
890 1.000000
891 0.996416
892 1.000000
893 0.992921
894 0.996416
895 0.985753
896 1.000000
897 0.992921
898 0.996416
899 1.000000
900 1.000000
901 0.996416
902 1.000000
903 0.989337
904 0.996505
905 0.992921
906 0.996505
907 1.000000
908 0.992921
909 0.996505
910 0.996505
911 0.996416
912 1.000000
913 1.000000
914 0.989337
915 0.996505
916 0.989247
917 1.000000
918 0.992921
919 1.000000
920 0.996416
921 0.992832
922 1.000000
923 0.989247
924 1.000000
925 0.996505
926 1.000000
927 0.992921
928 0.989427
929 0.989337
930 0.996505
931 1.000000
932 0.989337
933 0.992832
934 0.996416
935 0.996416
936 0.996416
937 0.993011
938 0.985753
939 1.000000
940 0.996505
941 0.992832
942 0.985842
943 0.996416
944 1.000000
945 1.000000
946 0.996505
947 0.992921
948 1.000000
949 0.989247
950 0.989516
951 0.996416
952 0.989247
953 0.992921
954 0.996505
955 1.000000
956 0.989337
957 0.996505
958 0.996505
959 1.000000
960 1.000000
961 1.000000
962 0.996505
963 1.000000
964 0.996505
965 0.996416
966 1.000000
967 0.992921
968 0.996416
969 0.996416
970 0.996416
971 0.992921
972 1.000000
973 0.996416
974 0.993011
975 1.000000
976 0.996416
977 0.989427
978 0.992921
979 0.993011
980 0.996416
981 1.000000
982 1.000000
983 0.992832
984 0.986022
985 1.000000
986 1.000000
987 0.992832
988 0.992921
989 1.000000
990 1.000000
991 0.993011
992 0.996416
993 1.000000
994 0.989516
995 0.996505
996 0.992921
997 0.985932
998 0.993011
999 0.996505
