2282.962912
1999.091294
1857.022265
2098.839279
2003.250275
2113.317838
2094.672941
2060.006985
2154.696485
1851.064585
2066.374926
1999.995750
2047.327147
2043.347868
2036.285131
2063.908779
2216.668750
2011.421824
2039.747529
1858.615705
1916.153691
1988.317529
2015.304985
2041.148559
1927.827574
1976.656309
1966.146588
1862.644059
1995.286368
1998.329473
2079.929544
2020.638897
2212.250456
1933.802691
2034.121357
2058.552456
1990.747588
1938.140559
1947.296779
2001.201476
2191.779456
1975.506382
1967.688632
2087.826897
2077.604462
2113.361691
1950.722618
1989.481074
1974.968412
1834.878611
2102.150426
1984.781044
2079.280868
2047.988397
2009.450068
2079.871441
2104.649868
1920.049765
2080.566529
1998.992158
2214.280221
2016.478279
1993.875647
2258.272132
2019.265394
1893.628000
1966.028368
2079.939118
1828.635985
1919.464337
2199.028294
2018.077985
2038.944294
2064.792912
1999.241059
2034.127897
1994.555941
2209.866794
2065.279529
1969.391134
1991.346647
2130.178912
2005.925088
2123.273603
2054.287576
2113.931574
1901.819662
2075.014706
2029.921426
2033.723607
2083.638632
2124.784632
1995.884338
1997.787338
1925.636888
2137.358338
1954.093750
1991.789059
1989.165779
1966.977977
2035.637206
1932.955147
1920.573809
1970.000500
1873.741641
2127.599191
2134.238235
2141.670485
2080.531029
1920.614480
2063.291147
2165.636265
2137.607735
2089.234691
2058.149408
1949.916309
1859.955559
2067.459309
1979.350029
1982.397748
1897.823721
1946.466235
2053.066809
2036.764971
2173.193131
2007.262750
1836.140647
2073.402574
2117.977676
2036.666898
1805.649456
1955.821074
2045.802838
2054.833250
1979.690987
1945.058721
2055.414426
2134.416471
2039.045368
2179.016077
2058.173397
2058.166559
2098.666691
1806.715279
1972.478740
1972.838588
2166.300721
1917.339676
1876.423206
1898.734903
2130.427706
2023.910515
2025.984676
2010.104132
1983.194228
2113.799147
2121.538868
2048.816765
1977.318221
2128.404200
2207.252838
2136.152559
2017.265559
2036.229397
2140.596378
2032.831485
2034.015765
2028.118088
1988.506721
1988.575350
2223.395853
2055.492191
2053.833500
1992.802176
1919.053601
2153.744074
2111.279250
1939.982382
2015.237735
2082.909500
1835.394544
2039.789662
2053.165132
2022.641103
2089.428472
2002.410691
1901.765750
1923.590882
2039.592603
1874.953443
2124.562779
1965.960103
2058.717441
2041.597632
1898.809651
2009.037103
1947.856853
2119.607603
1935.192603
2038.056034
2013.188956
2072.070221
2040.131485
2047.579015
1959.615830
2098.294618
2016.883853
1892.446221
2033.703456
1892.553184
1949.634441
1927.200456
2071.009221
2038.206971
2094.075244
2021.307338
1965.614794
2149.917015
2158.039603
1965.065055
2034.857309
1790.838824
2032.836029
2034.958647
1874.645027
1972.507456
2016.965941
2146.279735
2073.701235
2034.392675
1895.941221
2034.700162
2182.652882
1934.922838
1983.217618
2149.851868
2016.101544
2225.752544
1937.795721
2047.835854
1926.970235
2139.005824
2035.872103
2136.035456
2089.512824
2105.489326
2068.918912
2023.695309
2096.483206
2136.257309
1919.267695
2163.263721
1996.166515
1731.914000
2010.470235
1944.456726
1929.195662
2068.692338
2136.605912
2110.577897
1940.636830
2071.888265
1914.888397
1875.419176
2075.939059
2040.616464
1914.590574
2110.984191
2241.966279
2084.565191
2019.161466
2078.743397
2014.217029
1949.575412
2257.963750
1932.234261
2332.349353
2246.536162
2075.634265
2019.126191
1842.570204
2009.698515
1965.578853
2140.670059
1906.009485
1862.973573
2191.230706
2158.132926
2056.930794
1927.900647
1947.433192
1979.874882
1979.193824
2006.535118
2095.709250
2035.168105
1928.778074
1968.986838
1936.732294
2076.279412
2081.987518
2027.440941
2208.206897
1968.524147
1925.363588
2063.517563
1993.235147
2078.632294
1992.404544
1883.795529
2058.436888
2010.433235
2102.535382
2272.710044
2037.690088
2025.337728
2017.408088
1833.565191
2024.538235
2112.123147
2036.363170
2107.121147
2036.457765
2144.296250
2195.661044
2177.069878
2113.633088
1979.460103
2286.351515
2089.909250
1907.530276
1980.513309
2149.292662
2213.601779
2007.134044
2040.585939
1928.076279
2034.273485
1956.349574
2039.947897
2038.339058
2249.338324
2045.567397
2006.606824
1983.365500
2125.650589
1975.878588
2215.625088
2062.536618
1995.295426
1769.122076
2089.961221
2150.218353
2037.323059
2065.231632
1929.324915
1993.059779
2024.149735
2010.007544
2171.089853
2160.545887
2118.866603
1988.934618
1994.525397
2025.278721
1736.044609
1958.096941
2132.738382
2065.772279
2089.403309
1996.771214
1968.460235
2023.095515
2080.903338
1953.397088
2117.364186
1904.353662
2136.945382
2147.426221
2137.299294
2109.405172
2032.390397
2026.497691
2083.841706
2082.207721
2080.752983
1922.428868
2001.927515
2068.702235
1969.833912
1937.346263
1965.114912
2080.265574
2160.310750
2148.484985
1994.632912
1995.096015
2109.143985
1992.091191
1947.517000
2065.142751
1904.888441
2171.932662
1872.979515
1970.910574
1843.976709
2269.904206
2095.827235
1945.873118
2065.255647
1853.355181
2075.819191
1903.087647
2078.232000
1843.204294
1963.365403
2136.527382
2024.590441
2020.952250
2168.713956
2076.444198
1905.911838
1940.785338
2059.870162
2154.761912
1941.252052
1884.316176
2020.646882
1999.434912
2045.023118
1868.785377
2170.986088
1871.296221
1977.467603
1997.680941
2063.113173
2018.480882
2045.256632
2037.300294
2125.029294
2037.334439
1982.062853
2111.002779
2053.956029
2093.438676
2084.049367
2176.055897
2076.842074
2157.597735
2242.103206
1787.402486
2178.895735
1930.160676
2094.713382
2011.205309
1770.848178
1851.896912
2017.413309
1996.773485
2112.198485
2081.857459
2092.579882
2075.720838
2088.130191
1963.530574
2045.412475
2157.496000
2150.467456
2080.377441
2095.668750
1989.774991
1921.457824
2109.916074
1995.845162
2031.880985
1937.689199
2221.109250
2211.593853
1962.180147
2056.134191
1925.194568
2165.035059
2143.967250
1934.995000
2065.234441
2090.667451
2049.987088
2139.153162
2210.635618
2074.617485
2233.568261
2023.452882
1852.132985
2071.476588
1988.511588
2180.818307
1948.860176
2004.898103
2027.501309
2095.048706
1972.865514
2043.309912
1829.848676
2244.277529
2064.999221
1907.094354
2115.909529
1978.557250
2134.409118
2028.904000
1829.536443
1931.246500
2234.947750
2182.752029
2082.791059
2011.140460
1888.513544
2104.657059
1981.493676
2058.035206
1931.800623
2170.803868
2005.456868
2143.199265
1987.900397
2019.532977
2099.419574
1985.303044
2071.903147
1990.479088
2062.845228
2202.403912
1943.504897
2115.278618
1801.562632
1861.979553
2144.753765
1979.609147
1883.147838
2032.909765
1921.135055
1924.709765
2016.441809
2031.852206
2026.000441
1777.262085
2026.522074
2084.214044
1974.640279
2041.156809
2183.706455
1969.518059
1956.631676
1884.354662
2076.159338
2077.146074
1911.067779
2065.277779
1928.654985
1954.033265
2095.987575
1993.194750
1920.788544
2080.152985
2144.273279
1902.488297
2088.198235
2098.559735
2160.430221
2176.227632
1906.946136
1943.166471
2146.019971
1966.864132
2117.196868
2123.434432
2002.314250
2154.025971
2082.635956
1992.133088
1917.882110
2278.849912
2102.973250
2189.153853
2000.628603
2096.972758
2008.119897
1932.731015
2121.612279
2008.640309
2012.041804
2091.085074
2089.337926
1964.832544
1947.057882
2078.674423
2044.847324
2060.313294
1976.934338
1993.764456
1966.198262
1971.729603
2021.295529
1974.639574
2101.175632
2001.399411
1920.599235
1982.656397
2004.494750
1983.765382
2144.830721
2134.886029
2114.448779
2079.707118
2046.902353
1998.462252
2089.678412
1909.006779
1814.985250
2050.974779
1928.823591
2039.991647
1892.079721
2004.091191
1985.295279
2150.181093
2070.230132
1928.927441
2234.449853
2112.426618
1918.547506
2001.531044
2041.248794
2205.172250
2274.625309
2031.396684
1968.829103
2019.148588
2098.905721
2109.510147
2001.277538
1828.762706
2138.880088
2138.082059
2139.763941
2064.576554
2020.371088
1989.043103
1999.969706
2014.598574
1818.183864
2089.986971
1966.693721
2006.635000
2024.393294
1973.000660
2256.466368
1967.986559
2078.212309
2017.315441
1908.233073
2118.982000
2081.756588
2029.254279
2029.502412
2075.540516
1858.767000
2041.636662
2085.810926
1970.930824
1973.741708
2072.949132
2105.999838
2055.828574
2057.352368
1946.626474
2119.812779
2154.912426
1981.454132
2034.972368
2152.421711
2101.244088
2141.411441
1937.516515
2168.172647
2113.782492
1976.860559
2045.414324
2104.495632
1939.673147
1918.243405
2089.857324
2070.314059
2117.706706
2064.668265
1957.360274
2201.860926
2019.455176
2008.301676
2079.480397
2070.335996
2090.536691
1973.738618
2161.252971
2037.572603
2022.857703
2122.149691
2170.063456
1888.614574
2268.287912
1892.682131
2035.237529
1940.209471
1942.625588
2047.175029
2132.241206
2014.923088
1999.271221
2151.005926
2081.938529
1995.624575
2027.859779
2024.974941
2006.334956
2190.582294
1980.148297
2081.243603
1936.307485
2075.067059
2046.307809
1993.578298
2065.471824
1998.481132
2071.875544
1886.508574
1938.899226
2240.689691
2098.400500
2049.636191
2036.531471
2172.473845
2190.024147
2116.950500
2019.925794
2181.608632
2146.416655
2156.212221
2026.721103
1998.411338
1967.657794
2026.794789
2049.056412
2029.660824
2006.449735
2092.500941
2124.519952
2077.256691
2065.393412
1871.576838
1939.348015
1969.724468
1920.907309
2022.560309
1964.503809
2080.789647
1878.118617
1937.689088
2020.718765
2015.874941
2104.752059
1945.270898
2125.138397
2236.443706
2086.703235
2187.448809
1918.700664
2046.952824
2031.908500
1867.797779
2022.598309
2071.028356
2166.279015
2046.749926
2115.884015
2018.919000
1873.824122
2039.775529
2123.990338
2057.718074
1961.367544
1937.482153
2133.276632
2049.779779
2226.435059
2027.711426
1903.330904
1962.314235
2152.435250
2049.464632
2274.300029
2058.605465
2038.272721
1952.367471
2150.207338
2058.370853
1917.321040
2015.025735
1996.241676
2066.632426
2119.985353
1959.269835
2174.555426
1991.418779
1918.126750
1938.298926
1875.613189
2090.662221
1961.112191
1967.755603
1945.891294
2060.757205
2081.863206
1936.099824
2009.324794
1971.649897
1910.055486
2002.126515
2017.427250
1879.211574
1976.206765
2098.011429
2155.854618
1979.832426
1993.410103
1933.237088
1923.103989
2118.731426
2152.267529
2019.104206
2040.746853
1956.276211
2208.864309
2107.982559
2027.233029
2166.514029
1941.166095
2065.016647
1948.600074
2088.234426
2136.241750
1922.282067
2091.207926
2118.867706
2132.181412
2006.978500
2089.371553
2038.137574
1959.559088
1772.974765
1921.172941
1978.865143
2090.261956
2035.147956
1847.681485
1979.040750
1846.242600
2101.794015
2099.082632
2047.373809
1876.832618
2001.670940
1970.379294
2226.689324
1938.247074
1972.094059
2137.114206
1980.549176
2015.428044
2006.089765
1935.125662
1891.738957
1937.821029
2061.464353
1851.246500
2102.034912
1978.848356
2028.359000
2017.249603
2195.758809
2132.304441
2084.774122
2015.163691
2184.002044
2103.230162
2000.816824
1866.893447
1990.597044
1973.893250
2009.554162
2029.356500
2175.168772
2130.282574
2180.276721
2141.953676
2070.650647
2010.383905
2079.570353
1938.962529
1995.428265
1888.514368
1919.511583
2085.025426
2148.952221
1952.471118
1991.695779
1969.407305
1934.146103
2020.626309
2036.677926
1871.995000
1977.249615
1936.468000
2059.953324
2009.858676
1882.594721
2027.919514
1844.367471
2089.842691
2287.472397
1935.493353
1851.868765
1938.855868
2051.568412
1905.860971
2126.789721
1880.313252
2024.538662
1998.535868
2089.678015
2001.089500
2141.065312
2006.244103
1910.961279
2129.925765
1908.071353
1956.345637
2020.403265
2019.750324
2088.941221
2041.121441
1996.615785
2075.697176
1897.166029
1987.223324
2043.248721
2033.124596
2095.156147
1947.277103
2044.858103
1967.450941
2151.715347
2043.304853
2061.683765
1988.596000
1900.230588
2006.219010
2083.840750
2071.660279
2011.885441
1899.347897
1966.123541
1885.243750
1896.174103
2120.886647
1974.107015
2069.944572
2050.002809
1967.052647
2160.625882
2072.682265
1786.949838
2007.813265
2143.979529
1927.525985
1927.337956
1984.411501
1943.440809
2162.129912
2011.171897
2103.039015
2066.350032
2166.725515
1974.150456
1846.796603
1969.937632
1968.223842
2076.599088
2035.895162
2075.012147
2034.059912
