1134.163147
1066.381426
1088.810294
1101.125147
997.427422
1132.509853
1051.636956
1059.761588
1045.760971
1082.027644
1041.812721
1027.544235
1090.828250
1035.591588
1028.976881
1039.885456
1100.276088
1100.321294
1148.417868
912.390838
1024.795559
1074.311162
1007.755309
1026.955456
1037.292692
1032.300235
1129.997368
1069.007162
1040.926176
1005.832061
1048.925985
1058.145721
1121.799985
1104.014500
1026.297783
1015.138824
1051.715544
1079.749015
1060.793882
1159.417623
1119.956647
1091.215265
1089.352529
1090.628426
1011.052771
1052.031162
1097.892824
1151.273779
1017.365191
1083.512111
1124.890515
1094.622515
1104.048088
1047.185868
1057.796994
1140.879088
1094.658015
1082.211809
1101.807559
1025.364099
1152.667382
1103.070000
1168.389382
1133.345206
1001.735100
990.319912
1140.423515
1075.575676
1089.430912
975.055175
1093.471294
1039.119897
1125.728294
1002.644353
985.950191
1066.133279
1031.358779
1073.629147
1109.637985
980.627575
1120.730926
1063.365044
1027.816721
1059.444456
1022.226150
1057.956309
1010.906632
1079.100441
1035.750485
1033.716563
1072.793706
1038.239441
1063.699338
1043.727250
1094.997182
1037.176588
1109.761912
1070.094471
1033.040309
978.227242
1061.859559
1157.419059
1033.816471
1031.121132
1067.105155
1031.551235
1032.257765
1043.714721
1155.808368
1049.079863
1050.281544
1097.245338
1061.989456
1027.593471
1008.760114
1077.898853
1021.769397
1163.409088
1089.286059
1021.111454
1150.793162
1002.868515
1005.074235
1092.440191
1050.260264
1121.063676
1176.301015
1158.320132
1071.679309
1092.919824
1037.244897
1057.306044
1137.479338
1184.891824
1045.123237
1108.635853
1033.158618
1107.805118
1093.502000
1182.875386
1111.728456
1092.464294
1136.335191
1024.979559
943.836725
1042.250500
1131.169897
1077.851147
1084.350250
999.179388
1081.265956
1102.551162
1179.260500
1094.767368
1094.713493
1033.293485
1063.250618
1121.133691
1005.154044
1024.906053
1073.998750
1183.339118
1075.718103
1181.536324
1126.882819
1050.888441
1084.797353
1093.354015
1054.029015
1022.149320
1169.467500
1102.884147
1106.474529
1028.271691
1095.683175
1142.380441
1128.828676
1184.765971
1029.568971
986.647794
1091.423059
1084.203441
1089.128515
1077.376206
1004.305133
1100.318956
1069.361029
1025.661294
1083.905868
982.188429
1069.113721
1027.762471
1100.232794
1083.460250
952.413268
1023.381662
1120.521588
1033.517162
1074.093544
989.192417
1043.278250
1098.290044
1110.681926
1043.762147
1130.076227
1095.171265
995.887926
1152.194868
1116.105265
998.923273
1091.436794
1106.673603
1077.737603
1077.244074
1046.225965
1076.551456
1038.076456
1088.025221
1128.510029
1037.245819
1006.283603
1114.162912
1071.764882
1095.539338
1080.784468
1085.621559
1119.894632
1130.858397
1043.017529
1109.949160
1027.740765
1055.854015
1082.391838
1044.921309
1079.296691
1057.620809
1028.863235
1153.510868
1092.873868
1013.058884
979.239000
1151.345147
1020.212000
1038.800529
1096.179191
1053.282356
977.478662
1034.134985
1100.042235
1065.946603
936.091489
1061.503162
1095.065250
1057.064250
1040.188559
1114.031123
1080.564691
1137.945647
1102.558132
1091.820647
1015.496904
1172.148868
1011.634441
1048.333015
1057.343750
1081.965258
1108.230765
1015.057176
989.359500
1055.664294
1067.771274
1057.818559
1082.324324
1036.670515
1070.995309
1020.188952
1111.556897
1084.355074
1091.319838
1119.720765
1022.912733
1106.906632
1013.327265
1073.714294
1170.050926
998.561234
1033.627206
1114.681574
1110.287088
1060.452485
1011.133795
1027.105676
1090.711324
1047.136515
1102.137191
1072.943634
1089.046485
1009.761912
1020.254882
1006.125441
1004.069047
1030.899529
1104.529853
1128.180750
1049.836044
961.943902
1094.821515
1056.128426
1092.459824
1048.985662
1029.356271
991.230574
1090.916809
1096.325324
1039.533985
972.056434
1158.501926
976.322338
1048.365412
996.322456
1051.096670
1018.369074
1135.849529
1172.210559
1181.427544
1040.406863
1117.770118
1100.200794
1106.104618
1056.777574
1027.912835
1017.519559
1075.612956
1094.354382
1081.296956
1052.172278
1031.604985
1025.149441
996.451015
1130.494338
1042.416676
1039.880853
1099.746824
1096.065765
1126.344853
977.818648
1026.997897
1139.356529
1077.653412
1068.127015
1075.110517
1146.229926
993.624368
1023.690882
1068.126221
1006.733165
1064.548485
1102.292529
1049.349824
1150.634912
1017.177373
1057.519368
997.791779
1124.889956
1072.211618
984.450609
996.384088
1044.733912
1085.720176
1097.064971
1042.414993
1070.056118
1027.396368
1067.987985
1181.408868
1065.162009
1037.203618
1064.502088
1120.099676
1063.947221
1029.244540
1028.830618
1017.871574
1117.415662
1037.918088
1051.654835
1179.834809
1072.159809
989.787559
1102.058956
1057.173881
1129.019338
1080.960544
1112.458324
1075.169809
1064.985985
1028.130000
1078.581588
1096.616368
1037.909206
1048.548545
1082.834265
1123.975000
1021.424176
1060.157015
917.893885
1152.693353
1108.330162
1028.558426
1061.536912
1065.832298
1132.925000
1140.964794
1075.866279
1003.641647
1014.898226
1086.107662
1050.928191
1013.358353
1142.399044
1057.850551
1083.713868
1129.971809
1060.522103
1117.034618
1069.534508
1043.743426
1081.227588
1112.654221
1064.650618
1116.121863
1064.310809
1053.878868
1139.513382
994.528353
1027.124937
1070.175515
1078.455544
964.610294
1040.213971
995.577527
1017.103485
1039.478750
1075.347103
1125.616912
1076.444955
1094.556059
1017.231721
1159.226779
978.156721
1032.121898
1045.062868
1044.841382
1135.992559
1161.697559
1031.323737
1115.517441
1092.563618
1084.307044
1138.446162
1014.843371
1099.631103
1050.063074
1043.401456
1062.390191
1064.942608
1063.738706
1033.807603
1026.416250
1031.400824
1060.610991
980.689015
1032.066382
1170.016412
1042.974912
1008.908140
1081.152132
1114.057926
1007.909412
1048.415971
996.804568
1124.073868
1079.339412
1073.623162
1070.468485
1030.464098
1177.923500
994.363059
1136.401279
1061.004015
1095.796114
1094.555279
1042.991176
1033.996103
1026.771529
1092.049969
1021.331559
1102.121176
1050.491324
1016.103059
1020.997852
1112.810382
1063.930574
1084.971868
1054.883485
989.691751
1207.296118
1097.575000
1129.207618
1107.718044
1080.106546
1020.509603
1109.833309
1022.499147
1092.944412
1078.384857
1140.429529
1070.943118
1131.735824
1088.745750
1081.084887
1124.032956
1082.233074
1076.185632
1073.795353
1023.219845
1197.084735
1068.004838
1025.027221
1025.378691
1005.472023
1090.292912
1128.848868
1047.395074
1074.509882
1049.226480
1060.210029
1032.509088
1102.548574
1036.783956
953.961099
1103.398779
1011.008662
1031.928485
1027.352721
1010.205144
1053.091971
1021.482647
1004.035809
1015.136485
1013.597234
1143.522412
1105.889059
1004.728029
1045.937956
1065.554368
1060.149529
1067.224147
1115.090544
1109.910279
1085.389193
1049.246721
1004.851735
1036.412941
1020.724882
1077.242503
1153.242647
1073.846485
1087.456426
1105.895500
1056.285886
1064.396162
1011.665426
1050.122235
1104.247103
1033.182329
1064.111059
1024.506809
1143.218059
1147.981897
992.401286
1044.336426
1101.634765
1088.723265
1085.665721
1028.260464
1089.512853
993.113397
1120.283779
1047.971588
1050.436186
1021.158574
1001.101809
1022.858662
1037.308103
1069.603629
1065.329735
1036.916838
1043.229941
1093.141382
981.156292
1063.992279
1163.419338
1156.780309
1039.626265
953.830028
1037.916471
1071.122176
1011.054603
1094.681059
956.431206
1154.084029
1082.316250
1086.767941
1087.625750
965.088693
1089.549221
1074.227882
1053.189235
1173.489809
1091.161474
1121.461618
1064.421529
1043.483985
1052.096676
1043.313446
1029.284324
1128.638191
1073.251618
1051.072338
988.066285
1093.598074
1013.980250
1097.412118
1063.801059
1049.436360
1032.980897
1141.651397
1070.787382
1133.503029
1094.953288
1097.066691
1061.623603
1032.715985
1069.669412
994.145525
1005.141235
1045.269088
1118.638676
1055.477662
1037.449129
1080.136324
1076.520265
1059.670838
1089.636824
979.679072
1144.778750
1024.168559
1063.348235
1056.466794
1030.852058
1109.924015
1053.218191
1105.491735
1122.679353
1041.909898
1058.374750
1049.183015
1030.186309
984.528544
1028.889664
1092.124029
1131.586000
1158.872471
1121.258118
1053.278636
1059.824632
1055.811221
1045.880882
1059.309206
1152.231858
1122.268456
1042.830500
1015.299706
1080.742794
1140.917271
1031.060471
1099.480632
1212.741632
1106.086662
951.314228
1070.586000
1077.249735
1050.310132
1091.866206
1103.414553
1057.005603
1098.489838
1003.821500
1112.292824
1043.748643
1057.610412
1124.488676
1092.961735
1018.252471
1038.732438
1153.295574
1051.684235
987.717324
1119.598235
990.822072
1016.931779
1062.108853
1076.230721
1100.371338
1072.639985
1068.283368
1070.617279
1095.513191
1092.205015
1016.313060
1044.515044
1037.133588
1111.646191
1066.101044
1075.239679
1094.534868
1090.432176
1071.921132
1105.341559
1045.613945
999.541397
1063.253691
1100.267515
1008.103485
1017.133035
1135.090279
1047.342912
1036.102338
1046.257088
1036.402448
1083.844882
1083.770412
1068.907294
1133.433441
1066.781067
1037.435971
1031.077221
1048.018794
1066.127765
1099.804436
1097.283971
1092.177794
1057.248206
1098.621559
1028.950320
1076.068456
1037.510574
985.886985
1066.025059
1059.323439
1139.327794
1074.868353
1093.675956
1091.272471
1015.382058
1164.677956
1037.170029
1047.468324
1049.690074
1008.800589
1119.557324
1000.927044
1022.879632
1102.061912
1009.817002
1061.116397
1062.256529
1039.134985
1128.062074
932.924047
1065.921515
966.134941
1047.317118
1100.073559
963.216255
1147.090618
1118.183529
1148.373971
1126.980971
1022.268830
1070.218500
1112.192456
1047.145868
1037.384191
1045.991007
1049.792147
1040.764662
1110.671147
1121.801500
1016.747332
1046.519353
1034.100103
1075.965485
1127.815882
1057.717098
985.534691
1029.814897
1221.844132
1000.254382
1031.674144
1044.226029
1012.548809
1065.286912
1034.627735
1052.072248
1026.703309
1050.228912
1045.656324
1039.352412
1020.723602
1047.532588
1110.620691
1018.751059
1073.830956
1018.709251
1063.806794
1071.322059
992.659853
991.745971
1035.727164
1120.892338
1094.170118
1019.406794
1018.889088
983.672283
997.256809
1018.726397
1024.067574
997.191250
993.374711
1004.445426
1077.409706
1081.354221
1024.307706
1057.244859
1065.452485
1117.005618
1061.860324
994.159559
1033.232537
1016.208015
1085.082794
1007.877235
1168.531103
1097.598112
1045.170838
974.692000
1123.420735
1078.345603
992.604834
1099.232309
1126.325588
975.846397
1102.103397
1112.080218
1070.120338
1030.863397
1163.673235
1049.435118
1056.345425
1075.216809
1015.600191
1068.881500
1141.013971
1026.109750
1000.593250
1059.023441
1072.969897
1074.284632
973.853148
982.025779
1056.089926
1074.988294
1098.571971
1042.588076
1112.515838
1006.293338
1167.373235
1144.457176
954.993931
1093.843706
1157.041235
1020.187353
1114.965265
1047.003094
1092.548132
1108.554044
1037.291897
1098.289897
1067.413183
1035.167691
1100.701647
1102.500118
1008.118471
1020.210655
1022.976059
1027.195956
1053.955515
1086.385044
1007.234966
1063.316897
1122.985118
1079.431735
1056.357368
1074.195687
1034.761926
1023.937206
1084.005485
1044.774559
1008.455145
1132.305529
1026.706118
1044.155338
1037.991500
964.286573
1071.700956
997.413691
1054.631853
1085.026544
936.617809
1038.775529
1108.417029
1088.463618
1101.953838
962.368428
1030.825471
1128.874059
1182.626132
1001.542353
998.813415
1124.806971
1017.848676
1106.832279
1007.920588
976.724328
1074.340456
1076.684735
1037.028471
1056.998338
989.527697
1045.480103
1058.233765
1018.569279
1004.987956
938.886846
1183.656971
1083.997368
1071.698838
1006.948132
1095.314935
1087.344853
1115.860853
1102.042368
1116.759529
1039.682216
1089.183221
1144.433029
1083.890662
946.582779
957.378806
1097.106235
1078.565235
1087.044706
1108.067324
1084.467704
1090.043515
1064.890632
1083.379985
1025.396941
993.360088
1073.515721
1081.818750
1068.034897
1107.964603
886.798824
1039.095618
1111.958029
1131.981559
1095.310529
930.309326
1009.032441
959.847015
1123.058912
1081.025088
1074.582004
1089.739824
1091.226559
1019.139926
1026.938779
