1341.952162
1301.249618
1408.150074
1369.510074
1347.954672
1492.311235
1392.556353
1433.108059
1499.757353
1273.519600
1407.560897
1464.561515
1444.230559
1355.961515
1202.445483
1439.736853
1349.532559
1395.833279
1419.823618
1343.398676
1434.352603
1391.427426
1321.852662
1391.310603
1274.183839
1342.202500
1403.115441
1434.956941
1389.792397
1292.661193
1492.164191
1345.026103
1392.167368
1261.033632
1261.988827
1319.894559
1325.134176
1325.680794
1486.816456
1359.729049
1450.131706
1285.849118
1430.311912
1446.431676
1335.853698
1321.927059
1320.622779
1430.368897
1487.544500
1249.481125
1427.834721
1224.106721
1359.962926
1420.363603
1353.445186
1348.205838
1362.603603
1419.927044
1435.322353
1254.396172
1356.271044
1363.737588
1425.257618
1317.881162
1364.632791
1399.754029
1406.794441
1416.888985
1359.592971
1247.787587
1311.932044
1281.723721
1420.110912
1299.460353
1452.697132
1303.177294
1371.335324
1464.995500
1363.828603
1409.959178
1339.790279
1324.749912
1317.864353
1439.951471
1343.997591
1305.284029
1324.491750
1358.782485
1369.731397
1245.628078
1269.364544
1428.854853
1384.374176
1475.138338
1365.358814
1459.834441
1330.654221
1442.677750
1331.364279
1242.111448
1413.330721
1416.275103
1430.405603
1509.021750
1400.413258
1375.669676
1401.537912
1448.848647
1276.425632
1344.008789
1352.262971
1399.622074
1296.913632
1318.408721
1353.942526
1302.736618
1284.920103
1378.015676
1414.525382
1236.548909
1433.712632
1406.813735
1323.775088
1274.528662
1394.880514
1315.405191
1554.903456
1475.434809
1276.512500
1327.240265
1327.998191
1328.710250
1450.977015
1462.492103
1324.603561
1396.205676
1475.539074
1343.331397
1412.951985
1398.731665
1354.585765
1473.032662
1401.359794
1406.028250
1356.547769
1364.945926
1445.386941
1344.101632
1374.233088
1448.897815
1445.750956
1387.269574
1351.008471
1441.237559
1334.087949
1317.699485
1292.329515
1333.535809
1331.728206
1349.318215
1446.487809
1415.034426
1440.193147
1256.373897
1303.386495
1425.756515
1433.660015
1499.547809
1244.393647
1414.347114
1488.493235
1289.032897
1369.841250
1332.178279
1265.401351
1278.337235
1380.059353
1452.524147
1323.155029
1381.532500
1397.561221
1421.177382
1500.002309
1302.492544
1371.890398
1301.887676
1345.645824
1428.679853
1453.743412
1294.700767
1297.898176
1300.510647
1396.088706
1316.971603
1325.760695
1308.664574
1369.010265
1384.095647
1410.049574
1347.847740
1359.538868
1416.518324
1477.640353
1345.143074
1286.899227
1379.295603
1464.155485
1326.381088
1379.401132
1329.840111
1350.831412
1335.689206
1450.527544
1433.227882
1256.154980
1359.174309
1359.007235
1450.567103
1529.493397
1352.689055
1331.664235
1495.006500
1439.249191
1343.111309
1281.644821
1361.382294
1579.048074
1355.691279
1374.707044
1323.279557
1349.895824
1325.010059
1376.941088
1371.847324
1271.346809
1426.552324
1377.240882
1405.125706
1305.883926
1350.323031
1321.724191
1383.763294
1333.224206
1419.605779
1326.912382
1313.698400
1351.881338
1412.863456
1348.398676
1410.800176
1219.597225
1440.482147
1277.310324
1396.677618
1382.842794
1402.648756
1358.361103
1364.794721
1429.882691
1373.764750
1360.577625
1333.534868
1523.621103
1333.351500
1463.507588
1295.600023
1297.860618
1373.430544
1363.276588
1319.995132
1280.129921
1407.480382
1376.172456
1457.414515
1359.232397
1241.485437
1317.211044
1351.153353
1312.799721
1403.396765
1266.908130
1450.912779
1348.969956
1340.336676
1247.282000
1366.842543
1453.729485
1244.357897
1362.056662
1306.151338
1292.739883
1351.273074
1366.218676
1359.007000
1247.378015
1295.490311
1489.785941
1264.618471
1295.242706
1453.403809
1274.906856
1283.581162
1394.483324
1389.604985
1382.242015
1329.372019
1366.211765
1344.528897
1427.239926
1350.195794
1295.147535
1426.804926
1399.800294
1285.230250
1287.049574
1369.953243
1457.966015
1348.277088
1324.410279
1378.074574
1243.995803
1406.536279
1326.242471
1355.499588
1312.751397
1355.053863
1372.788221
1426.995162
1401.482515
1357.935647
1284.121438
1419.579647
1319.296397
1337.709412
1306.988147
1231.693572
1390.742000
1383.307000
1421.287559
1349.161779
1378.807220
1518.127838
1423.065029
1344.078029
1396.026471
1373.025266
1368.619956
1380.658000
1493.589574
1316.058647
1361.312973
1340.998191
1346.653088
1328.566162
1330.602426
1489.634886
1385.769029
1432.519074
1339.801426
1395.886706
1376.037196
1388.830206
1385.178588
1324.495765
1394.402176
1368.827933
1398.846500
1381.249250
1413.791515
1421.522132
1350.353964
1336.323779
1449.349426
1423.601000
1345.748515
1270.867744
1455.445779
1463.580059
1391.866456
1368.731691
1343.981246
1375.802868
1449.341838
1334.049647
1389.387029
1316.594556
1464.740147
1401.001515
1332.700279
1301.007324
1296.326896
1387.777500
1384.526265
1347.994074
1318.365559
1363.321824
1454.561059
1442.231412
1373.282029
1358.996956
1401.400545
1422.105676
1338.839779
1376.457147
1400.400132
1350.179665
1349.350250
1404.910309
1436.386118
1406.489912
1205.284534
1344.124956
1357.701691
1348.476882
1374.110956
1260.387358
1379.940382
1389.955338
1420.282868
1334.939088
1408.100433
1372.754985
1446.680529
1417.751368
1416.245412
1215.810479
1353.981882
1444.342809
1312.944603
1313.478279
1360.363392
1414.824632
1331.545721
1348.261074
1350.186853
1300.236820
1365.420926
1510.477691
1293.232000
1297.736985
1404.732454
1369.064426
1358.341000
1390.670338
1407.637529
1319.210352
1338.866632
1330.274544
1415.802250
1310.030985
1360.687545
1392.405471
1378.754735
1359.201294
1376.879206
1435.732267
1293.125779
1369.901544
1467.457588
1401.940074
1258.785327
1366.537088
1350.027515
1408.402338
1293.737029
1292.968299
1327.995059
1416.706588
1343.635868
1436.379897
1185.769447
1497.742941
1350.159015
1377.161544
1379.961735
1441.672919
1473.725735
1443.014735
1273.944000
1466.232706
1355.628670
1446.059809
1442.977662
1354.406294
1336.833868
1311.639701
1395.744353
1268.137632
1333.499147
1282.730147
1338.789482
1411.206294
1328.215485
1348.468926
1468.344118
1315.524219
1397.971603
1361.025456
1424.913353
1414.938985
1361.578838
1409.237397
1440.745603
1346.697824
1347.902221
1340.957442
1389.063838
1470.349765
1394.012412
1312.547544
1285.995326
1368.166750
1384.919412
1382.632706
1356.439926
1364.111518
1356.327456
1363.127956
1302.423309
1423.999471
1411.010549
1472.870441
1338.266206
1426.459750
1331.737735
1238.527183
1383.413426
1386.289324
1347.253853
1299.155574
1303.227890
1336.089956
1246.690618
1301.397544
1480.359206
1350.907112
1309.117206
1439.077191
1363.353147
1355.750574
1257.401099
1465.437676
1290.658824
1289.778897
1448.147882
1312.596365
1410.092662
1379.391250
1406.816779
1393.529824
1370.170793
1387.303309
1336.414044
1411.031382
1303.076662
1493.328294
1437.032074
1293.388044
1298.783868
1400.326441
1242.864619
1320.518882
1375.999353
1361.223500
1430.665794
1324.880841
1414.000029
1343.771735
1340.362735
1309.143868
1248.693489
1492.666853
1472.501132
1425.632632
1399.471750
1366.933314
1366.658765
1427.296221
1465.622897
1241.965588
1352.536698
1402.985309
1415.684426
1416.211529
1373.668500
1306.830391
1313.559000
1425.513926
1269.533912
1304.506191
1310.805098
1430.032544
1311.080059
1566.807897
1330.089485
1348.420173
1339.405382
1402.306912
1399.348647
1401.431294
1357.962748
1511.676735
1391.056485
1416.056500
1361.091838
1364.572499
1403.944559
1377.135794
1328.910162
1371.703441
1280.681398
1472.306221
1393.447912
1365.985544
1425.633206
1259.865649
1407.408515
1364.231074
1420.542221
1428.006147
1190.791812
1542.956838
1332.792368
1247.359824
1337.732559
1343.379122
1457.098632
1384.549985
1358.236779
1375.322103
1297.996668
1394.898912
1357.269559
1444.261985
1478.210676
1299.156949
1433.781294
1425.298176
1547.948294
1354.580926
1295.743229
1344.489897
1301.328662
1464.405676
1425.159368
1362.830157
1374.137897
1399.467265
1379.333382
1341.811706
1390.289541
1450.046765
1339.868603
1406.028426
1308.494926
1371.591542
1424.245426
1417.734809
1374.855544
1372.268882
1357.795102
1369.785897
1264.462676
1364.924132
1325.187088
1309.310251
1369.545691
1336.160544
1412.105574
1361.013103
1315.923988
1479.291956
1418.552765
1273.348779
1360.884441
1297.546621
1271.607235
1338.720162
1373.003279
1365.637941
1395.353461
1354.856706
1324.007132
1311.593147
1388.688206
1300.234786
1506.501956
1365.509809
1308.813662
1365.549441
1225.498949
1348.978588
1335.316559
1334.628471
1322.185015
1325.979039
1305.517721
1506.627147
1344.840750
1337.073985
1259.401687
1362.680897
1421.277500
1370.854471
1393.267074
1320.798483
1471.597176
1391.141912
1345.980353
1291.524926
1459.321278
1386.612118
1308.728838
1326.176074
1373.700529
1511.439750
1399.613779
1361.214868
1470.216691
1370.339162
1308.305854
1352.404985
1400.459221
1354.059485
1371.605647
1297.026870
1293.337044
1296.404044
1419.240162
1295.539353
1478.964136
1369.507000
1288.361971
1265.727426
1381.721691
1423.701285
1521.029779
1365.970632
1350.688103
1369.983824
1477.555419
1320.702985
1343.827338
1358.656515
1386.944926
1237.638773
1429.926221
1257.763029
1430.561221
1373.775044
1380.448157
1505.031000
1405.571000
1383.339926
1349.957015
1253.417952
1390.869632
1277.931162
1368.828382
1363.026426
1304.252424
1368.829074
1310.378706
1315.310191
1415.159941
1318.134881
1425.113853
1413.095529
1336.190162
1442.077882
1326.254706
1377.988397
1494.522132
1318.954059
1329.349868
1258.904884
1289.338441
1412.867794
1304.819397
1399.819603
1345.112180
1292.201603
1446.691118
1379.556338
1344.652676
1255.112284
1462.550691
1402.641235
1545.396544
1335.714926
1301.048741
1403.018941
1463.299544
1426.565559
1390.533647
1367.504110
1392.437868
1411.634853
1344.601015
1354.776691
1330.984009
1310.924926
1393.578588
1271.199735
1523.793176
1307.040863
1347.735809
1456.666529
1417.865765
1355.841471
1350.757320
1290.934985
1321.302044
1513.156824
1428.467662
1296.696836
1407.390779
1350.391235
1441.599176
1447.570544
1313.117897
1324.042132
1249.236500
1427.063456
1244.807324
1440.185398
1402.842309
1418.950456
1322.980338
1314.923838
1310.269370
1219.241971
1476.806118
1294.577382
1321.434029
1340.116107
1327.455721
1409.716059
1224.830632
1362.789397
1279.471829
1291.206471
1326.982294
1451.148162
1381.491868
1239.932403
1285.767088
1352.614250
1425.140882
1395.472206
1343.018273
1391.370765
1448.547103
1342.682426
1285.260779
1330.509053
1352.902015
1399.445044
1441.999912
1485.085824
1216.164422
1347.494588
1408.829324
1397.901426
1416.536044
1247.643218
1418.340632
1320.782926
1374.752515
1418.478691
1195.996984
1483.449221
1386.736015
1360.648735
1428.249574
1504.323471
1328.789515
1355.463926
1422.303235
1252.184647
1344.432251
1409.408103
1343.634824
1408.178206
1451.216500
1294.000694
1326.551794
1407.266691
1433.062882
1372.230338
1293.582681
1343.580353
1381.475985
1379.714897
1341.828015
1339.188182
1350.273029
1321.870868
1449.579471
1420.392000
1238.561683
1269.244926
1398.261662
1429.661794
1399.439426
1409.060876
1442.485588
1423.380515
1291.550397
1425.271574
1378.676216
1388.974926
1448.679191
1357.677176
1505.937735
1319.494467
1315.434603
1264.062912
1475.530176
1427.763000
1252.011115
1296.587103
1253.056809
1448.605162
1394.861221
1229.513381
1335.904794
1354.089324
1417.913000
1357.183838
1340.295927
1356.301794
1377.219779
1376.395000
1349.677706
1171.316237
1411.486471
1340.307235
1288.426765
1280.720059
1425.244562
1273.420441
1449.798765
1318.918397
1445.415500
1275.644549
1344.936265
1443.236897
1308.814559
1448.934971
1266.532800
1326.411662
1329.990544
1380.791574
1329.284544
1358.582478
1537.672691
1460.463559
1348.544750
1419.537382
1285.010170
1404.578059
1328.364985
1373.027235
1269.395353
1345.442672
1321.512059
1355.357632
1374.383000
1424.462897
1316.798467
1314.909132
1413.131647
1429.628721
1395.652647
1364.906836
1269.317132
1372.129926
1406.179603
1412.710632
1345.625750
1375.721235
1345.091338
1282.997176
1327.657235
1311.579766
1355.642250
1412.252500
1434.063044
1378.876456
1406.761399
1508.249485
1470.782088
1490.533515
1387.947279
1298.778136
1412.493647
1349.759882
1349.079559
1443.122426
