706.696088
673.457338
630.258559
601.530191
638.456995
649.417176
680.672221
649.926529
686.146309
577.188850
675.956309
673.766015
686.664279
697.571397
616.092719
635.120279
657.777941
724.073618
733.488662
625.301897
669.324735
712.396632
652.110059
696.906588
647.539163
720.196279
673.072824
658.591529
704.253941
624.530841
657.263765
718.966941
760.812059
590.406162
637.242048
670.909706
638.327897
688.647294
700.623176
637.001417
679.216029
675.193926
733.423603
668.976897
718.136477
744.912809
638.460324
618.853412
693.177235
620.050096
650.697426
613.015044
710.889088
756.955382
674.623156
667.295912
693.827338
709.503176
608.243412
574.160466
696.795897
711.239397
727.786676
675.427338
652.808527
701.444088
658.287794
663.103103
619.618456
645.898307
653.330838
715.380559
702.456118
711.774324
643.411647
664.011191
680.150309
634.290676
672.125147
590.030516
759.702559
687.207221
709.068632
775.224294
587.120694
690.472309
706.118912
683.500897
696.753941
720.700989
691.114250
664.908897
747.340265
681.027353
619.013638
676.606279
674.085088
676.964809
702.131088
616.947625
738.939529
624.531221
689.291471
694.301500
670.890802
661.848309
714.427971
660.550824
698.731118
619.834039
669.775794
709.684147
635.552206
697.281265
666.975614
728.803721
654.306441
661.934603
684.651882
671.643439
667.833588
717.728426
649.093456
709.350676
668.443087
667.392250
702.041897
721.016926
610.487559
623.548265
693.000618
731.596485
717.135103
673.568162
616.368443
664.324471
660.608118
712.726382
617.619824
631.350562
725.949544
723.520353
675.527809
595.487515
651.548563
607.762235
683.810059
670.271059
630.130235
696.351918
644.089456
653.086956
690.651956
699.466353
642.800610
589.613603
650.720191
731.706176
648.901044
649.927215
722.878265
734.949000
710.557809
713.475647
613.802054
677.486382
676.333471
794.514721
675.414676
651.609614
715.509059
657.036324
718.672868
709.615382
598.789675
732.640206
690.433279
644.513941
701.610221
610.680117
708.012206
689.349985
744.757412
636.855574
738.735207
652.032559
629.145647
747.427779
725.570912
608.524282
710.394529
790.251029
628.076588
728.242529
599.850724
693.178721
693.053029
713.449794
654.938529
651.754593
711.233441
690.392676
684.423618
688.750676
605.573080
649.927338
724.359103
643.367956
694.687397
602.766684
662.869632
672.297294
673.900985
711.774250
622.429274
671.061882
684.802015
662.666897
686.683868
645.159246
647.916029
644.729941
649.407735
725.177221
634.906468
726.809515
699.102294
670.326176
650.040147
683.385293
662.411941
684.335471
700.516118
725.264353
653.925162
683.223676
707.711206
665.940647
559.929853
641.586795
725.631456
670.664824
675.277779
737.195941
654.694588
637.307253
683.654029
726.742882
643.726926
748.797324
615.580298
667.501956
692.412485
680.517235
645.185632
594.174300
634.322809
679.408926
673.015809
663.633103
748.912919
593.082294
667.206279
690.389015
647.934485
641.478376
681.577985
618.488824
696.001926
699.028162
673.118289
682.672485
650.799721
674.760765
664.824000
619.931085
676.847853
647.602897
705.071471
663.407088
670.330527
650.997397
666.257750
670.575000
715.430485
659.631734
697.491294
745.532044
660.591662
698.233176
610.537412
682.193235
599.748015
719.175529
753.173897
680.996575
694.891809
625.737044
643.847706
700.377294
689.400239
682.013956
661.216765
712.371971
633.739191
602.388505
722.583074
693.425441
687.109824
679.044015
666.282094
706.433118
691.382529
605.103324
712.303882
659.683625
697.220456
653.220015
677.178809
639.327485
639.733965
694.799794
634.108088
648.625765
730.492824
580.105834
634.519544
672.351779
666.663515
682.649750
613.389350
690.423941
765.482250
688.518706
688.600985
560.139939
601.516279
618.219382
617.813412
733.094471
614.795794
743.968676
720.028059
617.454985
680.618809
614.462648
685.062721
777.926765
686.635235
629.575368
621.343605
719.187500
687.628132
582.223309
717.620118
583.789460
681.127706
655.165721
565.902485
669.493912
605.853696
691.810000
625.184838
634.167221
696.159265
625.462198
650.943971
695.171882
687.889588
698.452265
700.119875
650.901294
731.725059
610.932721
657.244794
688.027083
649.821176
685.946662
633.114544
643.887265
635.172319
683.339147
695.626721
669.109059
699.977618
545.477085
697.736176
658.948956
693.697118
671.982765
578.784219
593.441941
717.596750
669.909132
673.594103
706.955235
707.395338
656.846632
669.465603
779.619162
679.431987
645.031279
688.636015
733.279132
696.276956
633.291017
624.955412
711.886574
737.555015
680.498176
634.187254
663.105456
591.434765
633.465515
659.630338
555.450197
626.083574
614.179544
712.887647
700.561956
696.996919
685.182132
680.795485
720.844750
663.569353
607.826685
708.819382
678.593103
707.480206
686.355632
595.942421
714.455676
667.392632
662.219794
745.328529
659.979261
663.827647
650.761074
670.044515
653.347662
663.892292
727.388544
707.696029
726.815456
622.151691
574.453602
691.386941
671.261044
688.756691
729.508632
705.166177
609.938059
633.494603
757.646985
654.205574
585.267325
684.082662
662.718765
688.941941
708.383647
636.541283
651.942926
705.557706
656.332897
699.124779
684.831872
719.736368
711.477000
701.111103
699.609794
581.326800
656.021574
724.526441
677.762147
706.253676
585.459699
664.635029
647.288250
665.815471
653.952000
628.625759
764.004853
707.450044
684.827941
669.175926
632.724142
720.259044
688.561471
731.281706
653.759191
632.843173
723.947191
700.776044
661.773279
655.177044
567.054263
721.999044
614.629250
686.044132
697.226868
642.744647
674.123485
651.799147
764.153103
691.307206
622.067236
723.692647
671.688029
679.155441
579.372868
561.221576
616.614015
656.856309
625.040882
659.215279
556.632489
679.078103
625.653235
687.277853
658.607882
641.951740
706.592441
661.013074
649.297632
708.919956
568.078477
675.941265
688.774426
717.291544
696.574206
605.283067
706.246206
646.119912
620.704588
692.571485
590.826686
703.614618
707.951074
648.645618
667.956676
579.089937
714.838838
619.663162
687.227691
675.503588
585.201821
684.540279
733.062265
688.339324
725.843515
749.546896
679.671706
666.774162
692.636603
666.036735
588.887809
636.681441
757.913485
670.622176
692.480662
645.697957
581.457721
656.935294
646.220632
653.709750
642.859870
673.305691
692.966971
662.373588
610.763103
579.448416
651.995956
697.802250
641.131926
707.874809
583.387844
710.049706
698.720632
696.594838
728.959765
600.533242
706.811676
704.856647
691.707956
705.056441
656.353288
744.646647
722.377279
647.160853
769.600176
636.488921
635.710676
687.760088
659.659926
631.771956
605.743011
624.115794
661.693544
638.517015
699.780882
612.451733
715.010235
659.924265
654.460853
674.071324
701.980470
649.803809
627.287309
631.920838
695.331779
693.393942
641.566132
670.254309
666.458221
719.368044
623.796590
715.125044
720.684118
703.962000
663.677838
585.272900
661.810191
664.468191
740.020029
714.298721
657.389799
669.735059
681.051397
679.472794
770.711500
628.093741
720.654691
718.805103
727.791441
653.817471
642.518816
713.636588
702.237338
790.676456
706.960912
683.391876
704.592853
687.710088
726.069471
661.800235
610.255716
726.316750
716.434176
708.228132
639.487103
619.350703
747.911515
644.956235
679.762044
688.834676
609.386925
673.873735
662.598353
714.888324
666.792235
610.425794
699.311647
680.791191
729.594588
711.357353
602.833722
663.723250
706.200103
647.993000
648.137294
627.950885
684.926912
627.476735
711.278721
680.909162
654.370945
636.313412
647.271059
740.296618
691.104397
581.400534
645.284956
703.647985
747.879191
655.779559
698.580153
632.761868
679.215397
689.947882
677.097515
655.871831
644.702559
729.892809
663.020647
693.043809
653.560833
682.994162
666.724735
724.581721
634.882059
593.594364
686.250294
608.858426
687.029912
684.096397
601.025880
622.506338
684.909515
667.007191
726.400059
682.047734
705.804059
727.738338
701.238941
694.727426
634.002176
658.802706
729.353088
657.493750
651.439103
650.427384
658.091676
668.545206
649.152235
702.448809
624.565665
630.613206
679.692074
629.286735
636.382309
641.170460
650.576603
680.870882
687.822838
694.913765
686.178814
753.598191
739.827956
611.469088
680.744265
637.417889
674.822882
676.004912
651.578676
651.862662
682.110847
700.993868
603.968485
656.068721
741.993721
656.977377
665.541118
720.761471
684.721118
692.068279
634.258217
678.817809
641.372324
634.044294
721.488103
632.640645
640.862632
596.571971
698.716912
694.416853
629.041558
689.779515
663.405853
675.596441
649.363250
618.718780
677.384515
665.954338
667.047191
684.047353
591.503972
618.554338
662.743926
682.555794
671.540176
575.127606
673.209632
676.509941
593.606500
610.501603
699.679475
599.178471
609.713382
682.624985
691.160706
653.684241
722.966059
684.425779
626.847676
671.497147
647.303596
751.586044
662.336912
668.258926
698.669853
626.133950
659.492574
689.815500
700.683324
684.293118
573.810040
685.430794
606.909029
721.068603
658.173809
676.854335
684.021926
590.274956
677.787029
711.417044
675.877910
706.191485
700.747206
632.924676
729.820015
636.536926
653.215265
703.546191
655.088309
599.721235
601.076677
772.707897
681.876691
622.609882
636.196853
637.745311
657.469118
686.252118
690.848721
729.430588
665.291518
684.612662
695.711368
745.046162
677.586412
643.998637
660.535926
689.854971
673.682000
709.316368
621.990903
693.774397
690.394956
630.396882
657.776500
574.767258
696.175059
652.708956
697.471000
667.850662
725.955171
688.749044
657.921956
749.184265
697.348338
620.366761
647.862588
646.458868
706.410559
728.016221
641.458688
694.518088
631.890706
661.073985
655.625015
621.445587
700.586721
663.649676
697.169706
726.957309
678.513103
711.598706
666.789868
721.855735
707.509706
673.267369
620.719735
706.636441
719.545250
617.257382
613.145694
734.848632
676.402824
698.930235
735.079691
669.112725
688.221941
579.216868
680.233588
637.865338
588.045050
667.047647
653.977897
646.344191
694.467706
622.113066
716.800809
744.810338
682.420941
699.258059
692.224655
653.446206
709.632162
690.848985
679.396426
616.346436
739.229912
717.222971
684.287309
671.408662
635.545187
715.907824
664.328279
757.817176
687.098662
638.054189
653.357838
611.780838
597.863485
685.137353
635.694705
698.523544
661.408956
683.199353
629.346235
636.201795
652.163176
665.264882
616.468368
689.762882
580.172943
679.572074
612.237426
673.674779
740.137103
586.617283
630.036162
681.555426
666.196794
745.749000
593.236416
669.138485
687.669779
671.300838
669.906279
630.252418
705.505397
645.306294
668.390779
711.097397
620.393993
692.993529
704.756235
654.561779
633.194868
674.725097
712.042426
694.205353
635.867059
650.921191
628.025348
665.144985
754.216176
704.690191
779.088118
619.188217
655.921147
652.983632
666.305368
734.117779
633.594645
623.058368
752.536176
655.916632
630.647618
638.145161
621.323176
694.407735
629.155662
712.562118
656.382236
664.661897
714.122971
651.895221
690.841309
633.893708
663.269662
677.801147
711.321853
794.635059
594.499210
697.791221
696.600882
656.393074
699.073132
