1902.392632
1598.520765
1689.319882
1739.806676
1537.300672
1650.423618
1668.135971
1606.189912
1683.972000
1507.610497
1675.552015
1809.170485
1689.093279
1548.535971
1506.050013
1695.011441
1783.688676
1675.833132
1676.951794
1629.364897
1704.412868
1686.274162
1582.752779
1566.201603
1712.633251
1613.865191
1610.632147
1801.536279
1667.266765
1634.505164
1674.456397
1671.735691
1634.323691
1609.283632
1517.953754
1633.692956
1571.832603
1620.480294
1819.668059
1639.378579
1746.501662
1698.015250
1710.781015
1811.808647
1577.542653
1615.064324
1761.515118
1590.949088
1861.111882
1640.232375
1705.526397
1592.974574
1654.406426
1741.324897
1537.898112
1717.626662
1615.759882
1624.000647
1682.066147
1557.252172
1633.921162
1511.039750
1761.058397
1669.994662
1678.888585
1552.644691
1674.523088
1696.289691
1719.266529
1523.164881
1528.250529
1694.449294
1676.284897
1673.278676
1747.347529
1634.755279
1620.214059
1730.109353
1695.852559
1546.746428
1588.276015
1605.862074
1608.705191
1666.689132
1546.189341
1528.710853
1650.961426
1635.398103
1701.724324
1498.252607
1821.947824
1633.376426
1615.729309
1694.401044
1725.961667
1620.016044
1744.280618
1692.458691
1669.329412
1657.128536
1632.264897
1748.136559
1773.921882
1741.841176
1781.765905
1599.151044
1785.579015
1662.831985
1554.974015
1579.342907
1765.460250
1650.520309
1745.760338
1656.059691
1623.331305
1673.887000
1864.918235
1655.100338
1737.287309
1671.734792
1821.616132
1615.843029
1745.549632
1689.640941
1722.289293
1772.950721
1699.647559
1649.316853
1669.158794
1647.507030
1590.799309
1685.459265
1477.015426
1791.268353
1459.623296
1593.727191
1605.693368
1667.224662
1600.020441
1594.053547
1676.746603
1932.425059
1683.415706
1643.582412
1660.850872
1665.922632
1713.883294
1649.154044
1666.450426
1575.688094
1626.210294
1580.534676
1840.589206
1747.779853
1646.612316
1633.841441
1658.407632
1647.966500
1696.890456
1567.487700
1673.835456
1839.322147
1788.804926
1692.269632
1625.098628
1712.303250
1649.363956
1905.633588
1695.651603
1710.841129
1692.726221
1572.549544
1829.525779
1714.447000
1661.201910
1656.431353
1617.040588
1659.498706
1726.383971
1588.665352
1678.393794
1748.717368
1800.589368
1652.296103
1623.404280
1641.338279
1725.894044
1735.364074
1646.614103
1609.111179
1619.450309
1601.772765
1640.776529
1612.853015
1631.007298
1650.806353
1701.456809
1577.583632
1765.069015
1606.534843
1664.735750
1783.943765
1802.694662
1618.164985
1712.864315
1615.211147
1706.412044
1627.923868
1788.279206
1640.043743
1727.284074
1642.315456
1590.662235
1830.706456
1582.873436
1644.081838
1634.866074
1753.381088
1846.139912
1548.426349
1610.221441
1726.936735
1725.877353
1678.836426
1687.246953
1630.416015
1712.514265
1733.956368
1717.897118
1628.108837
1661.901779
1660.428750
1618.528574
1691.029559
1597.219632
1583.300206
1657.602397
1751.228132
1617.352103
1607.250119
1631.575676
1665.184088
1566.358265
1600.594132
1762.272088
1620.958606
1627.244294
1671.526662
1619.363971
1766.737029
1569.911901
1584.485529
1613.943794
1729.012309
1679.278985
1624.783123
1579.753632
1824.009088
1645.326500
1806.377735
1537.678080
1713.458294
1724.949338
1581.919412
1666.618118
1596.473729
1638.464059
1631.894794
1635.926750
1720.954397
1677.410568
1608.501309
1648.102691
1761.297779
1668.634118
1715.754114
1642.591132
1867.992162
1738.361471
1675.307397
1647.544865
1701.470412
1630.405338
1671.191574
1736.084088
1554.677014
1628.925956
1667.783441
1675.376544
1683.386426
1525.184780
1697.186250
1645.349059
1709.416309
1615.698529
1575.050222
1785.618279
1674.112779
1601.877162
1543.188809
1669.422989
1554.876015
1673.844662
1552.815044
1704.171735
1591.125784
1672.448941
1647.341221
1627.256838
1597.466956
1689.734668
1710.902485
1582.587912
1600.105706
1586.178191
1733.401449
1778.849044
1691.656971
1608.050603
1629.716574
1659.783347
1726.673103
1671.474074
1632.088985
1761.780485
1614.397907
1804.333074
1713.842735
1631.341294
1601.552838
1643.795864
1663.455397
1566.540691
1662.962794
1600.044029
1596.474483
1615.655544
1592.510838
1599.497132
1647.457294
1571.018676
1654.772353
1731.415176
1674.161412
1673.793956
1752.822810
1787.624103
1732.615265
1721.027794
1724.980485
1588.063252
1718.947162
1504.428735
1652.752632
1602.795309
1729.802871
1489.068206
1701.658838
1735.258015
1579.654941
1667.511373
1518.186294
1704.003868
1635.527971
1660.297985
1528.806595
1658.313882
1733.617588
1690.604015
1731.010309
1634.930067
1607.120765
1597.566676
1693.334544
1607.888765
1572.113715
1590.598971
1612.809779
1564.062309
1647.574941
1705.579702
1637.387353
1758.431118
1695.650853
1662.724456
1564.275997
1754.900500
1645.724824
1679.426985
1735.767279
1564.065278
1829.086941
1713.675559
1401.663515
1655.944324
1644.654191
1678.176088
1618.407147
1661.931632
1554.628809
1707.815340
1614.162176
1617.354059
1806.457191
1659.578309
1726.569856
1710.664809
1729.118147
1771.402397
1592.849250
1543.698357
1674.229618
1703.641985
1624.661838
1753.099353
1556.181476
1621.251309
1752.826353
1699.124044
1670.976691
1613.732389
1655.007559
1672.492118
1651.412721
1806.849088
1516.055744
1636.064309
1701.065044
1551.119294
1755.349353
1680.150113
1689.959779
1706.609544
1776.200529
1639.962618
1504.132952
1490.630426
1758.828588
1577.074029
1648.395265
1617.548924
1694.300912
1611.505353
1677.843309
1661.163882
1635.778676
1638.143765
1584.558382
1700.550588
1498.619662
1760.630206
1653.745309
1722.664809
1559.215809
1597.072250
1638.416561
1609.973941
1574.572529
1737.335309
1763.712588
1558.692900
1705.852515
1616.230471
1556.605971
1588.443868
1777.216534
1652.203221
1726.085265
1662.824809
1653.267809
1589.528888
1598.677074
1633.302059
1471.268235
1746.579750
1678.296699
1783.538250
1832.519765
1699.560515
1707.552779
1587.678538
1725.427132
1722.937956
1738.015044
1601.101500
1461.878966
1718.487000
1619.424941
1693.793956
1481.678882
1562.162144
1703.891235
1677.065941
1586.754647
1713.619603
1515.362057
1730.659368
1704.031544
1727.865912
1690.286044
1655.025500
1633.162647
1699.960485
1606.044118
1649.534397
1633.244516
1727.224176
1703.591074
1850.625853
1570.307603
1638.950429
1730.231294
1725.839132
1714.212706
1739.198044
1615.919695
1539.280265
1732.256074
1579.292221
1604.442544
1664.790255
1696.181074
1612.035765
1567.987647
1591.017544
1619.373771
1702.704162
1724.551765
1628.433397
1689.125588
1646.967361
1627.530059
1739.438191
1560.174265
1835.488662
1502.152818
1646.285235
1640.910044
1691.056735
1556.722294
1498.214099
1701.300662
1676.631368
1570.996515
1661.807044
1716.336247
1740.544000
1695.924824
1671.177000
1704.035500
1706.059484
1561.725956
1489.311456
1666.845559
1718.145059
1769.281338
1736.655926
1577.799897
1695.304926
1614.790103
1563.667913
1630.255971
1788.449603
1693.516838
1656.705765
1566.905091
1748.572515
1717.050882
1730.563235
1704.437456
1495.706034
1634.252985
1606.886882
1579.233588
1676.628044
1612.384197
1619.025824
1788.153956
1708.634618
1603.174926
1654.063639
1839.537132
1636.818941
1681.441632
1697.357162
1689.940685
1642.228162
1747.846559
1582.038368
1717.674088
1612.306539
1792.549029
1547.789338
1661.861500
1666.503103
1634.000614
1603.209118
1705.675647
1727.640074
1735.374162
1546.564601
1680.291368
1715.514059
1730.766868
1609.673338
1540.358426
1643.980779
1785.674176
1640.848971
1576.237750
1564.797927
1733.195824
1700.541926
1740.038147
1652.454162
1660.950899
1775.240559
1614.576191
1783.380309
1670.005088
1685.375797
1762.612206
1641.454279
1631.868515
1678.498632
1534.714313
1679.917868
1596.762191
1644.934794
1658.816721
1713.690785
1588.654735
1565.370412
1824.435074
1761.679162
1618.488316
1684.577574
1745.270294
1672.512074
1803.099353
1526.865626
1681.516721
1625.911191
1810.736676
1682.850868
1704.678642
1534.770691
1802.101500
1630.109029
1683.845662
1641.243776
1795.241353
1613.589485
1711.498500
1681.490794
1553.659954
1685.486338
1735.272279
1678.008015
1619.014853
1686.263014
1716.868456
1564.641235
1569.815221
1657.669103
1578.689280
1642.333515
1626.098029
1680.974647
1695.486897
1561.835502
1821.291000
1686.933897
1580.851838
1779.986779
1667.645415
1556.382485
1639.813985
1770.776544
1764.518838
1686.475976
1724.519500
1712.219074
1639.221912
1538.769618
1618.735962
1645.540235
1696.039206
1742.817721
1613.427191
1498.419420
1628.493941
1638.431382
1601.686426
1674.811426
1789.133465
1672.913059
1707.135235
1707.665162
1553.169868
1578.813569
1656.538441
1754.392397
1894.677544
1719.180441
1642.646938
1660.204235
1661.392603
1686.684353
1723.708794
1657.288763
1720.329235
1733.750574
1649.074853
1682.186691
1596.359971
1703.161206
1802.708147
1771.983132
1601.851706
1664.372957
1508.037912
1563.196235
1650.627971
1855.107971
1682.603341
1701.347015
1743.025471
1678.055382
1517.193029
1622.470592
1656.026897
1678.299559
1739.230029
1628.350250
1636.800241
1546.845382
1644.898176
1803.719176
1781.607147
1729.513301
1699.181765
1651.417456
1600.541765
1759.653059
1638.990376
1895.982294
1666.011956
1713.145809
1630.223456
1717.873716
1758.948853
1588.068956
1753.067868
1611.233985
1636.643805
1707.303426
1688.003162
1734.263941
1591.578015
1737.115189
1590.433912
1700.932926
1604.483912
1554.625397
1618.250043
1748.769324
1775.962574
1689.805750
1686.517118
1654.762442
1623.133735
1871.298074
1704.839662
1614.669235
1604.096134
1472.162103
1726.298397
1605.465412
1709.210515
1553.521739
1654.786868
1592.479838
1625.503456
1537.780353
1655.628122
1808.855529
1517.082088
1783.371809
1621.635397
1524.900359
1724.762750
1647.868162
1719.538941
1634.104029
1662.527875
1688.862176
1627.148779
1646.997206
1630.497897
1764.788376
1564.690015
1690.675824
1620.195926
1654.402897
1603.723128
1703.312603
1677.662853
1723.320368
1523.155368
1570.533864
1650.467868
1768.658662
1557.357279
1664.102176
1672.045925
1709.401971
1521.737735
1793.072015
1813.521868
1547.779985
1671.404382
1481.442941
1780.894956
1643.423147
1595.649295
1799.855279
1750.268735
1593.243544
1817.471368
1648.192635
1450.423544
1760.442765
1729.759985
1617.623191
1700.101342
1651.702132
1694.227015
1664.860441
1633.345691
1755.915358
1528.541632
1735.589750
1598.833147
1583.063765
1593.588565
1753.341382
1670.554750
1683.186750
1742.365618
1615.221258
1724.650912
1702.929324
1648.722897
1706.571426
1666.252303
1649.768706
1603.459941
1660.074662
1785.170265
1570.421702
1766.268368
1831.441235
1601.280426
1734.167309
1614.194071
1736.904441
1659.013662
1598.943132
1758.649956
1735.080322
1701.197118
1543.349206
1759.182912
1754.627809
1781.066956
1599.402574
1742.691103
1659.452221
1855.024147
1511.094648
1640.383029
1626.022750
1568.662706
1700.259015
1541.297856
1525.159765
1610.178044
1611.153941
1515.432118
1602.376269
1678.859971
1855.334956
1672.981221
1703.903676
1586.518814
1597.613838
1561.582235
1693.259544
1824.945721
1634.052904
1619.098471
1631.864603
1707.412794
1662.808779
1619.875155
1706.672985
1833.336279
1646.004382
1709.871721
1662.687818
1706.033382
1656.688103
1779.226603
1736.644206
1576.634614
1624.586765
1620.689044
1619.215397
1661.652412
1615.047762
1656.313338
1717.619750
1712.145206
1756.615618
1576.782087
1699.416235
1623.265897
1755.291721
1667.604676
1546.355427
1705.060382
1601.823015
1657.200044
1581.756132
1571.133590
1591.417603
1694.663588
1710.088059
1581.598632
1638.413077
1541.794000
1683.078735
1713.682485
1536.864926
1700.920578
1607.947676
1637.324838
1760.389132
1624.574221
1636.801050
1722.055088
1594.131515
1592.929956
1651.387191
1519.390963
1655.441162
1736.726647
1648.054971
1816.965088
1673.583082
1643.370338
1673.816882
1685.851765
1530.118441
1535.810451
1646.127882
1694.504162
1746.892324
1801.693382
1666.628232
1763.172971
1756.749015
1793.696588
1698.152809
1592.207704
1724.144397
1620.753235
1628.112706
1692.579368
1500.576691
1723.230721
1678.429294
1652.105441
1667.586176
1639.664280
1598.741662
1454.612426
1703.212074
1718.170162
1656.788561
1840.151750
1694.951779
1709.845132
1692.451985
1592.208695
1753.438794
1661.634750
1705.361956
1629.941353
