2104.049382
1880.101765
1994.773897
2103.711235
2026.383554
2191.205250
1969.373588
2044.700441
2073.112809
1939.327041
2008.051588
2088.307912
2036.984265
1896.349162
2024.093881
1945.440118
2208.459324
2004.672868
1999.363647
1893.707176
2010.549559
2152.567559
1926.231559
2062.106926
1903.965942
2055.481382
1937.337500
2033.365074
2078.983941
2188.343958
1982.510309
1974.075338
1949.193765
2080.183985
1976.237768
2069.806632
2011.689985
2081.006015
2046.562426
1954.382461
2161.296647
2148.676118
1873.568029
1892.653147
1848.387668
1836.217603
1981.378721
2153.950206
2010.784338
1878.611258
1883.924662
1956.937456
1983.406324
2086.258441
2163.592318
2105.645574
2003.722309
1983.274294
2032.486985
1997.062246
1976.886382
1995.026162
1983.459956
2030.821647
2116.907835
1655.823206
2120.541015
2042.441191
1842.401353
1723.000190
1981.705779
2082.039515
1883.591044
2092.514956
2054.644074
1984.025412
2083.981676
2174.226324
2080.474603
1854.008428
1866.683809
1968.039691
1935.228632
2090.418941
1849.502459
1904.550456
1898.475426
2083.366309
2060.191441
2090.503048
2045.454206
1953.298868
2057.134088
1896.152279
1980.264447
1990.513353
1947.474662
2164.076441
2047.488353
2030.007389
1787.884132
2005.301191
1973.496191
2077.788059
1862.196538
2119.326471
1963.026206
1954.584662
2003.158162
1939.117848
2241.100750
2001.244235
2074.475338
2024.078015
1981.712761
2052.063059
1966.406235
1923.279044
2057.228559
1917.746527
2050.674676
1976.278912
2041.019662
2107.663206
2050.307793
1985.528059
1927.366706
2148.403603
2030.148426
1878.962045
1988.579574
2018.085985
2063.867176
2039.120868
1930.245017
1999.748868
2000.293647
2017.664588
1972.321471
2051.368283
1990.164456
2088.050838
2044.268824
1927.445574
1894.042784
2129.300294
2041.833647
2082.608162
2099.439485
1952.844962
1904.333309
1941.436618
1997.243838
1976.684500
1930.309051
2040.031426
1919.921088
1994.383647
2223.758544
2052.816935
2175.581912
2103.329456
2059.909985
2074.902441
2191.655098
2036.402029
2100.705118
2110.968191
1916.713853
1888.949556
2158.309000
2022.585735
2006.167618
1913.008382
1884.814307
2070.075279
2240.457162
1923.400706
2010.726838
1896.367367
2087.781603
1974.704485
1910.637750
2133.265912
2007.136177
1924.152338
2039.102588
1952.263485
1885.143926
2096.777591
1963.375912
1939.527029
1838.977515
2023.397691
1970.545386
1855.643382
1944.779015
1955.096368
1973.598588
1938.797005
1956.902971
2065.122191
1926.318456
2103.433794
1921.578433
2014.633647
1882.119735
2101.561176
1982.869309
1816.491508
2057.127500
2139.699338
2012.421485
1971.528088
1834.236127
2083.386368
2165.938544
2029.660721
1990.178015
1922.472128
1912.606059
1927.486074
2163.906529
2037.102559
2061.543188
2021.196176
1896.646676
2233.651397
1973.193676
1892.700807
1865.950662
2059.065750
2171.976441
1918.309103
1837.286912
2068.308103
2029.468206
2046.020868
2117.106706
1935.540178
1930.182971
2149.462971
1949.805103
1953.211603
2014.948632
1826.220370
2001.835059
2104.399162
1976.385191
2060.125235
2030.980592
2214.688221
2076.481426
2056.300426
1990.126426
1936.492608
1871.009294
1974.483118
1948.151397
2074.357647
1967.321860
2035.328265
2129.769868
2094.007206
1927.772853
2072.210920
1895.986088
2040.444265
1905.983941
2062.147838
2039.097760
2017.698544
2059.965324
2053.994162
2026.371750
1925.976952
2141.542353
1898.239059
1931.126162
2140.360029
1949.724983
1976.188118
2004.444103
2101.551868
1887.506132
1856.982367
2152.400324
1999.433426
2022.380250
2061.791706
1968.815162
1928.418191
1973.829794
1898.213015
2146.316000
2081.011061
1818.511265
2106.120618
2024.654118
2076.767544
2155.658386
1933.379132
1981.739118
2155.174735
2058.593618
1952.703652
2053.627588
1966.976559
1908.601971
1994.893676
1881.925330
2031.687500
1916.463912
2089.353824
2119.013368
2022.621919
2086.569750
2211.061853
1843.216882
2154.157794
2042.026950
2023.587162
1881.375441
2135.505103
2151.423324
1800.198010
1986.401544
2108.227397
2024.111926
2137.256868
1873.193570
1970.526544
1954.304926
1957.444500
1959.579412
2053.386748
2040.892574
2046.986706
1968.556250
1789.962221
2013.591661
2009.628971
2029.773971
2043.095676
1992.402162
2006.360119
2055.209044
1911.283176
2077.872191
2015.195176
2005.133885
1939.849309
1956.383279
1848.247397
1977.252941
2045.088327
1951.162162
2008.731897
1858.220794
2090.288074
2096.874137
1873.446029
2049.213662
1852.428691
1890.350971
2121.594639
2030.430426
1989.191029
2051.853926
2137.271574
2029.969773
1965.120809
1909.818853
1962.731250
1962.545309
2018.104377
1950.524279
2193.638412
1988.464647
2013.137147
1957.773261
2165.197912
1962.632279
1923.054632
1945.850265
1875.401380
2018.119632
2006.562647
2159.941676
2023.826956
1928.533205
1840.136206
1933.377456
1956.181985
2003.337544
1906.380926
2184.743515
2130.314529
1955.134412
1941.920868
1863.694398
1984.918559
2115.567103
1992.785353
2093.493132
2020.675591
2101.021250
2063.092015
1982.575221
1976.779662
2086.906931
2078.066809
1954.671059
1922.849471
2056.927235
1839.763682
1858.566044
2147.265147
1923.132912
2219.408750
2130.100625
1918.836647
1990.961603
1913.599882
1963.840824
1843.393802
2099.036632
2154.386059
2078.058882
2045.795279
2086.003318
2090.187088
1884.214029
2168.395471
2092.676765
2150.868923
1980.639515
2063.573735
1970.002191
2174.886353
2040.518542
1913.330632
2092.107956
2042.062941
2011.259044
2069.570087
2183.037882
1937.294868
2091.116559
2028.132044
1998.097236
1971.786721
2062.867074
2015.156853
1972.407853
1937.330237
2196.549294
2246.952868
2037.320912
2087.894824
2169.783871
2067.640838
1974.200162
2045.050809
1953.506588
1930.288166
2070.557838
1957.089603
2091.886721
2082.359926
2065.092285
2147.000279
1895.414647
2163.327485
1799.265529
1883.385463
2116.511265
2084.256324
2030.867456
1982.001515
1840.830156
2049.600853
2077.189882
2146.169485
1947.196485
1981.504304
1973.925750
1928.200515
1998.973897
2207.676397
1916.945938
2081.335706
1924.295103
2080.314338
2219.614721
1999.925307
1892.339324
1961.086412
1846.130853
1979.603235
1967.910735
1993.217779
1865.107912
2076.735088
1994.668618
1808.454398
2038.059588
1936.927706
1915.465662
1921.104059
1885.676091
2009.650059
2095.336118
2112.891279
1984.614618
2060.051062
1882.522735
1946.760103
1985.628588
1967.073691
2152.120534
1923.930456
2123.273382
2177.137706
1998.720103
2079.274330
2035.274647
2214.236941
1959.927250
2030.500412
1944.531170
2132.468912
1867.045926
1856.637235
1981.579662
1908.328568
1795.755809
1975.804368
1963.065176
2157.423029
1916.294819
1973.922824
1977.249015
1816.965294
2048.352971
1954.784747
2294.833647
2060.671426
2097.129324
2052.350000
2260.794543
2043.785897
1980.802956
2226.884279
1826.099838
1956.549176
1955.401868
1974.255029
2122.265015
1993.345353
2060.164810
2052.995103
1944.768662
1870.184691
2122.912191
1911.752591
2127.212882
1968.359074
2061.848044
2017.336368
1958.831695
1975.463221
2238.934632
1967.516206
1905.587706
1985.217858
1945.883691
2067.940956
2247.888015
1966.255926
1956.352477
2268.430074
2003.293412
2067.776765
1986.721500
1980.334258
1932.066824
2165.926985
2123.577868
2025.355765
2081.287142
2142.008691
1871.896529
1983.148588
2225.649382
2004.992143
1988.869059
2014.446559
2033.091088
2204.961750
2201.890733
2031.144956
1993.739132
2097.741456
1924.976456
2067.244381
2154.120397
1898.708412
2033.314191
1982.410971
2185.802309
1927.964485
2090.323221
2054.039103
2054.290985
2092.463634
1957.213015
1942.436441
1954.288838
1855.798794
1926.029915
2100.506544
1982.809132
1896.912691
1878.516279
2004.282666
2068.915147
1933.127515
2010.815456
2065.451676
1933.122947
2066.306971
2000.653647
2027.047368
1914.281676
1818.811434
2067.084971
1935.116588
2182.976926
2021.546794
1927.674847
2020.589706
1993.717971
2048.350529
2071.989059
1863.534510
2165.139132
2001.094088
1921.909588
1935.196324
1841.522423
2196.150441
1953.049279
1981.068500
1924.672441
2113.211792
2231.051603
2001.772044
1950.084250
1932.262706
1838.109764
2012.768221
1926.298485
1951.068853
1958.639941
1998.481045
2063.570750
2131.896279
2100.126529
1778.757750
1894.245385
2136.151382
2179.938206
2183.521176
2218.376676
1967.738577
1824.632103
2091.911456
2113.171221
2052.261838
2035.887843
1994.178206
1985.377647
1981.988912
2002.791412
2031.653609
1921.852926
1953.365985
2010.701265
1979.071941
1897.384008
2064.211691
2211.509000
1990.900074
2024.458147
2049.000024
1994.970103
1892.559618
1885.217059
2073.051603
2044.929937
1988.011515
1833.428088
2037.102735
2047.525868
1988.971644
2038.967338
2097.697368
1992.465426
2008.035926
1992.880719
1969.978162
2137.262250
2151.496176
2004.046029
1934.600794
1994.767103
2017.219309
2073.693882
2031.118265
1872.990090
1999.578529
2129.627279
1950.599176
1920.855235
1973.549106
2045.683559
2038.433382
2060.172191
2016.348309
1959.448342
2080.365000
2035.128456
1918.748206
1865.978029
2003.056241
2115.539824
2236.517574
2055.539971
2214.995529
1988.809419
2230.292309
2038.722721
2052.371500
1892.744912
1983.621405
2011.808544
2071.508176
1941.612353
2012.649368
2100.563877
2140.641882
2010.086265
1820.081132
1909.948118
2001.348173
1953.612162
2034.324279
1910.495853
1969.301794
1942.350057
2060.239279
2077.358662
1900.265309
2091.786765
2024.601426
1913.172838
1902.793221
1938.904265
2006.783118
1942.607427
2017.878515
2151.377353
2016.241279
1865.876368
2068.430972
2099.972618
2077.020956
2066.018868
2027.227294
2003.753165
2168.588735
1964.772324
1980.986779
2038.085735
1875.870843
1920.244059
1936.264765
2074.864897
2087.867309
1863.086991
2027.489912
2108.344544
2026.185794
2018.024103
2082.583581
1944.288515
2015.187235
1869.010353
1900.518735
1942.606568
2095.172353
2171.958441
1938.320015
2121.128632
2062.460819
1987.832000
2039.435353
2034.375603
2025.982059
2166.771467
1993.533000
2011.958632
1994.775515
1954.499338
1861.982042
2053.443897
1800.786118
2064.456735
1996.697294
1746.760882
2004.192882
1935.046868
1999.166074
1997.462647
2044.506472
2098.638779
2009.783603
2154.931926
1889.406647
1901.217017
1942.889853
1944.742971
2013.056265
1887.584647
1816.403812
2165.704838
2034.744868
2119.782456
2003.364059
2097.511402
2024.555250
1834.680000
2110.755368
2144.856956
2136.807095
1885.590485
2016.080162
2114.666441
2038.125706
1887.480258
2126.617456
2011.252912
2010.711147
2073.068647
2029.933980
2067.471971
2054.291059
1885.188471
2009.056456
1879.676128
2009.752044
1973.858779
1851.817794
2026.626000
1928.259262
2018.215588
1985.481235
1900.495029
2076.152221
2226.590999
2151.648132
2015.551015
2149.375000
1980.871897
1894.080044
1878.091794
2045.243529
2056.773471
1945.090471
1943.099825
2052.537853
2022.819926
2148.882603
1919.142868
1961.338179
2051.318485
1977.144265
2066.579471
2021.938794
1951.135357
2081.879912
1984.776544
1935.418235
2046.658632
2103.480506
2034.394118
1957.679074
1955.089059
2016.761015
1861.244227
1916.252868
1878.089162
2025.463074
2126.117147
2076.732773
2005.958353
1852.530397
2116.662882
2093.885338
2051.970289
1940.416926
1960.397162
2086.993132
2124.126397
2026.739290
1972.585676
2076.153603
1954.556529
1905.122676
1787.730336
2053.422088
1925.301544
1990.225838
2101.108794
1872.998573
1879.794176
1999.033368
2111.349574
1985.799941
1815.988221
1973.103574
2107.709088
1856.625294
1844.949559
1759.684281
2115.346426
1923.288176
1955.123588
1986.440353
2077.593915
2058.239103
2048.788485
2061.307926
1937.568338
1811.676505
2166.659088
1973.594294
2057.701779
2055.660162
1916.294491
2147.122294
2021.899235
2082.163206
2204.350441
1942.687243
2051.728265
2069.066559
2149.914765
1909.835529
1924.038803
2091.970809
2095.864250
2097.210838
1871.326838
1941.433437
1978.484574
1951.488309
1916.557118
1968.480221
1981.720909
2026.476103
2011.666412
2037.935074
2211.604103
2056.522748
2088.814824
2033.931853
2019.770265
1998.158471
1896.744029
2098.077412
2031.297853
1964.007235
1977.684294
1983.718883
1996.561868
1909.246000
1881.414044
2066.571971
2002.103767
2079.614441
1928.177309
2042.943191
1910.354426
1914.553945
2061.397838
2125.867794
2302.597971
2078.861191
