1756.688088
1643.304618
1688.904662
1727.026000
1606.080495
1680.241882
1626.182000
1660.900603
1665.611706
1704.343306
1616.154632
1658.024868
1674.352206
1672.163426
1703.066851
1699.512765
1591.421059
1664.495456
1703.562926
1685.412602
1619.736044
1820.131456
1864.368029
1614.543853
1583.107957
1725.002603
1687.441941
1648.360279
1750.204162
1791.433458
1780.841544
1938.602853
1742.513574
1704.068074
1451.730210
1693.591985
1662.781765
1661.731250
1686.888574
1663.336005
1741.553147
1694.343294
1754.053632
1762.262015
1671.245477
1558.651500
1619.966868
1573.446191
1787.491265
1729.540434
1642.816794
1811.894147
1675.840794
1558.473382
1669.956539
1549.061632
1609.861029
1608.610824
1781.948309
1638.896540
1724.454868
1541.392206
1705.252309
1831.271750
1668.463497
1738.585779
1730.184515
1698.746118
1785.364676
1545.698999
1755.603765
1635.074750
1755.821235
1768.321794
1697.589118
1650.819721
1677.795235
1703.604765
1613.146662
1672.278648
1803.350029
1666.555279
1531.003559
1880.676456
1713.504356
1726.328162
1634.877191
1749.757426
1730.172412
1669.596298
1838.821368
1866.752647
1593.612559
1911.774765
1885.824785
1616.767868
1676.174662
1632.757985
1591.375382
1745.663536
1723.075985
1725.156147
1769.875588
1602.596397
1763.940935
1737.114382
1749.235691
1632.299721
1706.602294
1684.241363
1722.092853
1788.387324
1725.190956
1755.071265
1680.257658
1879.870559
1608.816221
1855.064941
1604.727397
1642.398204
1688.201309
1584.247868
1563.686471
1802.671397
1619.758690
1621.371118
1692.950956
1739.431353
1656.106294
1752.309412
1699.953353
1682.266824
1703.407838
1775.502059
1740.617222
1626.445912
1655.202750
1752.460147
1647.509691
1693.780944
1695.066912
1686.288382
1656.650338
1709.898103
1533.084078
1712.913294
1677.886824
1616.852676
1816.170676
1641.769859
1642.218574
1636.619132
1754.507588
1669.415382
1659.848581
1735.400088
1769.962471
1764.830412
1667.887515
1819.087141
1629.018471
1830.270618
1643.303838
1560.035456
1779.442437
1753.118426
1622.705059
1654.701471
1664.381485
1547.626761
1696.668485
1618.991912
1528.536074
1660.230809
1626.208939
1734.221985
1730.000544
1625.857162
1776.583794
1523.106102
1657.342956
1578.516485
1762.179074
1663.759294
1749.778030
1603.541456
1710.575824
1768.623971
1617.548088
1625.331870
1740.056353
1649.168618
1732.074309
1791.642721
1642.209327
1795.361456
1699.021338
1826.233426
1747.882956
1664.966990
1710.035265
1780.778853
1665.355485
1610.192471
1504.210580
1773.310588
1658.282235
1660.230971
1722.651529
1547.605037
1826.681956
1702.090882
1811.189529
1634.866088
1584.621627
1531.471897
1740.902471
1699.036912
1718.814971
1691.455040
1629.646353
1708.708632
1741.831206
1711.281118
1627.013027
1748.388941
1790.915324
1811.645382
1729.712706
1576.147837
1671.970500
1749.454632
1656.406191
1644.114235
1634.792529
1566.120559
1666.173044
1803.068250
1656.061324
1584.359575
1693.259368
1691.067088
1784.121132
1721.992647
1733.999912
1584.190812
1679.334191
1730.275059
1629.768897
1707.984662
1580.670210
1782.703779
1914.773632
1700.230118
1560.277971
1817.859711
1648.114721
1699.457485
1706.432721
1524.740412
1584.666375
1643.848544
1727.490265
1571.092662
1808.645809
1593.351523
1550.318912
1710.804382
1710.569853
1741.698632
1689.235716
1750.851368
1779.270603
1690.794750
1711.736162
1741.518629
1873.496618
1667.882559
1890.063632
1764.693574
1567.672351
1745.668265
1763.844647
1660.413691
1739.612529
1642.833028
1630.823529
1752.586250
1612.085794
1782.857647
1680.878912
1618.351971
1748.556000
1741.122735
1568.968912
1651.616002
1548.416441
1660.706779
1731.324368
1711.698956
1708.539430
1652.301515
1818.857000
1555.190853
1711.308279
1676.562166
1640.909882
1699.238794
1741.708603
1694.410956
1652.988638
1641.191147
1784.343897
1757.861353
1666.919397
1611.326199
1707.699779
1699.688956
1747.597941
1580.700265
1644.046612
1741.767603
1744.655750
1683.530588
1679.764029
1776.024510
1655.985544
1722.666074
1717.908426
1588.339794
1695.605570
1662.530853
1603.569721
1554.136721
1749.489632
1565.137866
1826.298824
1600.283206
1652.139088
1701.286191
1681.010000
1716.830824
1765.504471
1729.988794
1701.394059
1669.528736
1708.237397
1723.749897
1816.386294
1664.613779
1615.253605
1675.569574
1593.095809
1852.723412
1694.124544
1675.013371
1692.239956
1647.324162
1787.286853
1709.199603
1758.357005
1715.340515
1709.137809
1638.895956
1766.339338
1674.025845
1535.678103
1716.148485
1691.198382
1686.013412
1582.038420
1659.887926
1650.610324
1832.173985
1710.833897
1754.375965
1610.211647
1614.467544
1669.280029
1658.688044
1588.782687
1705.171206
1867.921985
1665.314456
1766.976176
1499.694688
1660.356206
1605.293382
1701.391765
1690.906647
1686.641646
1704.701882
1807.198426
1725.582956
1673.672074
1602.904265
1651.365294
1739.682779
1636.589265
1660.218279
1662.281751
1766.673500
1610.157324
1669.031662
1966.226941
1576.541238
1593.930971
1804.428324
1808.396662
1755.349706
1825.888710
1877.903662
1777.484265
1704.614441
1630.005088
1665.143358
1671.146162
1788.352926
1737.441897
1694.648515
1691.941551
1749.598632
1786.190250
1848.414162
1764.647338
1574.463391
1634.627515
1813.143206
1700.908809
1760.839118
1649.047377
1729.500147
1666.334809
1803.866338
1791.439441
1634.337805
1680.567676
1718.770456
1683.621735
1593.871471
1606.709571
1662.599074
1707.124103
1699.967221
1588.788029
1789.134440
1838.238574
1756.192397
1758.948559
1493.045471
1740.831398
1616.786397
1679.557015
1709.935456
1888.151515
1635.132678
1590.970765
1693.018838
1679.798647
1634.554368
1555.823121
1663.105382
1656.152662
1715.544632
1606.894368
1638.348475
1872.779588
1751.348441
1880.048485
1939.379824
1639.336241
1643.644603
1626.641309
1703.493103
1650.516956
1574.045228
1608.292294
1814.652456
1686.129559
1668.355971
1668.983700
1504.217088
1720.219015
1663.615206
1758.051794
1525.075966
1765.967618
1660.676853
1783.639471
1638.534985
1540.681129
1734.070544
1721.887691
1768.531897
1622.936544
1629.624513
1618.507897
1819.636382
1780.002971
1644.817176
1624.191852
1623.318765
1589.509338
1487.400868
1654.196574
1595.715001
1689.556132
1671.135162
1817.990103
1696.675897
1493.208076
1526.607456
1842.501706
1616.678897
1749.811838
1683.285665
1580.869441
1623.651500
1663.555412
1664.965706
1700.917755
1672.912324
1572.924779
1713.817456
1702.126926
1604.344065
1705.201956
1789.596147
1722.499853
1678.512632
1655.911331
1698.740471
1722.188353
1686.296074
1625.779265
1485.397215
1806.195426
1615.929015
1640.432103
1639.170397
1621.069525
1663.871618
1790.683015
1620.083868
1684.702529
1602.497144
1719.207088
1762.968882
1663.401515
1844.836250
1728.727528
1594.925015
1778.070544
1761.051000
1678.228500
1713.127794
1636.086000
1670.028985
1710.181926
1648.593765
1650.501987
1601.607794
1576.379647
1565.147559
1627.076956
1573.737150
1768.286529
1673.988426
1781.674059
1685.060588
1530.911210
1659.854397
1747.275838
1716.298544
1680.615765
1706.505300
1710.074897
1853.865735
1741.759544
1505.601147
1663.539477
1654.954412
1689.075706
1714.602059
1796.201956
1593.081494
1710.867162
1726.283838
1627.524779
1717.470882
1730.699598
1693.079559
1721.505456
1592.960485
1565.445691
1744.207379
1616.149647
1767.611279
1700.703456
1738.863868
1610.551145
1796.568147
1605.348809
1759.856765
1732.042721
1618.795455
1786.198471
1708.597132
1603.661632
1702.390868
1611.595000
1762.889074
1803.904853
1589.049750
1700.752338
1590.619546
1649.008294
1751.021279
1655.973353
1744.590353
1644.121591
1735.478735
1785.434647
1702.935941
1770.055765
1509.766034
1692.404382
1656.874868
1721.398824
1816.039338
1605.308874
1692.429647
1694.845382
1855.234471
1713.229471
1699.912287
1678.740515
1637.057588
1675.214044
1704.966044
1749.284068
1721.063426
1719.925088
1578.260221
1789.676500
1698.789878
1771.586912
1614.185353
1864.905941
1727.454088
1618.335291
1764.350147
1701.075059
1724.839500
1791.730691
1688.475881
1744.222853
1672.444382
1672.100662
1787.296735
1695.938426
1730.419235
1756.976426
1866.517485
1694.898250
1726.559016
1704.668882
1700.460618
1540.338074
1673.457559
1669.759796
1657.624868
1836.008059
1789.619485
1670.591176
1742.383107
1620.269809
1790.689603
1672.180515
1681.279971
1725.674123
1770.497838
1627.266647
1730.684441
1720.517735
1682.051609
1839.671044
1739.359794
1851.079441
1635.962882
1589.447714
1811.933618
1767.080250
1790.606500
1841.119029
1736.746509
1739.692044
1663.306779
1659.905912
1699.086971
1554.293878
1704.417868
1655.432632
1759.692574
1741.041735
1687.855924
1727.356765
1504.909088
1772.264368
1738.190426
1527.833440
1841.219368
1812.201294
1619.297397
1698.627971
1623.208176
1624.008029
1645.533941
1740.999500
1710.683426
1799.140575
1621.443647
1597.119279
1673.557221
1742.696765
1739.200370
1640.807559
1671.656176
1677.642779
1607.695456
1674.571622
1623.578059
1713.419471
1570.058132
1738.508632
1688.356814
1667.973368
1721.506000
1658.676265
1638.479088
1609.045360
1653.480574
1700.452176
1685.954868
1709.482824
1646.489626
1724.475529
1665.622206
1736.105794
1818.823206
1599.822951
1729.130191
1699.692706
1725.119809
1559.927618
1593.619555
1694.252941
1715.302221
1547.998044
1748.289912
1750.787189
1645.820912
1667.632853
1619.359912
1647.723132
1667.485499
1638.189779
1832.185235
1676.417191
1663.115985
1639.030633
1699.111088
1646.239618
1796.754912
1616.686029
1572.770193
1748.277912
1602.597368
1666.553956
1651.099809
1569.857989
1713.499559
1672.748118
1663.646515
1690.885353
1572.083284
1779.887809
1663.588147
1716.300824
1628.202632
1639.684300
1792.929235
1662.733338
1695.801515
1707.887309
1622.977228
1734.705735
1665.239000
1641.412147
1752.821265
1618.081141
1586.445809
1621.632779
1764.196897
1573.183676
1608.015069
1794.604750
1855.954338
1646.383853
1619.189118
1656.553482
1652.854662
1619.129412
1705.463618
1824.967956
1758.487513
1678.372559
1791.382059
1737.183471
1750.895456
1704.665338
1678.812632
1716.321735
1662.307794
1665.274912
1618.257148
1480.326588
1778.625456
1637.409103
1629.435471
1691.852296
1753.713088
1653.783044
1607.562000
1730.177412
1606.832563
1688.740809
1615.775485
1629.054309
1507.591485
1650.049667
1660.035294
1556.227691
1686.562265
1592.219529
1788.573271
1769.411147
1660.503471
1725.278265
1815.780559
1676.884228
1780.270882
1732.183324
1740.990691
1688.883912
1690.514156
1752.220868
1625.991824
1745.831794
1701.853279
1671.317643
1723.334029
1680.849735
1725.133471
1727.554603
1709.817438
1572.939324
1669.406103
1722.863353
1697.100794
1649.022057
1619.517235
1615.521515
1778.671897
1631.233103
1861.115338
1654.295147
1700.982912
1609.302618
1803.360221
1543.686104
1661.729029
1661.558382
1753.206956
1589.413559
1682.493209
1691.855485
1575.965868
1723.595956
1764.898956
1636.430769
1736.327941
1701.514132
1582.756103
1789.347265
1656.841741
1645.038691
1714.418897
1664.653441
1795.346235
1545.237772
1721.775118
1725.621000
1600.091574
1874.018088
1545.824185
1687.120897
1795.416559
1674.071221
1692.357324
1744.264995
1709.324103
1642.666691
1698.302588
1658.788412
1624.623658
1563.827309
1666.097779
1610.547794
1729.326912
1641.171189
1723.591368
1739.151647
1743.321676
1787.026632
1544.735234
1731.167868
1658.830779
1724.746706
1657.352706
1610.053618
1846.426382
1685.127824
1663.967338
1715.280176
1702.612075
1752.594059
1567.084676
1596.578074
1601.147338
1597.247871
1695.468647
1680.861382
1700.823779
1607.723529
1734.131990
1663.450559
1798.483926
1653.241559
1756.558735
1583.014109
1756.565397
1786.297809
1767.263926
1643.102853
1607.136699
1612.005824
1610.728250
1881.157029
1788.624382
1623.690538
1646.584618
1659.162221
1707.770794
1721.087324
1619.106892
1741.420779
1684.062074
1638.607309
1599.224294
1600.056482
1633.835441
1784.746176
1726.261868
1637.037441
1730.492983
1671.797103
1526.686750
1747.570426
1906.464397
1625.787191
1696.442971
1747.110868
1710.633485
1741.992515
1553.292619
1728.088221
1807.655765
1498.253662
1660.828691
1614.798414
1730.455471
1603.773941
1716.166676
1721.158118
1548.919077
1673.103721
1707.448368
1849.672103
1661.218000
