1899.915162
1957.358162
2001.330897
1940.684765
2026.234069
1951.509412
2022.714618
2070.887971
2167.703662
1894.367776
2064.384809
1987.688853
1856.607088
1903.768426
1760.224131
1931.689574
1981.286309
2123.254029
2077.958779
2013.464985
1923.927029
1923.031735
1961.740941
1940.496441
1916.040824
1851.062265
1985.259897
2061.532338
1980.916544
1975.947502
2081.149397
2214.132412
1939.204397
1986.248206
1888.621592
1942.481794
2060.311221
1982.962750
1941.406044
2069.829182
2173.621279
2059.215176
2157.485088
2087.922368
1902.110256
2018.176309
2099.978309
1975.449368
2156.424338
2162.393493
2111.742853
1934.077456
1912.258118
2068.881426
2044.335406
1866.669662
2007.326162
1899.374897
2220.442176
2054.090437
1997.279206
1894.659368
2115.005676
1982.684353
1962.749585
2041.600191
1927.129912
2041.881353
2085.219485
1998.631719
1945.865515
2003.036015
1911.196015
1975.481368
2036.582529
1798.836926
1955.827765
2155.278324
2137.877515
2012.657590
2079.701485
1993.788765
1785.770132
2016.366912
1891.366297
1927.292265
2068.288618
2104.346912
2025.367412
1877.044019
1991.052382
1950.092235
1956.478515
1953.578279
2076.215241
1864.735721
2086.414824
2015.106912
1987.764809
1951.851889
1979.349397
1985.007647
2184.202765
2169.717897
1987.145405
2069.977412
1938.045500
2059.788529
1955.842735
2193.379348
1829.645824
1949.523265
1918.227000
1974.532132
1930.810437
2016.830956
2041.751544
1999.457265
1989.163956
1951.696130
1944.235662
2074.318309
1893.621235
1833.501397
2000.747323
2194.049794
2080.405338
2025.349750
2012.808765
2040.932074
1967.450691
1915.655191
1872.312985
2082.790397
1945.603414
2016.825353
2093.059485
1954.656265
1932.185529
1988.360547
2070.477618
2033.533162
2031.328941
2082.690176
1839.213960
1935.595824
2124.236676
2065.819412
1907.720529
2010.255977
2019.112824
2004.182103
1989.423926
1936.471721
1983.965301
2179.033044
2092.467029
2050.431956
1900.703309
1972.268568
1913.957971
2144.236588
2082.296412
1998.511412
2001.709937
2242.071662
1980.694941
1847.187382
1893.629926
2089.069526
2071.246441
2021.871353
1903.972118
1963.736868
1913.792498
2145.416147
1806.195132
1906.052603
2060.411706
1904.241808
1972.824044
1966.961853
1913.801765
1932.106368
1789.407030
1845.265147
1965.815706
2041.119941
2048.131824
2092.577782
1847.229191
1895.599603
2035.433824
2002.283544
1947.944474
2003.750824
2258.494662
1877.481676
1988.203971
2078.051873
1885.651412
2016.152794
2075.458485
2071.926338
2152.809021
1890.504971
1951.590176
1837.084897
1973.886294
2089.141464
2049.134809
1995.721794
1961.196029
2070.365691
2040.485862
2003.444324
2140.499647
2256.177000
2151.312824
1911.807128
1860.020426
1788.477176
2100.804324
2052.151338
1907.350791
1858.271471
2168.561485
1952.035221
1894.267279
1977.154925
1890.471426
1845.712132
1990.261779
2006.757132
1778.274382
2034.908162
1981.870809
1964.718485
1872.419485
1899.047663
2137.431176
1951.786912
1781.258529
2024.849529
1941.931971
2050.951517
1985.536309
2065.112853
2126.233235
2023.307103
1871.354519
1876.871941
1958.619206
1885.656176
2127.660985
2021.759256
1940.663971
2139.104853
1843.517588
2060.355853
1919.626889
1884.551838
2032.579103
1751.779324
1928.866309
2156.217699
1961.362838
1905.722059
1966.858544
1926.140765
2015.154480
1998.466103
2002.079676
2055.709500
1946.788279
1793.675967
2008.305206
1878.170853
1943.093853
2100.314309
1968.964012
2034.868544
1981.759735
1940.022882
2005.982985
1967.275720
2034.284485
2082.952765
2029.410029
1906.411691
1955.024853
1922.811765
2162.463706
1907.469515
2041.215191
1927.273619
1940.650015
1914.434118
1790.307191
1935.588515
2021.588768
2067.660044
1958.500235
2067.238000
1909.626368
2073.685034
2035.070471
1936.450926
2081.024235
2020.094662
2112.756609
2054.305721
2051.426721
1939.906235
1940.449897
2004.856993
2300.018926
2146.619824
2001.717559
2003.330926
1895.837685
2193.259971
1972.327103
1989.022250
2005.595691
2008.081128
2143.794706
2048.855471
1851.842397
2046.074397
1859.221247
2048.121294
2005.755044
1851.730618
2014.199515
1913.551631
2256.551618
2000.307779
1992.211882
1985.943412
1924.777264
1991.168985
2016.075118
1939.725721
1930.214088
1991.764207
1929.622118
1868.238044
1980.296118
1934.466015
1856.691385
1967.074735
1976.309471
1917.115250
1966.170603
2152.935533
1818.661559
1971.339632
2129.082941
1982.752426
2107.576373
1883.756088
1996.456868
1924.576691
2069.994897
1964.746595
1927.597647
1952.368250
2064.774853
1942.074279
2024.231625
2057.180029
2050.006162
2165.877250
2065.540721
1850.865553
2043.485074
2098.345956
1940.602603
1951.140838
2022.070069
1915.778735
2239.130515
2214.313191
1885.321838
1838.709747
1977.022412
2006.539044
2223.134706
2213.576809
2053.645631
2181.438235
2048.056221
1930.425456
1987.075074
1998.147235
1968.663235
2106.405132
2009.025706
1842.816029
1949.557119
1911.720588
1888.349941
2036.911500
1977.932265
1910.407841
1914.297926
1973.920412
2009.805632
1953.962912
1944.067122
2091.479691
2047.673765
1928.451882
1941.528324
1875.150167
1923.705824
1963.917794
1845.223265
2085.184441
1964.528522
2130.424000
1926.942618
2101.006809
2140.531162
1833.651905
2018.038765
2220.800956
1859.118221
1844.271794
1931.695274
1997.923971
2060.137926
2119.163838
1895.765088
1759.028026
1844.921853
1957.947147
1996.732324
1868.442162
2046.248468
1971.795279
1887.576059
2093.253882
1975.246809
1955.097367
2069.827971
2074.875529
2104.223676
1925.154324
1998.999353
2023.351809
2011.493912
2049.684309
1942.272103
1907.571193
1964.934515
2242.134603
2028.857618
1893.628015
1728.767033
1945.273765
2021.453853
1934.633015
1964.566559
2089.493740
1998.638074
1841.975309
1866.724618
1945.659750
1992.851609
2137.620735
1890.741471
1882.307206
2092.972574
2051.181537
2078.200485
2061.962279
2059.029000
2062.435471
1856.816509
1995.331971
2043.425559
1933.500779
2070.889706
1895.324745
2211.579794
1958.531706
1882.415515
2014.169074
1886.643717
1943.171162
1945.944221
1922.865868
1861.964206
1978.810778
2042.891206
2252.755324
1981.698426
2164.992794
2012.310852
2016.447956
1995.317618
2046.926368
2037.635382
1996.895280
2142.406544
2115.262353
2124.419059
2076.436824
1979.983988
1974.638985
2181.515721
1959.326074
2100.530588
2055.013415
1970.504750
2010.223529
1894.594309
1974.819368
1977.507064
2070.712779
2075.627221
2010.246735
2097.758397
2033.077345
1971.576368
2189.867176
2153.860882
1918.782794
1928.620449
1943.394500
2024.190750
1780.236471
2076.857191
1893.411142
1886.262309
1904.031956
2004.426221
1837.611897
1860.573614
2168.287088
1947.380044
1901.803118
2111.244103
2083.868688
2134.698368
1944.263647
1950.033691
2110.465500
2074.021999
1951.784162
2008.063088
2159.421912
1986.456985
1970.988029
1870.448662
1842.448515
2098.004603
2007.634779
1993.992310
1921.839824
2007.974897
1761.242500
1852.176426
1803.977915
1960.715618
1879.135779
1972.475426
1977.376309
1869.619989
1924.325044
1909.301324
2049.491338
1950.455544
1999.530314
2023.441618
2167.399691
1934.831103
1943.310765
1997.430669
2049.588721
2015.457544
1969.504338
1841.511191
2102.527714
1931.518618
2230.530044
1991.318515
2004.646368
2026.511671
1945.599426
2042.387603
1912.449471
2067.384015
1979.679055
2001.282485
2241.319721
2061.522632
2097.458456
1934.587424
2001.255279
1989.401015
2097.858662
1978.716132
1884.588264
2006.575779
2070.351574
1960.538721
1867.015691
2026.914603
2164.350956
2107.119000
1939.206029
2098.023456
1810.988855
2032.294691
1940.189235
1927.583912
2062.037456
1918.162077
1978.457000
2008.794279
1923.706618
1792.474000
1831.483343
2252.772029
2036.699662
1965.773897
1980.537882
1919.866800
1958.824735
1938.948132
1929.018647
2090.372500
1862.687934
1879.913162
2047.774382
1929.767853
2057.642353
1833.363538
1933.251765
1972.802735
2145.753265
2362.867750
1928.129201
1866.280015
2086.818191
1886.018676
1888.281794
1842.090070
1895.106279
1899.615044
2073.273265
2032.413118
1974.859175
1941.890603
1988.749000
1939.309250
1856.778926
2041.647500
1960.234500
1737.117721
1938.955941
1938.564412
1997.390869
1984.609309
1779.563324
2199.188794
1992.661176
1847.915708
2063.401368
1884.468662
2114.178956
1975.411368
2088.475901
1973.134294
1960.126735
1986.658382
1967.813618
1909.316843
2062.275912
1875.404912
2096.553647
2073.162456
2093.799080
2214.066309
2058.562206
1947.086588
1916.885735
1812.962361
1992.184676
1973.819324
1962.717779
1951.143206
1975.104524
1964.201838
1941.689529
1904.269029
2120.409588
1877.352599
1889.823676
2237.184647
1969.802647
2059.518309
1797.961174
2022.307118
1958.540809
1960.240456
1977.675632
2029.580410
2078.208294
2057.684015
2045.178735
2001.708059
2012.414500
1905.196515
1973.935456
1961.939882
1943.579985
2107.926722
1835.218985
1965.445735
1869.633412
1963.335985
1924.488282
2062.045471
1944.868412
2023.916559
1973.099868
2023.142931
1969.634574
1862.929838
1959.499412
2050.127015
1902.296491
1955.297926
1959.878324
2047.165382
1933.710691
1951.768580
2206.135015
1999.093603
2082.440721
1875.013956
2102.962082
2011.774368
1929.376735
2042.692456
1883.478765
2019.077613
2080.747588
2064.354279
1999.824074
1896.712868
2102.961114
2160.287412
2051.604485
2160.187971
1992.219721
1986.650571
1976.725809
2088.005882
1930.097956
1831.032029
1896.973043
2027.743706
2175.463956
2115.348412
2068.463074
2052.784059
1930.707132
2140.653794
2205.760176
1920.741162
1909.443208
1811.702971
2153.603765
1993.162691
1958.330794
1805.192283
1973.218721
1883.801647
1909.047059
2055.249456
2002.580843
2012.197559
2049.558044
1983.299309
1969.078059
1958.142712
1946.916162
1922.287691
1851.211191
1891.430750
2011.474757
2036.685779
1990.461265
2129.039103
1963.157206
1994.312288
1985.815603
1988.429279
1932.739632
2061.708309
2001.576848
1842.967397
2009.383074
1926.487971
2008.523206
1856.637556
1725.553015
1957.142544
2035.578000
1923.795882
1890.786248
2148.035265
1898.468868
2157.652971
2082.025382
1955.274367
1859.604706
1922.218147
2054.044632
1851.677882
1904.156722
2246.970235
2049.923956
2083.015706
2140.390382
1954.512885
1952.663515
2022.602132
1916.990074
1826.364265
1965.867489
1913.534044
1942.268353
1964.369559
1903.705456
1995.298637
1938.854868
1911.384456
1977.716397
1909.953265
1842.012712
1929.630985
2005.949412
2125.024971
2016.065353
1845.935493
2122.494412
1959.807971
2030.209338
1927.810324
1966.598950
2044.018309
2000.315294
2084.717397
1956.923471
1886.970511
2155.563765
2151.399926
2127.045574
1832.601515
2001.514600
1965.579235
2062.512544
2096.160882
2081.689059
2054.585234
1989.855544
1895.209868
2052.460000
1835.942412
2065.425853
2024.511485
2017.308162
1924.527529
1962.447015
2085.484193
1953.194735
2002.924750
1866.372338
2064.208868
1883.353606
1899.317882
1961.004471
1953.983353
2080.078324
1867.278681
2053.596794
1879.787206
2080.660603
1953.237721
1822.483270
1983.263926
1966.658691
2061.109515
2055.948500
1971.747742
1903.759559
1994.859397
1998.536794
2071.337529
1898.573508
1986.209397
2073.871044
2048.745750
2034.203412
1824.073039
2088.456118
1896.992721
1995.134456
1977.836824
1930.307188
1907.837588
1930.587309
1907.662412
2021.792632
1844.461174
2050.979294
1843.582279
2195.902735
1914.739647
2102.707249
1945.165471
1956.670485
2007.101588
2099.066471
1958.334721
2078.158941
1963.184176
2099.184294
1922.536735
1927.146531
1970.948456
1964.926750
1960.667324
1981.090662
1945.294621
1848.501618
2098.418397
2084.002618
1930.875353
1809.411108
1875.997412
2101.979500
1846.013309
2050.138382
1945.693888
2100.892853
1956.925088
1935.684250
1897.983029
2025.745331
1980.223015
2002.215853
2137.084559
1981.954338
2002.202068
1785.155132
2091.076191
2182.471338
1941.851426
2057.130790
1948.916574
1976.114985
2016.353824
2022.826735
1968.482070
2035.750882
2079.903559
2236.874485
2127.880559
1963.961513
1913.870574
2070.936735
1923.693176
2053.569853
2038.572205
1997.714779
2016.962676
1866.777588
2101.550941
1984.251604
1937.096868
2000.027279
1947.927897
2046.277985
2000.536767
2088.583162
2099.422735
2001.205382
1936.919265
2115.822592
2084.196956
2017.251662
1924.570456
2015.277147
