1142.368882
1055.286985
1113.170441
1054.076044
973.056540
1088.732294
1057.943574
1050.547618
1052.421015
1011.156423
1042.608132
1145.140103
1016.076441
974.708691
1005.618233
1040.801750
1040.134529
1042.359015
1044.851162
956.857852
1023.736985
1147.044853
1099.555206
1128.377750
1046.290927
1092.500618
1093.851074
1099.236838
1057.801132
1039.914341
1024.363765
1008.908441
1084.961868
1077.519441
1048.480371
1004.850765
1103.835015
1090.786765
1072.337853
1015.024005
1110.857691
995.022500
1098.401912
1149.634074
989.534492
992.771603
1058.334912
1069.658088
1087.641059
1198.713037
1143.496294
1066.617574
1076.302279
998.277515
1110.638921
1034.733235
997.518838
1044.793044
1121.773221
988.238569
1147.671529
1008.433044
1161.940941
1084.323838
1048.401071
1067.364147
1110.574956
1030.937029
1202.003279
1071.520543
1101.326544
1078.725397
1027.193529
1019.602882
1074.923779
1080.650059
960.311926
1130.469353
1121.975515
1057.187913
1142.911868
1071.520074
1123.872544
1115.955765
1044.939812
1029.421868
1050.482397
1080.113779
1116.298250
1060.205534
1187.949485
1025.198662
1121.635897
1094.742279
1125.048550
1066.467029
1050.626897
1078.661456
1042.316118
1099.425389
1140.607000
990.514485
1175.038706
1119.631221
1175.758405
1109.424985
1107.434868
1138.188618
1090.455824
1025.097318
1101.756044
1011.092868
1107.187338
1128.778294
1116.323820
1062.560132
1004.089691
1177.200632
1018.061221
966.111895
1075.134456
1026.747926
1062.722662
1143.015985
1026.280823
1036.240059
1122.876265
1098.421941
1028.328618
1029.502089
1090.240206
1040.048529
1132.499588
1195.462206
985.960178
1123.291529
1068.322309
1038.925471
1054.504456
1075.699150
1071.445324
1151.115838
1121.216353
1105.777485
1098.833416
1100.843029
985.143206
1065.647971
1043.498868
1028.803021
1093.449132
1080.694191
1249.900426
1007.040838
1025.717669
1103.299632
1062.662294
1071.874147
1044.837000
1039.225847
1111.558044
1103.720059
1100.673176
1185.157676
1071.825363
1127.903353
1079.945956
1095.906441
1035.742324
1061.430041
1101.095353
1090.634397
1074.333471
1080.962294
1112.460969
1102.923044
1059.652250
1052.281779
1116.138294
1036.825014
1055.834397
996.185765
1137.277500
1100.347926
1086.754457
1060.058853
1022.669338
1093.934471
1018.644721
1047.139796
1002.616118
1079.495221
1112.814824
1077.462618
1062.407518
1136.259882
1180.348456
1068.392000
1105.343500
1086.866314
1063.081132
1176.466544
1076.450897
1052.988368
1004.167389
1062.755441
1011.211426
977.110647
1057.308706
1060.002111
1134.599191
1102.966824
1087.609632
1036.047515
1102.060656
1032.248985
1105.266574
1075.349044
1097.224324
1021.243658
1017.282426
1092.274191
1036.575265
1068.604676
1115.027630
1145.049265
1075.049191
1124.476529
1079.910324
1086.805440
1081.031515
1040.950618
1106.719897
1108.523691
1013.737368
1067.124765
1133.811456
1043.020294
991.824838
960.440751
1051.833647
987.583162
1082.897456
1032.304824
1095.437706
1052.268400
1149.002471
1017.621338
1080.596809
1092.623985
955.876475
999.218397
1086.422441
1126.152853
986.207721
1075.982550
1098.574779
1026.541147
1091.733338
1115.265324
964.523551
1147.759382
1089.186838
1050.189221
1082.916735
1001.956567
1095.757676
1065.493015
1025.817574
1105.957206
1119.914024
1037.856250
1028.113588
1086.334059
1073.653985
1060.570158
1069.064559
1090.831191
1064.659706
1143.645603
1004.947218
1018.849397
1036.118265
1065.702044
1110.215353
993.076573
1054.877618
1085.621279
1073.025368
1099.336221
1045.960059
1138.008118
1122.865338
1099.695235
1011.751353
1043.843487
1046.701221
1031.641118
1084.166471
1161.255853
942.722018
1045.124294
1106.796838
995.450838
1109.482471
1144.939490
1064.100603
1101.026574
1077.657868
1114.052382
986.757388
1083.892412
1112.154029
1061.562368
1079.347853
1036.997037
1097.337265
1076.976794
1085.021147
1045.111309
984.622773
1162.258191
1118.405779
1129.702206
1151.295912
1067.537128
1067.968324
1067.719426
1132.082500
1092.862074
1007.695482
1068.369544
1050.397426
1027.988853
1067.120206
1057.446542
1140.304338
1102.529544
1060.931603
1098.181176
1063.700720
975.756618
1123.450985
1105.471794
1034.940691
1061.740604
1092.719985
1047.519044
1133.822824
1038.215176
1073.072561
1052.670279
1004.250221
1165.234397
1134.662735
1069.915151
1062.330853
1105.515809
1113.034147
1086.176882
1087.544490
1135.273471
1106.326353
1091.921632
1066.659206
1026.419653
1087.032750
1057.973147
1120.830191
1127.246074
1107.295273
1177.598059
1052.815706
1111.477368
1143.283324
981.168392
981.773824
1122.216515
1054.102779
1053.602118
1110.306555
1000.435382
1166.914559
1040.621471
985.895309
976.905718
1065.734662
1114.359118
995.213632
1070.553735
1121.796499
1063.860971
1092.938809
1061.232691
1100.375515
1081.065294
1086.166221
1070.827750
1045.753441
1053.664279
964.229766
1083.681544
1046.251147
1073.983721
1085.257574
1006.023356
1054.154618
1191.532853
1062.517779
1130.449485
1008.428813
1099.907426
1114.896750
1042.009676
1083.163338
947.858800
1034.330015
1093.405618
1030.235618
1115.368632
1146.283698
1000.525206
1051.946691
1099.401397
1111.837471
954.473317
1107.580662
1104.147632
1150.095544
1069.206706
1170.872245
1198.491941
1184.237971
1107.730015
1086.389868
1039.358276
946.262662
1161.918838
1091.945912
1066.568721
977.427498
1052.925309
1033.027559
1036.146603
1028.999632
1156.778102
1133.590132
1046.332176
1110.935118
1067.697794
1044.332603
1080.696382
1108.971779
1160.833603
1072.447353
962.739722
1072.843882
1044.532971
1107.015662
1092.838074
1086.235783
1074.995368
1043.113044
1016.109382
1007.439412
1035.837578
1068.998044
1052.273118
1140.249441
1124.377529
893.858947
1030.611779
1032.856162
1130.504706
1144.361456
999.690699
1005.928147
1156.584544
1039.077794
1142.321618
998.147494
1059.688235
1063.417706
1061.381779
1001.501279
996.117584
1074.908588
1061.696956
1030.101794
1119.432132
1094.122629
983.845618
1109.176015
1077.457059
1003.689515
989.532439
1092.078441
1054.295809
1127.516779
1067.069750
1053.021602
1095.903559
1089.432309
1115.634147
1061.477132
1017.424192
1092.675279
1111.631897
1116.905235
1104.253309
977.501135
1064.139206
1105.890485
1025.926191
1187.604559
1120.151974
1068.545235
1107.494279
1064.086691
1063.580706
1084.956446
1173.711559
1036.055294
1071.993426
1149.591162
1052.332742
1069.716971
1172.968353
1118.900059
1090.779162
1068.894081
984.752000
1035.271338
1016.478412
1024.393838
1019.019744
1119.716544
1135.646118
1177.929956
1069.400794
1060.861805
1080.599397
1058.144574
1057.954235
1093.530544
961.387085
1057.398647
1123.547750
1082.728882
1017.079353
1015.339602
1020.421544
1085.895368
1066.899221
1087.394941
1065.583721
1032.107044
1107.515691
1091.008618
1065.662029
991.242281
988.927309
1013.184382
1033.337015
1094.448162
1012.306753
1063.993000
1109.797662
1120.669235
1037.346485
982.460166
1087.377662
1106.452676
1048.003809
1111.983103
976.893697
1111.031985
1111.079044
1224.459324
1064.431882
1063.374389
1026.180353
1020.977515
1002.172456
1178.431985
1052.372773
1159.868059
1070.201103
1064.216015
1064.133926
1044.159686
1101.586324
1082.974412
1057.520206
1046.693897
1080.648732
1031.583794
979.469221
1123.536662
1162.103471
983.837262
1123.795441
1103.031191
1119.631588
1134.848941
1074.126661
1074.014265
1057.971471
1010.363500
1033.129132
1056.827986
1091.226662
1124.701882
980.051103
1186.517809
1010.631046
1094.038397
1122.113971
997.044132
1084.588471
1024.904209
1052.010691
1044.765971
1095.759647
1010.018912
1075.229696
1079.676309
1134.564956
1099.609368
1089.933515
1011.320609
1079.834088
1076.626926
1150.655382
1075.795779
1031.121125
1073.133515
1135.367500
1116.879176
1093.778441
1004.314170
1060.390897
1109.700221
1041.761221
1128.935544
1054.484069
1087.566544
1107.982912
1120.861500
1075.608632
1009.726232
1123.675544
1015.115456
1095.650985
1128.967221
1046.019528
1036.106971
1118.151162
1089.553868
1072.350368
1019.649617
1087.708412
1043.015941
1239.648221
1138.301162
1052.002986
1052.344456
1033.212044
1070.055544
1087.180029
969.497311
1110.485265
1121.643544
1093.324324
1116.313618
1039.975724
958.152103
1084.016912
1113.689574
1096.629779
1038.531490
1080.999882
1042.049338
1041.664676
1147.998074
1007.704256
1096.048279
1094.121794
1131.550412
1100.165897
957.792420
1089.936206
1106.685691
1082.195426
1076.609074
1032.534950
1098.324176
1024.654412
1027.863647
1067.449235
1058.256672
1058.971632
1084.921382
1110.374176
1141.909794
946.010791
1088.373750
1076.405206
1102.666941
1105.330485
1005.362057
1054.466941
1104.752397
1073.470647
1069.134647
1051.327485
1091.240485
991.874897
1008.321676
1088.966309
1084.695251
1084.687250
1071.356441
1127.576279
1065.719059
1035.646812
1023.291118
1096.577912
1087.255574
1042.679029
1063.456078
984.094868
1090.508147
1053.452441
1041.617088
1029.990270
1154.198647
1105.710147
1062.475662
1056.302779
1046.813242
1118.879750
1072.201338
991.338426
1119.663706
1006.260744
1065.258794
1018.277176
1069.753015
1045.803147
1116.270451
1087.811485
1031.496912
1002.741162
1059.015588
968.829526
1122.645191
1033.532941
1037.876985
1157.216882
1052.918071
1075.248103
963.848647
1056.995279
1095.930397
1044.046661
1137.411868
1053.682103
1166.868912
1142.488868
1137.284883
1180.761706
1104.784294
1107.059206
1059.958471
1001.352443
1155.714662
1069.847015
1090.303441
1081.073162
983.146459
1041.663632
982.996250
1048.851338
1090.934074
980.318666
1142.987044
1073.644412
1025.783176
1108.684691
1008.031109
1244.480691
1114.028779
1055.916809
1121.937618
1058.890757
1077.633118
1046.407985
1111.444779
1136.454441
1002.192509
1030.466515
1114.201353
1123.005309
1043.443206
1015.331966
1080.947456
1127.508029
1110.082059
1081.151588
1103.531585
1124.870176
1055.443221
1015.590368
1067.629118
1014.800483
1060.789441
1132.701426
1125.365265
1157.514588
1047.743808
1061.587500
1010.069324
1160.914544
989.951368
1032.227927
991.948368
1166.517456
1016.016309
1170.605544
1051.511723
1009.604882
1142.418897
1074.288176
1103.071794
988.591680
1129.141971
1077.641147
1068.606235
1022.937015
1048.378064
1081.814265
1018.149324
1067.477397
1095.854485
1016.378918
1079.052368
1068.679838
1155.303706
1085.591941
963.804831
1085.580515
1080.826941
1033.027559
1059.901397
1036.710259
1149.272382
1123.072721
1105.967618
1148.452368
965.238599
1043.022294
1061.143603
1020.977809
1132.995603
1006.626688
1139.638544
1068.658559
1159.830103
1041.186132
1116.484910
1075.922515
1071.728632
1120.470809
1112.669721
1151.124353
1093.493632
1052.409191
1076.537926
1071.246926
1039.649090
1057.649632
1021.384985
1062.043985
1084.125853
1059.238532
1079.324324
971.759412
1178.670750
1084.642941
1065.453739
1002.973500
1133.865721
1074.352500
1032.035471
994.060873
1070.382074
1087.796794
1057.177868
1105.454706
993.293742
1057.431250
1096.350588
1066.942721
1133.271279
989.868935
1053.038912
1095.717088
1007.941338
1129.152353
1073.933657
1018.718059
1075.336015
1115.452029
1026.857515
964.497585
1057.435000
1113.539456
1072.345647
1078.692059
980.943101
1085.177868
1018.079691
1152.536838
1099.739500
1048.594646
1160.408632
1042.383324
1097.405544
1030.060750
1089.936103
1117.676838
1045.864809
1070.584382
1104.771676
1005.938590
1051.924176
1081.041191
1054.125471
1059.545309
977.854621
1131.286985
1024.315250
1076.111162
1064.343132
987.324269
1078.038956
1141.960676
1094.216603
1133.454368
931.439903
1030.479882
1033.322647
1045.293956
1068.286971
1133.256007
1136.912338
1121.020382
1104.693309
1167.914574
1104.518568
1062.689471
1094.764279
1103.070000
1062.822559
1029.396525
1017.095500
1031.099176
1118.645279
1028.600603
1004.712776
1053.890103
1099.609647
1148.545853
1077.626118
1062.994601
1083.739618
1093.626382
1082.584015
1098.083485
1031.556117
1012.696456
1126.368426
1000.470912
1016.966824
1013.757104
1096.269779
1069.970588
1037.373324
1126.528838
997.209885
1051.178279
1025.875074
1054.785647
1072.849691
997.095768
1112.603853
1049.447176
1083.811603
1139.426176
