781.781912
678.742838
703.327647
700.459265
638.404113
721.964809
695.927941
677.399500
747.713441
630.823703
616.658000
641.187662
721.348235
639.315059
695.801086
642.189000
746.650456
737.026132
711.297618
681.207970
711.325912
681.733132
668.209015
686.798176
641.571766
702.712441
720.713971
683.714985
672.361294
622.675738
657.345397
708.962765
721.759500
647.707059
646.957548
707.518015
694.316941
707.846956
728.559603
650.552505
692.240529
673.764176
743.110309
688.898559
672.367962
705.811309
683.558853
634.279265
689.478397
633.229552
686.713956
702.592338
726.475706
693.245132
703.116465
686.382515
711.112044
722.206265
667.679338
607.424481
652.247868
663.493235
706.263912
654.022765
706.876085
762.310265
667.316735
645.954515
659.660971
667.649852
686.812618
712.040368
697.746059
743.791441
667.102735
707.622294
699.097574
754.278676
699.276118
671.748031
700.062544
667.505735
708.073279
757.435676
632.840473
702.355044
747.514338
747.220882
630.864926
695.658857
661.305941
643.887191
733.293118
714.000750
669.422947
672.845132
654.898676
643.933559
652.470794
636.292419
665.834632
608.963353
669.536838
702.052529
671.008082
670.577956
749.845882
638.379544
652.027250
682.985157
665.473676
688.354735
635.432044
689.560088
642.177776
683.100868
703.043324
700.291279
703.768824
626.805439
706.546676
715.366265
616.635324
644.333897
681.949793
719.588382
646.787338
708.934676
654.889250
632.150692
701.776691
749.298176
744.756191
686.850029
626.543811
692.300706
660.659544
752.709853
616.861426
644.767841
701.793044
707.781191
710.548324
654.141853
627.013666
642.283515
636.189956
657.283206
684.430750
659.943050
770.460779
661.497103
711.199647
716.948324
608.839522
681.043132
713.536794
718.481000
671.218471
585.844406
776.582279
706.762603
710.548500
742.522750
636.321142
680.413147
718.169985
764.380971
688.651647
696.646820
722.858147
696.463838
651.396485
710.807956
651.084351
774.422147
683.254603
701.764426
730.360956
593.419676
708.460456
732.989691
725.323750
686.565441
687.056251
693.478368
617.631971
704.461074
653.368368
644.557120
681.822750
702.299926
694.373088
713.827868
691.895945
702.706015
743.059103
659.475162
672.567397
655.034343
675.397309
696.444044
746.905279
692.230368
635.806374
664.994441
744.339794
734.553779
749.350088
617.154611
670.745971
683.621721
687.557162
688.952382
641.753862
673.123603
728.703147
650.529162
668.917015
601.943172
714.106853
748.895074
641.660926
762.381471
659.178174
724.678324
642.130250
701.125132
642.480059
610.830528
673.959544
708.777206
729.091676
736.397324
652.559809
676.365132
733.656721
652.090765
660.321441
604.776545
700.840956
684.744706
679.269471
809.787721
648.650059
597.608385
673.451324
720.888074
674.234735
738.252456
618.539842
701.090426
691.525059
717.289941
627.361368
678.180358
661.395279
701.848500
732.544691
719.532779
680.793301
644.934647
707.725941
672.731618
670.475103
659.410935
699.572353
739.588735
641.597103
659.700647
684.910245
720.114000
619.803206
720.394529
686.551574
642.861202
690.077882
715.169882
676.972588
685.031015
640.272145
642.075676
686.507662
697.463294
674.092059
625.762970
715.205338
727.816397
710.577721
627.017029
572.416250
694.009765
637.990382
734.176647
757.371412
717.661149
646.213750
639.124559
652.520662
726.075750
675.323606
722.503147
694.104309
722.021221
665.260000
616.670328
795.836882
722.005485
659.284574
701.196926
734.159462
711.180294
687.924132
666.147750
718.074735
696.645419
726.497941
685.222485
672.315382
711.659765
626.476053
658.132632
659.982176
652.945221
711.048250
657.814216
661.932176
650.119544
680.628412
726.754500
611.326350
736.592103
784.273074
654.786485
639.114750
621.424292
573.434294
583.420794
697.205412
674.303500
652.960514
674.507882
705.544824
652.105294
675.808118
636.591913
651.095176
671.654338
685.301368
724.354735
658.316355
713.419574
692.314897
634.152221
779.605971
596.752754
711.665103
695.148044
639.732574
702.530544
708.490034
671.227544
675.406412
672.973912
739.669382
610.303389
659.083324
655.136279
681.817603
721.262618
695.159817
653.101176
703.033103
651.268206
655.592838
620.805994
717.097574
728.186324
690.216485
710.773941
693.012922
652.684706
727.399750
589.614941
736.636544
617.692688
708.156529
615.698235
708.273809
723.153176
652.463807
670.787985
722.334265
703.250471
722.891824
739.180176
684.018721
671.802103
707.570515
736.175294
623.157148
686.021132
699.569309
657.140162
720.038735
587.348856
635.734265
666.614588
705.192265
644.791838
652.310445
685.126000
669.619618
698.202206
660.500750
551.328961
620.804971
600.659559
753.709426
716.718574
593.299360
737.752471
680.385059
712.070750
669.153603
675.336332
690.833059
649.291044
693.493926
735.202324
661.795480
698.181397
678.487176
666.389132
794.115868
695.479290
727.486029
731.491206
631.796882
702.887368
676.942248
696.312279
720.627191
752.936721
657.884397
619.597793
652.204824
661.078956
695.240897
794.980191
692.642868
673.156088
691.848529
705.271926
687.599265
607.693767
736.687206
661.947853
751.649838
745.706559
643.588180
695.562221
667.555324
691.166647
749.706588
641.917446
665.949294
742.706603
718.210926
663.322500
678.050727
646.378456
756.453971
657.096118
721.045250
650.273596
646.113309
671.702250
724.062721
667.382456
610.508332
740.669015
689.982191
656.465559
711.709985
690.520981
700.863059
660.006044
755.389691
645.704544
612.822335
778.737765
690.442338
713.684779
655.513426
565.386542
687.845235
653.189412
782.014353
708.813456
564.102852
774.348162
700.247985
759.787132
644.958515
624.715280
717.778015
681.068191
692.015912
576.087912
584.610752
615.639603
658.688515
684.871485
702.365368
617.438636
679.866735
669.676882
705.692779
705.959485
592.268667
711.857265
614.369794
693.429294
751.895794
610.690271
716.046015
679.015118
696.289735
700.334265
633.373728
680.165221
656.575382
625.822500
702.818912
580.787803
690.449868
714.837985
693.311235
607.526382
617.229981
680.509853
624.205044
724.833735
687.250691
609.107321
675.543618
701.867250
713.811662
695.654926
758.126955
745.927985
698.503176
649.508956
714.983368
637.484662
712.689956
738.168074
704.883691
708.543324
690.658281
607.859294
660.237147
652.232000
699.938441
659.849870
678.171250
691.113412
635.744838
664.694044
547.949798
682.653721
726.107971
617.654132
749.786853
626.627329
688.456426
687.796882
673.801294
772.560000
610.503772
755.170044
680.168000
663.570779
683.932353
649.595494
691.051265
696.214221
642.520294
780.630794
696.643716
650.466250
673.482691
668.341382
659.550926
634.836746
713.649338
698.446779
675.816221
706.177618
645.304395
720.786029
692.197632
680.446074
684.964294
721.668455
620.362500
669.168279
633.312676
718.957559
706.117398
677.227059
652.502412
747.309735
665.841088
605.388281
651.725706
707.054868
714.865191
688.420926
595.957591
674.174691
683.281897
670.574853
697.178691
691.052255
679.902603
650.133926
650.294088
702.733147
589.094668
748.760382
684.818176
711.537441
667.303721
678.811154
741.374353
678.999824
731.252176
711.469074
673.812994
689.096838
716.313691
658.853309
636.339044
588.529525
684.317750
698.765868
707.508353
643.917412
647.492556
662.700353
628.592765
701.868647
704.239044
626.580513
634.106691
684.519735
698.055912
679.819279
674.232558
674.131941
771.888853
670.556162
724.992029
652.324633
759.040382
670.413265
631.539294
712.863412
573.218252
721.989779
687.149794
711.618368
658.018941
624.527283
617.322000
699.308603
720.424059
779.210603
591.600667
619.344838
703.769279
717.778794
702.979500
651.999565
670.778559
703.498750
712.625794
718.308632
691.303346
676.747735
702.854912
682.151853
668.480559
630.553553
671.409500
624.930588
717.260397
645.977529
650.126378
647.132000
608.946221
659.881824
694.909294
648.848203
661.416735
658.393912
771.835706
699.369882
606.754528
721.213824
668.376662
646.834706
680.807574
547.560544
651.720015
728.888397
684.659588
695.258721
657.568898
667.759574
683.688088
694.212441
713.527059
584.871179
680.929118
702.797176
685.429574
678.276088
580.064210
691.570294
642.758868
695.157618
681.030250
696.159976
711.870279
725.529735
703.572750
713.570926
658.310272
717.144044
670.815176
691.231794
732.620838
650.093155
682.927485
665.250441
722.722515
660.104662
652.582789
719.276779
696.572897
660.359647
664.475853
618.765967
689.950603
628.590132
717.228882
710.011647
585.033498
721.771809
604.731044
708.006324
673.151309
622.961999
669.240059
777.175750
749.571088
723.835956
600.345442
787.645824
729.747118
653.012382
723.693324
612.961325
641.754824
692.945838
701.322691
678.364132
614.037562
674.306956
643.378338
605.910074
683.613088
696.101990
639.731368
680.678926
691.027853
772.161618
650.089212
743.250882
641.282118
658.233882
647.208000
662.137463
772.593735
681.595074
647.393191
680.448765
691.254185
642.331735
791.408015
701.491471
668.213088
625.142040
736.019956
724.617706
665.736882
711.946588
654.263114
710.855324
711.742132
654.806750
709.295926
735.983660
699.821529
685.994750
644.235515
670.208338
669.655808
640.028426
686.660882
682.305603
647.026574
667.789854
752.851985
709.327676
688.634765
652.179838
664.924899
660.580279
729.483471
670.288412
658.107029
709.778195
706.620941
724.377294
688.198676
709.603000
631.758446
729.395588
660.543706
643.031382
681.742397
611.718668
669.923088
635.429265
730.067471
656.442647
649.390875
733.062500
666.284426
747.048324
668.703132
694.378068
704.290103
639.319471
662.656426
685.329941
643.159834
693.616971
712.153632
703.747147
729.400456
544.707144
691.778956
713.579838
717.850882
707.316441
620.142881
722.191088
689.445250
704.016324
710.129118
670.650897
773.801647
668.424353
659.803250
672.904485
708.784222
677.577250
714.896971
758.772044
686.850191
664.026562
746.066118
785.877176
679.445353
714.021603
708.200916
667.137471
639.377544
666.810382
672.446294
631.811770
643.051897
661.695265
699.573103
707.625279
615.880242
689.372441
748.755074
728.288015
710.894103
642.912288
645.663882
741.962559
655.385441
672.291000
653.725716
751.745882
686.679279
725.160603
729.553426
619.624173
653.582206
731.529471
716.913206
712.320956
681.878895
693.587162
642.783824
635.829735
702.267721
656.753926
756.091191
655.676206
629.035956
623.015809
651.707545
639.189235
708.433132
669.606353
701.194368
614.368384
611.617397
627.623676
701.306838
705.462382
620.243209
728.315132
759.590191
651.272971
699.001353
676.930137
629.343059
725.814941
732.736353
666.155118
581.079094
681.382044
666.557926
622.092544
740.779721
639.600051
738.190426
600.371324
666.324956
636.507750
665.646126
673.928103
756.344191
657.352000
643.402426
711.725275
733.842912
747.843250
659.036971
717.944485
637.487541
695.446897
660.493779
691.450412
729.870971
629.934733
685.625382
759.455824
652.103059
688.194765
626.195544
626.864397
662.600853
604.036971
735.490691
644.372545
641.628412
669.763265
659.150765
715.240765
673.670973
687.891897
681.899412
716.289588
678.054765
651.501224
709.033191
662.050324
678.602897
738.560529
