2255.217941
2378.175912
2239.525015
2366.973309
2299.640348
2526.172471
2368.686824
2153.431853
2473.291324
2267.769541
2421.344000
2432.764838
2274.864706
2287.716853
2404.968307
2287.289676
2482.593294
2308.908000
2581.337324
2358.787367
2170.032838
2612.854324
2440.464500
2381.955868
2162.097060
2359.363132
2637.125603
2107.956882
2480.196162
2466.933649
2284.350588
2247.028426
2437.832059
2267.745235
2313.710842
2163.958529
2464.006941
2437.114456
2345.306559
2360.983593
2498.467632
2437.326162
2327.881485
2398.143912
2311.768933
2290.257265
2215.991632
2403.085382
2734.143750
2348.776567
2288.412059
2394.387515
2540.365353
2234.620191
2357.486200
2401.535618
2409.655529
2322.479574
2268.154985
2244.077290
2475.700721
2375.995235
2374.550779
2380.670500
2427.596277
2351.418750
2438.403706
2366.946118
2265.580779
2219.955116
2361.572721
2440.678162
2459.240588
2049.038368
2343.210765
2291.727485
2357.123279
2373.158309
2356.844926
2147.071090
2250.627882
2499.643809
2560.006103
2521.805044
2248.106870
2780.958088
2063.065074
2318.824868
2437.103676
2340.353269
2349.423500
2516.351294
2173.053662
2537.485044
2286.614800
2288.091147
2402.994456
2612.737868
2302.949103
2310.224816
2313.570956
2474.481779
2194.999250
2399.432309
2465.426052
2488.781956
2398.724559
2183.677882
2157.856426
2491.282760
2545.715147
2228.869235
2421.110294
2292.388603
2258.556187
2375.140294
2228.472662
2401.610059
2395.520588
2198.067424
2399.299971
2325.523779
2492.458088
2506.666000
2298.629646
2413.013662
2182.249529
2387.863632
2434.313500
2412.733148
2404.814603
2263.903000
2376.297603
2706.631647
2335.210928
2430.789426
2340.539279
2455.672441
2574.785294
2429.743518
2276.043662
2377.285088
2444.733676
2475.329412
2350.337769
2159.169868
2506.449838
2315.282824
2274.598882
2280.371550
2407.234074
2406.055309
2437.256412
2469.400235
2364.850199
2362.701132
2390.589647
2273.253706
2466.998632
2461.711420
2483.547368
2377.939574
2446.779956
2417.604706
2546.685672
2265.873412
2322.285515
2447.104162
2375.941809
2186.037041
2673.968544
2489.259632
2228.149162
2350.465941
2090.479910
2215.693176
2656.095897
2233.152500
2426.560471
2414.638044
2405.147294
2341.035485
2348.694147
2292.445838
2331.339972
2560.652956
2520.126676
2547.172676
2479.404529
2398.027605
2330.377147
2575.391794
2322.934662
2327.414632
2378.043783
2234.314750
2185.409706
2485.554059
2153.907309
2401.966167
2219.162044
2560.920676
2438.035162
2240.104779
2508.719006
2481.484809
2345.765912
2176.514603
2194.527897
2321.291302
2515.514074
2498.483647
2288.214941
2411.112059
2212.167480
2498.766603
2316.957074
2500.614838
2400.080926
2312.727555
2256.035191
2423.735176
2513.458765
2310.410515
2403.622144
2279.629603
2480.884191
2468.453044
2384.121015
2320.835410
2245.434368
2344.235206
2434.584397
2374.541324
2184.177750
2416.186618
2628.811412
2511.553485
2536.171412
2517.707560
2392.842529
2536.276235
2241.047574
2265.633265
2270.293926
2174.930915
2225.796956
2308.572103
2498.461721
2416.319382
2400.085048
2362.983882
2254.752088
2209.174765
2456.020662
2343.710667
2370.774676
2339.507809
2685.256985
2330.855235
2329.700580
2405.434971
2307.793250
2151.838338
2148.774397
2346.878052
2372.324074
2334.012250
2476.268647
2402.281441
2188.788495
2593.247279
2315.244809
2378.858044
2356.678676
2490.694143
2523.513279
2336.177853
2348.096176
2349.591368
2277.027645
2341.222000
2266.944544
2406.442029
2328.288412
2066.613323
2392.056941
2205.752735
2260.957824
2212.674059
2239.115809
2633.230735
2383.606250
2363.222147
2551.860735
2184.902017
2356.148882
2553.323471
2402.381765
2387.390588
2420.116886
2251.946029
2324.307794
2472.820500
2273.293235
2266.641755
2371.690809
2348.697956
2507.815235
2135.264603
2326.168991
2444.162912
2414.138750
2402.920015
2210.080309
2375.577022
2400.954838
2359.272662
2408.666279
2446.833647
2251.151715
2542.026779
2368.853529
2664.516044
2439.129882
2327.629290
2422.793765
2305.881574
2468.604603
2446.580853
2275.047938
2359.901456
2466.087838
2367.108324
2299.130074
2226.908807
2292.374324
2131.294765
2237.813191
2333.608324
2563.685338
2490.792515
2302.370338
2625.372265
2132.096176
2352.089383
2368.389324
2447.202603
2371.016235
2231.237368
2270.557179
2468.766074
2336.498015
2201.219294
2337.696412
2366.965254
2216.958838
2386.230926
2467.243809
2573.148029
2432.212299
2466.068647
2470.089294
2402.208000
2433.170882
2258.107006
2581.569735
2326.097176
2380.320912
2517.332279
2352.988993
2365.283794
2487.857912
2373.158235
2212.730397
2256.823789
2326.725132
2250.765956
2383.936074
2428.459765
2557.127952
2370.456721
2288.848588
2494.148412
2641.957338
2475.310688
2386.760015
2247.708412
2225.945897
2424.085647
2232.776425
2458.850985
2448.810059
2372.909676
2349.593382
2282.497456
2406.374515
2312.450618
2384.247603
2361.328515
2211.197898
2308.004162
2409.669588
2416.491691
2396.513779
2205.522459
2654.868735
2296.316426
2428.726779
2304.464279
2417.533107
2429.762221
2336.926471
2493.030059
2342.840779
2283.528991
2365.418397
2525.988559
2228.238544
2383.918103
2473.057507
2214.146221
2277.323544
2477.890765
2496.158206
2322.953670
2437.538971
2464.292941
2356.727838
2334.095676
2375.750039
2547.923000
2300.455147
2367.417603
2261.472000
2369.041555
2132.874912
2319.386926
2460.311176
2335.007044
2115.033821
2370.091676
2387.147132
2337.847691
2371.441471
2263.182102
2587.047941
2221.060809
2364.646691
2403.714250
2353.211942
2285.852500
2414.235500
2375.847456
2719.569941
2483.324325
2313.306382
2230.426735
2438.185676
2338.345309
2311.234033
2627.159897
2517.641853
2363.497779
2257.191735
2407.097975
2453.288191
2200.606574
2524.181294
2353.373000
2261.024271
2339.575147
2210.992471
2382.107750
2398.113824
2414.095257
2525.090706
2543.662868
2441.909632
2490.947574
2455.465009
2424.743353
2200.022029
2249.838279
2540.335882
2357.773113
2455.469132
2087.554500
2459.818132
2448.122118
2301.861070
2270.267853
2314.897926
2284.495235
2487.172765
2500.109542
2112.540206
2393.968926
2205.601971
2622.042279
2218.859308
2445.719368
2244.165441
2383.270838
2590.487000
2158.749854
2583.254132
2247.105515
2361.900721
2366.104691
2025.745370
2246.912426
2554.767529
2349.989074
2335.420706
2328.680327
2250.562118
2322.015426
2438.802882
2334.572206
2426.529667
2497.238750
2425.870221
2296.542750
2456.677897
2425.711139
2361.283632
2415.097015
2546.955000
2408.218397
2278.715552
2306.043176
2386.136191
2505.666588
2372.567809
2351.843730
2425.470985
2311.170221
2221.587029
2576.582897
2216.010790
2369.711368
2380.308191
2364.804809
2395.652779
2151.708983
2372.705456
2437.510147
2096.416647
2342.986588
2285.988455
2363.370515
2444.197691
2260.678118
2381.801338
2493.509985
2202.899618
2359.696132
2462.389162
2486.304941
2134.146854
2198.690132
2578.259206
2259.968926
2482.938324
2291.356312
2595.783632
2297.510529
2489.076471
2423.284265
2340.132107
2353.196088
2571.311176
2287.029985
2338.187279
2287.583770
2296.736588
2508.363559
2521.336235
2546.542353
2203.083227
2541.492824
2426.995971
2500.988265
2395.605735
2365.822052
2460.841588
2388.239515
2671.514162
2308.046250
2401.146966
2576.803059
2432.878147
2320.697000
2420.967588
2256.916232
2290.304309
2457.609074
2256.872221
2318.637015
2382.659968
2248.479191
2491.107559
2333.946338
2556.826059
2317.374896
2156.845294
2450.873853
2393.611309
2307.669956
2520.788545
2378.597176
2573.945500
2338.489529
2368.042515
2223.229958
2344.798824
2435.936176
2485.993912
2357.634147
2273.907371
2317.278750
2358.754824
2303.174279
2390.850676
2413.305725
2247.469059
2283.229691
2435.097515
2299.325706
2318.570359
2340.890265
2450.468456
2595.764559
2432.916735
2342.521199
2440.353779
2305.661162
2091.813574
2447.474676
2257.855273
2390.064971
2418.806824
2272.455265
2319.381279
2277.570628
2372.843029
2375.448441
2478.123544
2381.844265
2168.643232
2307.525118
2390.937824
2634.356353
2236.898868
2252.229160
2410.913118
2485.212382
2205.458456
2476.282294
2264.030808
2430.929956
2316.100132
2400.783074
2233.506191
2193.173619
2312.203191
2088.208824
2339.061809
2271.626853
2238.379414
2386.729441
2349.107956
2323.103544
2328.881632
2516.503357
2272.338382
2479.979500
2283.642912
2289.406485
2443.501799
2504.680647
2305.224676
2377.368118
2409.933397
2333.104418
2500.766235
2598.841456
2283.556985
2235.835265
2242.799728
2220.899735
2698.028103
2571.031088
2523.903926
2435.712730
2468.544676
2313.364544
2364.520441
2256.477265
2413.699569
2369.757897
2167.923765
2461.957765
2518.335397
2393.876894
2451.653221
2361.040382
2339.692471
2561.396265
2087.828116
2477.336618
2432.264603
2466.655294
2331.627265
2369.952324
2416.657279
2365.616206
2317.369265
2488.315765
2161.145898
2389.320456
2272.707809
2465.476941
2346.971618
2426.365488
2432.537956
2572.086735
2408.050250
2304.322779
2204.412225
2428.087412
2574.009029
2542.170412
2198.321118
2160.192917
2527.144868
2514.688676
2404.143603
2319.746324
2349.083345
2141.966294
2423.214750
2368.962368
2325.886941
2458.803038
2627.967309
2291.628529
2722.821015
2359.156147
2328.059936
2405.868662
2224.687529
2211.457706
2349.479676
2410.277335
2628.784015
2370.368294
2374.674824
2256.447412
2262.580145
2381.373456
2475.912588
2307.972015
2352.099294
2298.177234
2408.770647
2187.534721
2324.647191
2500.666882
2413.639765
2543.528912
2369.376838
2411.233706
2477.294868
2149.242737
2458.539676
2133.416029
2507.988397
2362.326662
2307.989430
2313.343529
2432.643971
2256.369912
2388.566500
2367.020887
2431.195809
2356.892074
2371.082015
2482.145456
2282.381080
2335.089309
2389.737382
2374.056971
2425.075750
2272.231169
2169.309647
2422.480074
2283.499794
2469.313265
2504.747523
2399.274956
2332.128765
2399.673191
2697.425618
2245.569878
2323.795471
2350.884426
2424.799750
2473.495735
2258.396747
2243.771882
2247.921574
2367.759309
2628.262412
2155.766557
2221.057294
2365.918176
2430.100221
2278.119574
2293.844544
2533.292647
2477.432412
2250.137529
2496.285338
2122.586501
2412.085147
2155.885309
2171.013412
2254.394441
2393.765693
2465.144765
2398.697603
2352.718853
2499.863691
2351.523724
2434.052132
2337.578279
2269.958191
2356.566029
2530.432564
2657.267044
2330.551000
2253.757147
2306.800397
2444.656153
2304.404647
2306.740338
2308.502162
2433.909029
2338.851449
2490.597838
2512.640132
2263.797294
2376.830074
2289.014936
2368.006956
2187.097956
2244.488235
2238.211926
2415.657069
2394.873044
2553.150765
2242.511985
2305.361897
2328.628674
2459.435750
2217.278132
2393.788897
2397.361515
2363.162881
2319.527647
2391.351471
2476.391838
2341.957132
2551.140765
2337.084735
2394.425647
2486.071588
2284.325265
2255.034854
2272.659162
2337.208044
2318.026912
2381.138529
2244.595620
2439.760529
2300.863721
2410.418750
2545.131471
2519.867725
2433.312441
2421.281015
2363.009926
2329.071029
2345.505123
2314.360662
2438.967941
2298.908735
2198.626250
2578.562727
2382.321368
2598.868824
2403.722029
2305.488471
2344.942376
2287.552279
2391.299868
2263.753956
2164.838191
2185.186568
2198.663603
2625.000838
2519.546971
2623.048088
2368.817879
2352.798794
2261.245941
2424.123941
2413.212265
2294.601159
2289.172250
2380.189118
2436.721015
2319.580985
2147.775161
2261.089471
2496.292309
2621.654338
2453.169824
2251.351603
2219.045750
2267.675103
2308.000618
2411.882691
2184.442355
2525.775382
2307.941765
2262.621838
2301.441265
2429.760327
2451.970618
2161.085456
2339.191118
2366.602912
2189.318063
2600.868412
2544.328985
2259.418029
2324.318029
2347.441403
2432.597676
2227.060353
2169.541397
2355.347809
2224.295713
2397.525118
2393.914529
2335.008426
2268.033882
2156.730656
2331.797706
2456.108824
2392.643074
2268.153824
2262.173010
2326.036765
2429.464471
2312.517044
2464.818338
2363.031659
2328.891206
2257.472824
2355.319809
2462.783147
2281.940028
2234.855029
2243.869338
2300.017044
2345.475162
2403.242102
2427.614897
2498.205324
2465.703147
2339.020985
2207.747089
2206.681456
2385.280485
2497.795074
2539.699382
2272.431693
2563.264206
2332.879853
2355.945147
2315.017868
2286.921430
2304.585029
2314.220603
2492.034103
2242.304971
