1875.223897
1665.864412
1625.183926
1821.148412
1550.503966
1617.697324
1670.337015
1667.852338
1735.613691
1735.219261
1724.190779
1645.653956
1730.965971
1637.047824
1663.449483
1622.392971
1763.051074
1582.013456
1850.163956
1674.361088
1476.591279
1743.433265
1633.011941
1702.866588
1555.296986
1684.128809
1727.388515
1665.430691
1797.316750
1533.628414
1739.478338
1749.734500
1609.373588
1637.298397
1556.775342
1760.846397
1628.575912
1597.914544
1736.507324
1668.460784
1766.124324
1703.588485
1652.775426
1611.353956
1735.768036
1608.718676
1745.348471
1598.748074
1686.977809
1609.561375
1560.300059
1810.407132
1656.338397
1722.684265
1651.884274
1749.344853
1777.370574
1737.354824
1761.569721
1540.647966
1636.491971
1685.126765
1690.736324
1613.582294
1634.516174
1582.907265
1715.501941
1721.952456
1644.971338
1494.428734
1641.758794
1724.004824
1613.260088
1671.742471
1597.405250
1618.142412
1603.752912
1654.065191
1660.417779
1566.562443
1547.789309
1542.239618
1626.211397
1615.110412
1595.368723
1700.432897
1676.807456
1649.809265
1677.334441
1708.027813
1669.499456
1794.065618
1598.930632
1633.557809
1772.414638
1597.264029
1709.458824
1738.284515
1648.222838
1631.093110
1619.942191
1765.801368
1816.665544
1728.808485
1698.371479
1509.419338
1559.208912
1654.431574
1711.438706
1618.451260
1770.889044
1633.885809
1672.442853
1681.548382
1654.004879
1632.752324
1653.620059
1717.218971
1610.019309
1548.429527
1816.591706
1741.805294
1554.346147
1804.962882
1645.312573
1701.570794
1663.589176
1787.284132
1648.069221
1661.555515
1690.739500
1528.661809
1704.131750
1602.859074
1567.662958
1663.148368
1574.755985
1604.436838
1627.477103
1741.764033
1766.317779
1760.472500
1710.481074
1584.227603
1608.905828
1674.984544
1842.025897
1676.182412
1804.264235
1602.949168
1558.970676
1731.456662
1693.351103
1648.493059
1634.477037
1752.824206
1661.449985
1687.452147
1823.804956
1576.139053
1659.592824
1679.217544
1682.512676
1701.546029
1688.915157
1828.539985
1683.963765
1831.612132
1579.896750
1649.145717
1683.743765
1757.981750
1748.542794
1734.521397
1569.273292
1714.879559
1886.940853
1643.350956
1779.249662
1729.259294
1632.665382
1671.143691
1566.862235
1756.629779
1684.305486
1760.867103
1567.044250
1734.304441
1637.958809
1630.231091
1635.735235
1670.052500
1620.652853
1666.528971
1602.382504
1711.659603
1658.712912
1594.166868
1622.589912
1669.229005
1760.043059
1645.522456
1728.372132
1716.823985
1543.362977
1747.341588
1546.794176
1607.317985
1710.361235
1529.411170
1584.761588
1667.872956
1760.452794
1732.402544
1642.124259
1687.190029
1694.548324
1743.265603
1559.607500
1531.531334
1709.897074
1584.553029
1800.247515
1775.157235
1658.009791
1640.261809
1701.372132
1736.444162
1661.898074
1862.652852
1598.896603
1664.863529
1659.516544
1681.634559
1554.563324
1764.393191
1678.577471
1811.923691
1529.093985
1664.059545
1630.381809
1624.708485
1643.558309
1656.027544
1621.452059
1580.661150
1707.180059
1683.702338
1767.534794
1720.180926
1528.527048
1820.912015
1792.300515
1715.937324
1694.350103
1548.927858
1691.732162
1848.306294
1679.472647
1650.055632
1530.848992
1674.879309
1700.726176
1548.281853
1763.075588
1672.248317
1627.314574
1700.785559
1840.926603
1858.051985
1668.411216
1822.886000
1616.462985
1684.382765
1839.998971
1567.615732
1723.350176
1593.823309
1630.882088
1714.168206
1492.576836
1583.956118
1666.576235
1727.979971
1629.986897
1502.201837
1636.724735
1659.034103
1624.397588
1636.391265
1729.524780
1679.926485
1741.519706
1673.341897
1736.540691
1660.794399
1630.634044
1653.072603
1614.335603
1672.897603
1669.700665
1688.661897
1828.323647
1688.092559
1764.009485
1633.048372
1649.531588
1732.288618
1653.340176
1696.417574
1601.367447
1533.681044
1684.775324
1745.748191
1690.255794
1625.734066
1778.148868
1791.379838
1644.109221
1676.501441
1658.259332
1606.099544
1693.281441
1735.334074
1739.575941
1689.196687
1605.031500
1748.763735
1687.390794
1770.617441
1596.967409
1727.219103
1689.890221
1520.345544
1681.956191
1601.548704
1688.215574
1642.089353
1691.065706
1607.153824
1706.985044
1703.881191
1719.541500
1724.704132
1699.833735
1605.305324
1757.065765
1645.220515
1614.386471
1687.744632
1570.042826
1613.461235
1770.110412
1652.841559
1619.173147
1708.830592
1702.797824
1741.916603
1692.672015
1649.765853
1642.752534
1720.789647
1765.728853
1596.594221
1665.777647
1572.616433
1605.681176
1608.759235
1746.628529
1675.929779
1614.034655
1646.509147
1622.815103
1672.555235
1627.959838
1619.425583
1540.965824
1714.659779
1820.375765
1651.440206
1526.694349
1692.214279
1625.695676
1627.227662
1682.838676
1804.476777
1689.606588
1662.640794
1739.645735
1707.011985
1627.551572
1550.951368
1720.368279
1565.570794
1682.939088
1664.097559
1714.670971
1718.968191
1691.130044
1595.791529
1619.254134
1650.768221
1627.029559
1681.996676
1680.993265
1718.492929
1800.626074
1678.776971
1728.975544
1603.886368
1552.568063
1566.988206
1788.019985
1787.272515
1646.757088
1711.341197
1603.204588
1688.451235
1541.108162
1757.744750
1572.163007
1528.547750
1674.553515
1803.347618
1601.416985
1572.987155
1683.289853
1791.539691
1724.418868
1589.798897
1646.217113
1721.374868
1641.567000
1710.725206
1648.639735
1587.302129
1586.719412
1746.481000
1647.333750
1659.068015
1621.782615
1695.395559
1873.748088
1682.590838
1769.659853
1766.925396
1744.180691
1549.146985
1693.252206
1642.526221
1707.686265
1586.156706
1730.002176
1743.633662
1727.859971
1589.327208
1544.214838
1847.304471
1693.266618
1580.892206
1622.087341
1589.200985
1689.596985
1800.055912
1565.061118
1582.027755
1804.083250
1631.183529
1700.249897
1639.792647
1624.515344
1562.138574
1642.840691
1765.844824
1655.433456
1639.194772
1781.795971
1697.237985
1674.464735
1637.819132
1546.310156
1726.411029
1665.772088
1705.851235
1713.158471
1730.385951
1783.451662
1675.164529
1714.050412
1703.449882
1642.387056
1624.599588
1664.777824
1556.016912
1774.187426
1687.187748
1688.452147
1755.779279
1540.488059
1635.689382
1649.228514
1506.047662
1663.831294
1659.923059
1706.377353
1560.362177
1780.280132
1582.212559
1772.970118
1647.928147
1561.554752
1623.234132
1870.963471
1697.222515
1625.989603
1700.129371
1573.927191
1687.687985
1700.515868
1593.611956
1670.112064
1746.331426
1654.751118
1603.271397
1732.316074
1640.668448
1766.827765
1762.438279
1744.881779
1741.695103
1659.158199
1766.498691
1748.812838
1708.054324
1525.543338
1653.602950
1606.931971
1628.881221
1611.753897
1913.086956
1625.632231
1826.221088
1756.109706
1754.353176
1564.505676
1663.621556
1735.238735
1676.748647
1622.132588
1709.598956
1617.007881
1756.280765
1559.899456
1694.789250
1646.176000
1636.957074
1675.455029
1662.000691
1688.314397
1703.132353
1659.143987
1754.642926
1701.046471
1785.399735
1910.551882
1620.086915
1721.211338
1617.370324
1609.114147
1667.637897
1642.067489
1575.397794
1788.101412
1706.681426
1848.865706
1586.548094
1587.020853
1799.489706
1790.848838
1738.050250
1604.518448
1724.546676
1648.155176
1759.110735
1662.433118
1595.549979
1706.091118
1799.113971
1717.951603
1779.978544
1637.331333
1753.192882
1749.692853
1571.936324
1713.044412
1671.675908
1602.736956
1753.756735
1835.271206
1706.782368
1635.029792
1566.829868
1831.726868
1744.554294
1638.997103
1692.290558
1512.099397
1572.029294
1701.137132
1660.543750
1773.198956
1613.548868
1882.719426
1737.149338
1776.641882
1702.221634
1615.562191
1631.788338
1624.637206
1692.758456
1752.975415
1680.888426
1667.408294
1626.484588
1633.967529
1730.045975
1572.444162
1692.754162
1793.975485
1658.535882
1568.348138
1617.710691
1757.906676
1785.659206
1831.595191
1606.550684
1678.191176
1600.535588
1766.483632
1675.180412
1581.300685
1707.878853
1600.049676
1722.189088
1584.890632
1678.496407
1578.255176
1595.998132
1696.243338
1638.564265
1603.878364
1579.212515
1609.868824
1693.340132
1677.327868
1672.195954
1708.601721
1698.753868
1609.887721
1635.530221
1576.760044
1826.934118
1656.616838
1641.792603
1707.168618
1570.206839
1675.006103
1684.423456
1642.582382
1631.328618
1660.060120
1561.908029
1633.633250
1756.604000
1821.784691
1582.663695
1738.399044
1763.409221
1870.918353
1757.117132
1689.315137
1572.243941
1657.099353
1631.693338
1786.937147
1715.197198
1745.513941
1698.034074
1636.301941
1767.390882
1620.934523
1640.683250
1886.593044
1813.164235
1637.226324
1721.894215
1602.710544
1555.452074
1603.771176
1591.705735
1694.309128
1695.289426
1574.519118
1870.815118
1585.994926
1730.112159
1690.693985
1664.115632
1697.389279
1605.222059
1627.038337
1680.168074
1732.562868
1648.635426
1752.342956
1602.298735
1699.213485
1816.983235
1574.348897
1859.686324
1737.521398
1651.059162
1713.588265
1728.725309
1638.814279
1631.832826
1630.277221
1610.386971
1762.302088
1756.632000
1567.550078
1610.533279
1817.972985
1667.616456
1740.622176
1583.603697
1674.147309
1800.843338
1704.939265
1760.397809
1768.389286
1693.853618
1697.926603
1697.733118
1718.327368
1694.664097
1525.897235
1696.645456
1737.150309
1553.177456
1642.297451
1685.834368
1669.700882
1687.992897
1555.884838
1608.581026
1708.810015
1729.134603
1827.758721
1665.273676
1524.533968
1659.379632
1676.103118
1558.602309
1600.337088
1713.559955
1766.205559
1514.538265
1639.681250
1766.748559
1555.025000
1684.977691
1774.690485
1712.222750
1706.725485
1694.503296
1575.683206
1719.754456
1624.248721
1637.940426
1678.868930
1734.339515
1635.485632
1667.745338
1613.176544
1644.655269
1605.368044
1847.973368
1688.838397
1616.561838
1515.879991
1567.420132
1742.281250
1644.789265
1697.121985
1630.458978
1567.875000
1721.644824
1635.985794
1650.546926
1685.736715
1656.790162
1716.567618
1687.140132
1772.096603
1555.155598
1511.474456
1748.441132
1761.664426
1695.818309
1653.865291
1708.452529
1648.944426
1745.040471
1576.194515
1622.313704
1632.703382
1717.751603
1760.286971
1657.426559
1524.791691
1645.773956
1657.374691
1499.130691
1734.786338
1740.583751
1637.057250
1610.728647
1638.163059
1630.110206
1700.688399
1601.401956
1620.117088
1685.549765
1587.861309
1721.855768
1641.144088
1773.541882
1707.362603
1668.397853
1611.524740
1787.579632
1569.689235
1706.893471
1735.253824
1706.988183
1641.771647
1558.550809
1746.494118
1696.728412
1696.813567
1683.720279
1585.448368
1697.451603
1722.539250
1798.341568
1791.158132
1647.422941
1658.191574
1661.031618
1714.497246
1703.476191
1704.542309
1760.662250
1855.669706
1596.945688
1754.391044
1667.919132
1714.551103
1729.743015
1733.802307
1628.900044
1860.798853
1941.239059
1674.683162
1686.401691
1544.835691
1684.868500
1702.766838
1603.108221
1607.136590
1720.566662
1625.621647
1626.073721
1770.827132
1676.356547
1704.449074
1879.742897
1688.775941
1712.466603
1722.853357
1688.508471
1678.219926
1661.682103
1701.094074
1649.260756
1683.491059
1639.922059
1682.450412
1764.657735
1666.183330
1672.257324
1578.839147
1613.424471
1698.642588
1664.192979
1644.637691
1593.281059
1721.639456
1734.316206
1662.001848
1734.017912
1742.480044
1708.587279
1715.009632
1617.445173
1650.178588
1761.015676
1732.520721
1674.016309
1656.618777
1689.049574
1607.904941
1796.372544
1731.315838
1637.079514
1560.412176
1593.460029
1643.471941
1727.966118
1669.389427
1643.989809
1799.012779
1583.756059
1689.944824
1492.205693
1551.616191
1659.888662
1693.381765
1674.093971
1671.933327
1527.538412
1613.653559
1719.500985
1703.173853
1591.523063
1689.159676
1705.134735
1700.849647
1755.187897
1454.708844
1829.558426
1726.973750
1668.716397
1754.453632
1607.813640
1755.207103
1799.733735
1601.487103
1581.835265
1643.141038
1721.827897
1711.935838
1694.172750
1622.771235
1562.626760
1668.595059
1654.947574
1694.150338
1663.740397
1580.904776
1576.789574
1738.664294
1616.265368
1705.847838
1662.928498
1626.798132
1604.556132
1670.070103
1697.501765
1590.842088
1692.535088
1685.442382
1742.128941
1829.902926
1656.436898
1752.381750
1634.973294
1601.132191
1656.375162
1635.547576
1660.862309
1650.662456
1540.878044
1662.583838
1580.697048
1863.117618
1816.398603
1608.125971
1851.540353
