1075.548074
1073.895279
1044.105618
1094.339265
986.262966
1144.803529
1058.533824
991.349750
1076.176235
1010.053026
1082.834941
1206.875103
1140.375309
1118.510044
1031.599513
993.331676
1019.099250
1043.358471
1087.513588
992.535808
1147.870000
1055.725000
1127.306265
1061.968397
1076.946486
1104.481515
1098.611691
1070.066368
1015.306412
1032.919223
1064.938691
1050.191162
1160.084750
998.802765
1011.201548
949.092191
993.985015
1043.007456
1115.246632
1047.315711
1065.809897
1060.353647
1126.901868
1136.613250
1000.772345
1073.573824
1045.496118
1078.640059
1069.005882
1081.667287
1056.356000
1029.241397
1043.298059
1112.896691
1067.423730
991.034559
1050.805662
1019.402794
1042.960353
1002.947261
1105.080882
1035.142221
1136.239147
1035.336838
1083.076585
1087.334397
1068.836324
1045.988162
1019.133765
969.616087
1137.885824
1089.947338
1150.340529
1094.082706
1049.924426
994.287515
1021.983029
1073.257603
1053.758456
1038.490487
1006.526662
954.314721
1034.589750
1065.284618
971.258429
1013.829618
1068.828397
1120.859235
1104.332162
960.970725
1120.786103
1076.291779
985.316162
1070.705691
1057.296447
1108.675265
1089.704471
1087.654647
1035.770397
962.556595
1057.261750
1068.437235
1117.991118
1115.335044
1077.981876
1011.996250
1039.964779
1094.447912
974.051824
1037.543627
1047.457882
1033.686485
1197.119912
1007.491074
1043.165158
1105.561191
1072.103574
1025.346309
1122.574412
975.667527
1104.639706
1078.640485
1036.820015
1061.034191
1018.438264
1050.044265
1132.635441
997.221926
1068.238191
955.721809
1015.170147
1101.069162
1086.088809
1143.669897
1023.467252
997.669809
1106.634618
976.403985
1047.173956
987.216062
1102.806294
1051.809721
1145.032529
1124.965132
1050.564872
1053.983838
1117.199250
1085.617353
954.172368
1021.563947
1100.909103
1007.986912
1108.784941
1088.595676
997.067537
1071.413147
1079.913426
1006.530088
1098.886676
984.581670
1083.765103
1107.557779
1100.915809
1046.936868
1067.384613
1084.250088
1100.188544
1075.735147
916.557044
1019.080056
1015.758794
1032.818397
1124.302706
1066.207956
1021.402689
1064.133059
986.204294
986.303985
1021.572191
1001.707279
1144.691515
1035.167618
1104.960824
1070.396779
1122.307148
1060.457235
992.265338
1135.719735
1123.334221
1040.350591
1147.386941
1049.914765
1028.449676
1125.774353
989.464813
951.762103
1076.231897
1065.356485
1040.934309
1080.660770
1045.978515
1065.455191
1051.378176
1029.246676
988.688639
1086.074088
1054.654941
1049.079118
1043.974735
1120.514170
1012.178103
1031.261574
1071.319985
1104.970029
1021.091759
1119.368750
1058.255353
1047.309088
1152.967926
1100.920378
1018.620382
1041.026279
1049.948015
1129.470324
1063.059174
1019.474794
1158.315853
1098.779324
1065.631118
1075.931102
1097.898882
989.291926
1096.391897
1119.767029
998.729382
1040.633500
1064.951721
1107.146456
1005.705044
1012.605163
1026.114015
1064.424000
1068.970603
1025.999353
1054.016529
1083.971385
1084.332721
1083.388250
1092.002735
1053.324162
971.702622
1044.249794
1001.594059
1086.119309
969.226103
977.114447
1039.939838
1106.309632
1058.067912
1071.779676
978.362477
1109.236544
1105.703485
1043.300324
1090.646059
1006.946597
1057.800044
975.245882
1054.105676
1006.561118
1083.729083
1128.180574
1085.897765
1040.883735
1047.941559
1068.040129
1046.487368
1028.055118
1050.824926
1037.933044
1114.497204
1079.839941
1016.591500
1093.754647
1088.106324
1042.473646
1089.365368
1033.218044
1026.404191
1089.513015
1001.902456
1088.638456
1147.774441
1075.201750
1027.776088
1022.397752
1093.957500
1070.026735
1030.180574
1090.884882
928.342047
1033.205544
1062.942529
1100.271426
1013.732809
1055.658358
1083.330338
1037.924368
1122.866324
996.559897
1070.565506
1089.348779
1047.827662
1043.950824
1039.103044
922.193449
1188.118456
1127.849250
1108.535324
1070.050029
945.124538
1003.271838
1044.812265
1052.422559
1100.500662
1111.141540
1093.338309
1072.434221
1025.009441
1066.384338
977.427497
1038.860603
1071.770721
1015.797265
1080.175221
1107.444233
1089.965926
1014.480059
1046.449088
1069.673632
1030.899602
1081.805426
1155.435353
1073.439221
1045.606309
1076.314972
1130.002632
1100.097191
1096.224235
992.806691
992.991591
1000.876338
1053.143456
1019.267368
1085.396059
1076.344077
1066.659926
1097.615353
1113.593059
1056.947250
1030.282137
1112.861279
1016.606794
1028.804147
1084.465265
967.986080
1147.362735
1077.322309
1114.903176
1098.527809
1052.259949
1055.878897
1110.977279
1107.073353
1060.964338
1100.100759
1072.594662
1087.822809
1067.426603
1046.622868
1050.858408
1072.140838
1161.026029
1059.486809
1107.147103
1025.888483
1070.438632
1081.255324
1061.300059
1077.535132
1015.362543
1113.317397
1049.134221
973.685603
1039.804500
985.085353
937.297088
1116.768750
1086.604338
991.678500
1093.930443
1131.586912
1116.678176
1114.428809
1012.872853
943.489576
1102.413221
1141.412294
1088.261088
1106.650456
958.889901
1100.914632
1070.317824
1020.547059
1043.472353
929.458300
1001.461838
1058.333176
1095.803029
1061.426941
1013.851713
1089.860191
1127.621088
1110.841132
1132.128279
874.104611
1050.220441
1015.797500
1049.186618
1047.935985
951.491598
1039.563456
1018.656147
1071.644662
990.315206
982.156055
1006.369265
1076.946279
986.687044
1081.065265
974.233924
969.921926
955.306176
1053.194529
1148.012059
1017.812117
1082.889162
1092.451338
1091.791250
1014.236485
1061.077206
1023.289015
1073.912015
1042.161691
1030.408221
1023.168119
1031.937368
1087.306088
1069.641706
1092.342412
961.345915
1061.995265
1038.686559
1049.478779
1005.256765
1038.694990
990.847221
1126.161118
1050.756544
1107.602324
943.805888
1059.488132
1045.192456
1051.829382
1109.412529
975.534081
1047.559324
1065.310750
974.939074
1108.022809
1010.499509
1121.543603
1057.964765
1104.378926
1038.053574
974.212819
1127.313897
1019.785544
988.481912
975.251176
987.208041
988.770029
1052.163118
1006.037721
1221.400588
1027.588939
1056.490706
1130.824471
1048.314897
1132.066324
989.827941
1057.118000
1106.636015
955.586324
1110.987368
1013.382795
1144.831574
1132.605897
1053.896206
1001.836059
962.169458
1017.640471
1115.627559
1093.527691
1075.108191
1067.932239
1090.859662
1064.345897
959.408750
1098.742765
1093.925755
1150.901985
1095.469074
1121.280971
1021.476029
1078.558139
1128.150206
1072.856985
1062.181779
1026.001456
1054.741596
1055.545926
1029.662706
1110.082691
1048.457809
1042.964450
999.953118
1095.507765
1043.625309
1059.428750
1010.695952
1107.921941
1018.378721
927.311559
1012.998176
998.536880
1044.696118
1121.197706
1042.840265
1005.933971
1060.667763
1048.583338
1056.461471
994.434559
1083.650044
1059.294618
1135.589353
1077.474912
1002.295838
1131.128632
1136.759678
1094.646544
1097.686088
1025.800676
1081.088809
1000.784165
1070.291206
1012.036029
1099.888779
1005.907824
983.593798
1078.806691
1068.980868
1100.196044
1115.473044
1066.870961
1093.585206
1176.030662
1152.364765
1062.107279
975.939169
1123.078794
1000.639750
1008.507647
1054.674221
1048.031449
1009.344382
1113.626147
1070.637441
1042.693015
1019.033451
1145.245765
1056.742074
1042.041176
1081.664588
1036.061055
980.295956
1104.242779
1074.561706
1048.824015
1025.441792
1105.583882
992.494147
1046.625603
1028.768956
1033.232528
1072.891529
1103.277235
1020.367603
1097.246250
1070.847059
1063.725044
1076.526853
1094.537853
1144.302750
1038.628134
1022.988191
1091.644544
1124.366176
1082.442515
1032.505327
1074.332441
1084.911250
982.815279
1058.044015
954.898402
1097.252676
1127.985912
1133.825529
1085.511500
894.443962
1055.898147
995.968426
1152.283412
1096.989338
977.388699
1099.516500
1083.331941
1132.061279
1080.469721
989.883038
940.914662
1048.588088
1081.826559
1066.798691
1004.652804
978.791500
1074.860588
1069.904353
1028.538838
1005.084923
1101.951853
1037.238162
1026.703838
1058.535588
1059.302204
1082.486221
1074.214441
1045.958706
1034.119779
986.047985
956.482706
1004.389824
1076.642265
1128.425426
1017.378927
1086.781721
1052.788118
1047.085676
1021.403735
931.737914
1019.023456
1018.851353
959.019647
1138.288221
1031.939489
1065.840824
1062.412618
1159.046868
1085.667868
1012.430608
986.074162
1098.959794
1006.220721
1064.534676
998.492389
1028.491588
1064.345368
1122.064515
1059.673265
975.477434
1121.475103
1118.163765
967.100338
1039.646456
1100.451818
1048.876235
1063.469941
1033.532338
1057.182471
998.550981
1113.962574
1136.600000
1043.606500
1060.599279
990.865012
1083.390397
1086.862632
1078.678662
1129.144235
1030.347160
1066.431456
1016.474632
1046.648353
950.088147
1004.846676
1066.958471
1048.375956
1058.661088
1071.722956
1056.120251
1061.028368
1010.286971
1073.980324
1084.184029
1049.881312
1074.237265
1089.943721
1006.184853
1053.543485
1018.380431
1049.420868
1152.333500
995.944985
1048.453059
1068.005432
1089.550529
1041.637103
1120.539250
1129.325618
1061.975919
1064.058735
1044.701529
1112.672456
1062.802132
1046.989964
1078.030279
1011.334588
958.223338
1093.162441
1088.596377
1119.595809
995.174103
1122.885750
1067.435250
1014.737335
1019.354985
1029.078485
1073.090765
1175.000441
1001.644395
1020.703721
1016.556956
994.953074
1017.546059
1088.885940
1049.111809
1024.911162
1040.151706
1061.849882
1063.212280
1105.162647
1109.647162
1079.980926
1045.601676
1027.719119
1114.588191
1046.129574
1146.308794
1167.400397
937.969621
1016.743882
1059.566912
1073.697162
1154.590397
1026.390490
1158.236412
1058.871103
1073.206324
1083.063088
980.202300
999.942162
1088.093868
1118.672456
1086.384926
1006.095493
1172.958147
1046.659250
997.815000
1054.599956
1021.671538
1058.080500
1074.219824
1023.934882
1125.961529
1020.549951
1074.896176
1131.794765
1196.019765
1093.084809
970.016379
936.439824
1036.949706
1101.110956
1033.595235
1048.884645
1110.371191
1081.702368
1252.023706
1166.605235
1037.687014
1036.666853
986.085250
1109.003103
1021.053353
1010.251707
1143.403471
1097.571029
1050.513588
1031.971235
972.637679
1044.425294
1114.662559
1026.275721
1014.273441
1004.315533
1061.981147
1021.979662
1037.105074
1041.786103
1074.034711
979.714956
1029.256559
1059.857618
1015.934882
1084.382477
1107.333162
1068.394971
1131.189500
1061.923294
1027.472875
1092.350662
1091.445529
1115.783691
991.817250
1073.549656
1052.287000
1037.196191
1074.444912
1032.733412
979.122099
1076.122912
1176.121059
1020.834294
1100.720588
964.677938
1108.621971
1047.680000
969.192794
1014.142544
1000.409543
1103.137235
1000.692794
1056.566412
1097.175338
1144.532529
1028.334044
1179.062294
1077.456824
1167.766809
969.184884
1059.380971
1054.157368
966.931029
1084.083809
981.078738
1102.486279
1016.215471
1069.832162
1099.277574
1011.059563
1135.823676
1094.153206
1039.332706
1137.208735
939.960961
1037.792368
1074.095441
1035.360824
1079.920309
1051.844433
989.534471
1069.855926
1026.757853
1104.617471
1045.833464
1087.561250
1080.397294
1081.756059
1108.968353
981.224098
1107.738471
1136.974338
1050.593897
1087.116338
963.001040
1097.727956
1050.117206
1166.099809
1104.284838
978.157821
1042.705618
971.545750
1073.597956
1077.265000
1028.232837
1066.877632
1083.939647
1116.421765
1059.876000
958.572148
1117.691691
1066.679956
1026.272015
1147.311441
975.071281
1033.262529
962.528015
1113.173647
1056.128691
1035.657900
1040.654412
1027.450485
1027.879515
995.857838
1013.533549
1035.910162
1021.833412
1196.865824
1119.128426
1022.302182
1094.528779
1050.012294
1068.700662
983.725868
1005.898743
1079.645765
1123.964103
1023.673971
1089.881735
986.382318
1052.488618
1047.995765
1144.054015
1000.086574
1070.621201
1189.186574
1012.066221
1004.848926
1039.596853
1127.193188
1212.993118
1067.524103
1049.062882
999.294588
1037.648248
1089.940441
1090.510206
1003.402471
1091.571632
996.887294
1107.693941
1056.650765
1006.610368
1082.399559
1091.861427
1038.143868
1058.162338
1145.755676
1093.831103
992.505282
1112.052588
1122.087765
1063.154456
1020.514897
984.208092
1077.530221
1076.079074
1017.467647
1043.125691
