1442.791529
1370.325250
1387.089044
1396.612941
1285.427790
1434.301029
1397.216971
1301.937029
1356.179618
1321.217644
1354.507500
1474.253794
1375.584103
1309.204647
1214.176748
1305.690118
1369.984015
1390.282103
1497.004029
1276.911514
1445.443132
1427.892500
1331.367441
1392.245250
1348.664545
1421.728456
1479.985206
1398.621941
1411.517515
1371.504164
1309.323324
1394.905926
1362.107221
1330.281000
1289.662195
1403.407882
1317.297985
1343.755015
1339.764779
1345.615064
1391.161029
1420.147206
1403.339838
1423.450382
1300.056139
1410.013691
1422.861294
1318.063044
1433.951044
1338.294405
1349.035676
1308.698353
1462.654676
1424.065338
1347.943009
1464.861721
1403.668824
1418.420588
1215.485132
1300.539437
1403.913765
1499.755456
1385.885118
1403.638779
1356.296806
1279.377176
1473.711941
1336.960132
1388.708735
1307.320999
1482.068779
1328.842029
1382.811588
1380.599441
1316.187471
1295.739426
1428.260529
1298.886059
1435.503191
1310.642487
1400.956324
1387.034368
1394.468456
1410.947015
1239.577091
1342.082412
1317.433662
1497.674824
1384.674882
1363.295592
1373.126309
1435.620647
1405.168324
1367.163162
1264.137917
1420.472500
1348.757824
1548.020618
1365.565456
1437.996095
1367.329132
1348.767956
1438.322706
1486.119118
1357.325714
1443.585941
1436.599412
1356.834029
1409.074515
1301.255377
1400.522221
1312.286632
1413.408559
1455.005353
1359.345820
1351.851809
1312.747382
1427.312235
1397.487691
1375.273071
1437.884397
1373.613985
1340.712338
1353.339853
1371.845220
1413.638882
1295.322809
1483.761382
1420.489603
1378.721236
1331.189059
1378.469015
1434.744618
1510.057103
1361.286002
1410.906191
1444.018044
1373.917309
1372.741397
1428.707268
1419.908618
1384.813529
1388.874500
1351.082662
1384.363137
1322.276662
1338.142279
1345.184382
1335.537750
1294.262197
1428.244485
1524.046426
1448.001235
1346.739515
1406.820169
1474.507250
1233.676206
1456.779750
1368.938338
1359.787215
1420.201191
1485.957706
1357.365721
1418.985338
1420.823834
1372.515721
1433.840838
1337.704838
1325.981662
1316.307085
1451.565132
1395.400647
1457.992956
1240.812809
1311.109586
1482.832000
1440.397235
1418.626044
1382.673265
1343.131588
1322.079368
1400.814015
1373.652721
1406.276765
1360.899898
1471.873118
1331.388250
1344.909294
1363.508426
1222.310885
1292.907868
1424.628441
1359.152588
1501.054632
1330.304239
1391.173485
1281.259853
1342.328162
1322.785971
1349.892608
1447.218765
1410.049618
1422.753382
1388.650294
1366.293801
1415.975971
1363.120235
1357.406074
1362.182529
1301.897905
1334.253397
1322.397912
1406.853059
1459.199779
1272.611274
1325.341926
1399.977676
1435.454603
1354.780529
1255.167628
1388.921971
1375.231471
1381.216765
1353.907956
1398.107733
1379.656412
1310.824368
1465.658044
1407.107382
1397.454881
1324.907265
1358.393676
1353.101235
1416.017471
1428.289941
1357.789588
1391.968824
1451.836735
1262.205324
1266.264825
1339.714868
1485.085544
1362.313588
1354.584368
1351.064574
1385.048900
1395.430118
1341.291706
1415.274838
1383.876956
1273.076401
1331.916221
1418.270397
1437.897485
1321.104441
1456.218873
1392.375368
1435.198265
1388.433191
1470.225132
1296.331566
1441.775441
1437.797735
1389.026706
1529.394779
1308.714876
1482.742868
1430.161162
1542.677279
1396.337279
1400.702245
1420.042559
1459.946824
1393.167206
1254.904941
1389.080805
1359.662412
1310.029574
1468.312206
1349.027456
1333.989262
1534.632559
1415.299015
1262.314456
1376.269250
1321.033028
1383.947015
1420.239765
1462.689265
1448.628618
1283.916500
1236.359029
1411.460471
1425.642074
1338.060897
1353.975722
1268.095941
1344.998794
1492.346000
1421.110750
1273.639665
1338.418118
1455.146309
1408.765118
1359.160044
1320.225755
1340.345309
1365.051603
1460.187897
1401.264882
1264.539359
1340.856088
1488.692338
1347.433353
1358.246500
1314.877743
1473.153882
1314.250162
1361.607176
1356.042029
1433.929362
1417.622265
1341.965103
1483.213324
1508.214132
1243.009319
1372.531529
1338.438868
1515.133809
1424.246691
1412.493482
1337.755044
1411.808618
1509.887750
1253.579485
1383.837704
1358.854397
1368.903971
1304.342309
1373.190191
1283.742073
1429.172397
1288.734471
1447.702059
1409.243074
1393.179736
1286.515059
1489.534529
1434.820088
1382.142765
1334.760870
1395.416485
1325.767603
1331.502221
1457.546912
1389.795518
1411.032838
1469.281926
1362.877338
1364.603147
1399.147049
1431.455779
1336.248897
1402.248824
1401.404500
1214.425477
1318.641853
1418.375132
1403.534206
1510.977000
1258.297934
1358.269471
1290.111574
1397.205221
1387.333500
1406.740259
1245.962397
1435.879338
1466.141338
1400.218868
1345.960128
1418.761353
1301.442618
1388.269500
1354.689662
1369.658688
1396.235368
1278.798147
1425.198544
1395.575088
1393.986190
1343.399618
1345.811544
1440.853485
1425.967250
1274.914412
1351.163118
1474.087074
1343.949397
1279.379824
1275.604810
1341.923426
1466.065485
1359.254632
1435.248765
1329.521532
1488.999544
1384.099721
1394.307338
1533.352662
1396.416313
1406.665176
1336.577368
1337.839397
1277.510397
1373.226682
1436.669309
1325.461691
1331.444721
1388.096691
1430.605625
1475.734044
1446.330559
1362.139765
1520.741294
1235.932891
1364.647588
1456.126441
1500.493029
1354.172059
1387.808936
1380.081794
1298.026059
1395.237676
1345.144279
1275.908864
1318.943456
1493.556985
1326.459132
1301.101956
1244.208439
1384.269721
1455.626265
1433.554176
1393.966971
1421.524881
1365.207191
1354.494809
1425.310721
1465.214044
1316.415545
1245.763750
1401.687309
1417.495559
1358.504603
1259.289972
1304.816279
1459.145647
1452.444221
1373.729309
1298.243077
1363.663765
1360.740426
1558.424691
1415.683500
1438.427578
1392.701412
1361.274926
1417.637529
1419.617765
1363.018506
1319.015647
1415.328912
1392.798368
1346.884412
1424.892007
1393.870691
1388.155088
1378.745235
1311.418647
1259.193068
1387.061485
1365.600382
1365.372544
1421.458191
1407.809466
1511.411265
1459.098882
1412.351912
1361.486956
1265.883114
1329.218676
1370.286279
1399.090971
1328.835632
1314.316116
1345.188735
1355.152515
1298.191868
1372.010809
1395.102367
1446.237926
1339.270676
1467.983897
1391.315176
1360.770692
1431.845309
1385.681441
1404.564706
1426.045088
1360.048708
1380.125632
1418.965265
1417.358191
1366.366779
1357.318342
1256.210706
1351.311118
1419.925485
1393.705485
1437.673299
1319.727838
1190.435250
1280.317691
1455.183618
1350.656065
1471.257603
1447.435441
1374.753000
1223.648809
1325.614905
1357.607412
1509.390941
1369.678044
1311.497618
1271.586450
1363.520059
1348.385015
1375.026706
1301.076441
1378.554614
1404.863588
1458.969456
1485.374412
1383.952809
1414.510659
1360.920059
1503.134485
1415.809809
1372.433471
1542.599572
1403.660162
1378.046412
1359.762926
1546.633706
1349.690044
1358.191765
1484.621985
1338.422118
1369.877662
1391.608443
1416.748441
1349.367985
1299.998368
1377.447279
1299.760738
1426.105338
1407.549206
1461.825882
1442.833956
1402.203857
1419.308265
1314.681662
1363.588206
1386.083265
1380.165947
1303.179147
1311.448956
1381.809324
1418.163529
1299.182889
1426.060221
1275.060912
1463.039279
1348.207853
1349.034420
1444.361618
1356.195809
1498.066809
1383.274176
1335.264363
1500.378382
1388.240632
1369.724985
1408.151956
1336.199776
1415.409000
1392.637059
1313.851338
1397.271059
1299.028924
1354.295897
1416.461206
1331.929779
1359.060324
1287.097926
1238.506221
1399.328588
1266.566779
1401.162882
1325.889162
1433.174059
1397.319647
1367.291912
1359.156059
1314.706899
1384.517294
1485.160397
1379.309456
1468.990221
1354.151959
1362.046706
1430.109324
1293.900132
1356.799603
1389.844196
1286.474324
1473.705794
1310.755015
1326.523529
1372.926932
1301.789574
1362.896397
1416.542294
1300.279662
1284.651890
1434.046838
1329.681397
1361.690221
1347.417191
1425.641156
1357.489838
1348.247088
1399.354118
1500.660853
1340.741525
1352.745309
1332.547588
1434.066088
1361.981294
1325.697232
1310.110221
1332.066147
1352.541926
1396.699632
1274.726336
1372.759338
1390.740500
1503.998662
1391.126662
1308.673485
1319.849338
1294.336162
1326.905676
1506.071324
1374.088074
1378.077559
1417.299897
1406.028250
1302.440309
1354.889958
1460.158853
1453.871779
1430.360309
1447.878515
1370.660739
1375.367544
1410.779588
1474.328147
1372.331456
1387.417284
1513.219015
1384.964750
1356.098853
1316.858515
1404.707374
1340.642471
1438.482838
1494.235044
1359.360294
1388.733449
1331.011074
1431.735206
1400.810191
1366.662132
1352.384524
1391.992706
1343.580338
1401.049765
1419.773294
1380.908319
1368.823985
1346.371926
1522.361603
1318.506618
1338.073277
1339.602603
1334.676368
1316.259162
1529.849324
1208.116955
1423.902882
1570.260162
1371.048706
1357.284088
1389.430426
1448.807250
1371.610412
1425.137588
1501.453676
1409.478178
1350.526221
1421.400250
1319.318456
1313.373147
1413.721400
1340.695515
1391.770059
1418.533191
1309.957353
1236.227416
1378.347309
1451.438824
1461.307779
1310.239412
1350.056461
1470.322441
1478.163397
1391.205279
1381.247926
1277.663110
1366.864074
1497.660250
1421.388397
1401.969926
1279.150126
1460.234794
1325.770015
1389.031588
1237.788353
1322.088598
1368.806897
1387.901338
1327.038132
1396.760279
1245.392482
1385.191397
1536.597647
1542.584250
1313.604794
1387.430792
1392.561824
1294.390676
1345.187618
1425.569985
1280.249734
1398.285853
1457.191544
1415.575941
1340.673721
1312.860339
1496.638176
1464.873176
1408.824324
1318.998618
1420.981781
1380.515059
1319.681735
1326.879074
1340.195735
1291.975091
1383.969794
1390.106838
1360.192809
1366.490309
1372.101858
1426.794088
1391.753544
1336.672206
1321.854868
1350.273256
1495.803235
1375.817603
1361.158559
1357.487559
1319.502037
1354.871279
1422.066412
1402.492882
1431.132574
1372.518700
1391.546456
1303.332897
1417.833456
1414.796265
1310.724069
1311.607691
1404.649279
1391.943485
1388.681176
1453.524026
1461.703103
1281.134529
1318.574971
1359.965485
1326.314307
1328.454221
1392.129250
1381.766235
1281.374118
1428.875852
1232.873882
1410.005265
1359.762618
1377.626559
1296.906060
1404.832147
1347.431147
1293.854515
1395.328265
1295.041385
1397.107588
1390.828824
1477.805632
1545.140456
1336.334768
1432.247544
1398.781647
1320.790500
1329.774882
1392.726064
1467.757691
1327.657176
1404.183662
1378.041412
1277.023756
1374.943632
1387.577765
1478.747324
1380.889985
1339.715905
1447.604309
1377.823500
1480.916382
1442.638824
1355.912259
1468.969412
1369.630721
1376.086162
1340.898485
1365.741437
1467.843088
1447.411235
1352.144574
1399.147941
1391.824247
1328.727074
1338.836162
1397.660574
1364.995868
1326.681734
1404.630059
1361.189074
1374.025324
1356.752132
1422.914456
1443.837162
1333.703265
1467.778926
1367.373500
1341.243678
1350.350824
1387.820662
1443.761000
1392.221559
1341.557797
1430.478897
1254.087235
1398.799471
1383.240485
1276.270489
1398.478044
1385.881691
1331.370632
1421.432353
1310.834550
1446.705338
1362.793632
1405.686103
1322.818868
1438.735639
1409.689838
1482.780632
1397.999794
1374.616794
1440.979685
1293.214500
1261.212956
1441.609118
1454.144412
1328.238524
1395.579544
1345.001926
1419.578000
1428.637309
1305.394864
1361.853338
1306.473132
1451.129559
1405.419191
1436.169292
1448.704985
1414.895353
1486.047647
1302.530529
1387.417573
1376.964235
1275.899132
1404.265735
1362.445838
1271.891692
1297.645735
1550.327456
1407.952574
1477.093456
1274.575369
1466.056618
1397.884294
1477.797632
1307.164985
1412.176341
1436.124956
1329.314574
1403.227941
1241.852338
1352.505652
1409.138426
1394.831897
1394.195382
1417.796868
1250.858844
1419.520088
1333.874426
1221.973235
1311.407397
1313.404184
1472.655235
1418.835338
1370.107015
1367.208162
1388.764891
1462.684456
1371.188765
1400.904235
1377.857176
1258.361040
1325.256132
1540.681868
1404.519338
1355.853824
1333.944791
1456.544162
1488.134147
1316.377544
1328.222382
1327.969028
1382.263015
1359.112015
1382.216529
1300.829044
1253.736367
1377.430118
1331.245044
1357.889926
1346.494750
1207.877574
1367.491309
1491.790132
1342.726265
1398.096662
1196.875429
1211.157824
1334.420235
1261.693897
1366.991265
1435.418312
1400.554750
1346.114088
1452.458132
1334.223603
