2406.641809
2301.232426
2262.914397
2403.396779
2369.580642
2362.148132
2398.071926
2176.465956
2421.725191
2379.320909
2340.637632
2274.135235
2324.060824
2109.443221
2291.237660
2239.428662
2445.540926
2396.822735
2397.960912
2228.733132
2362.013029
2420.967500
2302.853353
2415.683794
2305.003324
2389.496529
2287.566691
2407.683971
2456.886426
2424.817899
2366.467691
2370.392750
2298.516603
2221.626000
2374.622945
2354.873912
2504.171324
2391.727529
2322.267353
2411.993314
2419.873882
2440.304706
2175.059397
2414.690206
2503.672080
2420.610941
2233.339941
2641.985382
2457.335368
2261.067773
2328.220353
2171.992618
2441.177471
2452.942500
2235.050186
2410.112029
2435.754265
2506.609603
2356.377588
2218.475393
2475.238074
2390.582706
2398.025029
2215.201588
2529.992894
2125.172691
2416.238868
2373.347853
2337.998941
2228.197102
2254.549985
2417.525662
2292.652574
2533.361544
2539.943926
2217.856412
2475.156000
2473.946044
2420.120941
2164.680340
2217.515485
2522.918882
2257.174015
2303.181706
2253.767973
2281.265529
2181.259191
2392.951838
2470.226338
2462.079254
2183.392897
2426.351838
2301.694015
2337.303456
2207.744682
2295.832000
2227.931559
2347.569735
2363.560941
2540.649889
2341.048426
2402.053029
2314.978118
2440.672059
2401.748258
2347.795471
2327.057941
2315.622824
2281.226088
2387.990730
2326.215485
2379.122868
2220.700485
2317.634324
2171.045923
2325.823750
2259.037721
2215.864838
2429.572206
2272.479895
2501.017485
2406.839824
2252.693750
2425.340559
2386.862014
2454.957221
2201.924309
2399.665015
2235.450912
2390.324000
2285.495882
2180.670162
2316.407250
2372.131397
2218.944987
2278.759368
2254.158765
2293.797000
2322.823206
2392.563194
2278.443426
2324.081397
2341.254059
2315.777441
2484.781196
2143.539809
2450.926941
2243.601824
2486.098971
2172.559844
2470.525265
2245.912279
2371.191926
2322.120691
2259.370963
2332.817044
2202.116221
2308.521912
2576.427691
2239.802729
2315.697000
2271.509074
2259.043353
2281.891294
2544.395701
2499.155250
2354.562956
2187.481941
2389.503941
2181.325100
2443.870368
2239.716853
2233.073118
2193.857985
2050.928836
2313.542574
2216.264250
2335.019809
2351.789691
2327.869191
2191.685721
2378.792706
2340.017206
2471.453706
2414.715869
2415.007397
2495.877882
2458.883515
2254.094632
2467.413546
2181.532162
2200.428426
2270.707309
2354.618691
2332.188871
2431.991250
2448.629103
2382.218956
2350.957750
2123.017740
2315.046426
2212.696941
2308.839088
2143.690132
2207.670683
2385.891206
2202.959000
2480.009706
2261.856971
2167.033817
2333.095956
2487.322059
2221.914721
2370.577441
2032.105862
2323.897338
2411.267603
2331.535000
2179.289971
2044.331584
2424.076265
2184.634515
2531.068309
2204.877088
2243.627880
2253.305765
2324.258191
2484.514868
2320.846691
2291.957410
2188.089882
2277.531647
2176.695206
2330.987235
2261.154971
2473.769103
2386.650118
2540.231176
2216.401206
2608.683045
2202.730265
2473.562647
2363.246426
2223.543368
2358.131456
2343.666062
2476.597941
2450.028456
2244.764926
2356.196471
2324.799710
2317.901426
2549.642574
2290.800794
2381.875515
2275.649579
2121.676912
2578.504191
2352.623632
2188.644529
2456.238713
2398.987456
2566.253338
2481.910294
2570.257647
2301.307391
2139.254515
2397.860750
2443.611735
2448.165485
2036.226936
2435.949397
2335.051235
2418.020000
2542.925456
2297.234717
2649.537221
2288.155029
2173.963147
2332.044838
2300.177659
2387.894235
2329.940412
2513.244471
2317.055029
2162.703514
2428.535279
2373.537353
2558.067779
2316.752632
2490.589559
2378.153956
2513.003941
2332.046338
2403.740500
2206.897428
2259.758868
2380.582279
2319.063838
2304.604485
2075.644989
2399.003603
2483.968397
2293.379985
2477.626162
2096.786755
2324.276265
2261.844015
2398.652544
2439.158588
2208.710006
2184.104338
2290.698544
2355.262132
2479.543809
2465.974581
2242.338765
2286.171603
2441.689162
2532.050221
2324.944568
2571.596294
2238.799324
2341.900382
2416.123059
2384.513745
2232.357132
2200.882250
2398.511103
2431.775515
2290.893203
2502.794618
2265.527397
2354.876324
2416.906368
2197.167822
2664.383809
2222.925118
2221.845191
2357.811618
2152.760661
2344.710529
2228.747412
2262.805382
2283.958529
2327.608810
2384.824632
2409.832515
2490.685412
2275.822706
2334.381561
2164.435618
2277.891471
2305.082735
2454.497294
2505.532768
2292.514294
2586.456500
2199.077676
2291.946309
2336.790976
2401.899485
2308.534103
2241.956353
2304.164441
2231.497639
2414.369382
2315.834206
2446.623956
2398.592000
2441.005581
2341.056162
2413.843221
2177.373368
2283.417809
2271.427803
2452.632956
2175.018471
2679.291706
2219.536515
2459.220981
2346.409368
2346.153618
2454.402618
2348.010324
2119.690600
2381.255412
2234.366206
2421.776912
2273.784721
2278.251219
2249.659838
2380.968059
2412.558559
2226.307353
2079.851221
2458.254412
2342.723544
2314.631529
2242.419324
2161.445354
2214.137265
2557.364779
2299.619132
2271.544544
2395.924812
2414.816147
2439.308441
2371.288500
2494.671515
2353.067725
2222.486118
2317.898794
2580.004368
2184.062338
2302.485182
2493.505676
2467.531044
2267.161500
2496.237162
2434.801183
2224.459853
2344.988309
2313.495412
2305.014147
2422.793111
2515.644750
2246.144824
2405.080324
2340.759721
2143.890113
2229.436603
2216.143721
2177.426059
2297.604838
2225.186776
2125.877235
2266.368456
2236.490368
2354.129971
2211.199674
2232.938515
2332.633794
2230.905868
2278.611294
2275.266764
2483.303765
2174.001147
2456.582750
2207.816176
2256.275309
2260.980544
2316.410853
2332.766706
2565.517397
2302.005840
2356.986147
2390.529529
2514.175824
2286.489015
2428.605577
2286.098750
2341.169353
2479.773868
2511.213471
2414.837490
2436.938235
2320.818529
2375.722309
2417.305191
2287.351359
2266.085838
2535.360059
2330.565309
2401.031132
2107.584596
2374.131294
2483.095574
2257.789853
2167.348221
2241.077141
2265.504309
2334.749221
2316.963206
2373.601956
2279.904157
2310.412529
2318.930471
2261.096103
2224.640456
2342.247982
2561.433118
2258.168529
2398.200574
2323.646235
2463.970954
2154.456838
2256.419309
2110.101618
2404.938912
2457.256088
2292.545559
2129.337029
2325.439132
2233.834015
2244.548192
2506.380662
2456.912324
2433.390941
2339.473721
2112.011988
2289.873471
2337.300971
2644.737426
2464.453676
2130.453371
2326.419456
2415.887118
2409.277824
2359.953485
2264.984917
2283.474191
2533.470000
2348.975750
2507.921147
2295.773139
2155.696088
2518.474221
2490.122015
2500.262485
2273.796978
2650.883162
2387.926132
2327.486559
2328.379029
2266.289539
2237.910147
2365.590044
2178.523132
2568.253765
2448.740599
2354.275559
2672.132382
2246.027779
2481.017544
2307.453703
2411.891838
2286.248206
2154.003382
2107.122074
2426.822455
2337.990618
2504.886941
2309.178132
2435.660956
2077.115368
2475.298206
2257.966000
2457.827162
2355.457485
2255.673913
2392.741632
2343.697412
2325.465074
2639.298279
2576.953120
2330.474868
2403.102868
2260.698074
2456.840059
2328.496078
2382.797265
2552.435044
2167.271603
2350.085500
2309.076653
2246.045294
2534.661147
2400.347632
2281.983971
2417.114816
2419.795015
2377.785382
2372.072838
2277.741456
2161.691170
2329.273235
2558.148853
2468.148853
2268.248809
2403.643789
2316.115956
2475.629926
2335.351779
2214.880515
2166.996688
2291.506882
2408.012926
2186.286691
2440.101956
2459.916748
2151.671074
2508.860412
2372.865824
2305.380059
2395.031514
2402.021676
2285.737985
2278.693412
2210.578765
2357.445750
2302.277221
2301.372574
2427.797706
2286.600735
2416.177296
2318.621721
2347.941103
2325.949118
2262.129147
2430.763327
2312.070971
2365.190647
2269.565603
2367.097338
2403.308196
2402.034176
2356.268632
2387.791294
2335.712103
2125.874168
2160.999824
2438.253838
2294.843206
2232.308853
2448.034846
2391.440382
2112.533676
2430.834603
2414.430985
2357.466759
2349.523074
2451.893662
2461.578882
2181.608471
2269.427025
2375.176882
2372.742059
2388.172206
2191.533529
2111.392938
2391.969809
2485.300265
2385.038824
2412.392515
2343.777278
2415.133162
2549.651471
2383.623676
2103.547485
2119.324852
2271.761265
2280.668191
2363.154750
2328.881162
2287.332354
2224.549721
2258.892279
2276.368912
2146.781632
2277.597164
2449.537265
2265.022162
2685.387735
2427.603147
2501.251607
2385.145206
2571.438485
2347.495662
2528.510426
2317.454034
2393.256118
2294.655941
2431.792132
2217.326485
2516.212124
2200.941338
2336.962118
2170.417897
2412.822441
2269.757478
2442.018926
2234.900559
2371.932118
2201.875971
2413.910392
2378.991103
2373.018794
2306.769206
2322.988074
2442.611761
2359.971279
2286.801250
2478.296500
2307.674221
2360.920188
2370.269912
2519.859706
2205.681412
2378.355250
2313.718910
2255.869221
2478.837029
2495.253206
2332.843779
2365.455529
2346.057338
2303.629029
2366.304721
2149.496882
2494.540913
2360.849941
2289.770324
2483.503485
2293.752868
2277.847415
2392.498853
2430.196971
2323.739868
2299.847221
2126.369048
2406.180618
2694.356176
2414.401176
2402.685632
2213.862138
2296.525324
2388.381838
2441.397029
2154.950897
2463.578095
2288.325544
2394.909176
2256.792721
2273.286632
2235.941111
2387.517176
2473.091221
2347.997529
2162.676324
2513.363848
2398.742559
2311.163853
2318.131868
2198.245647
2429.152496
2475.680015
2364.795618
2323.361809
2358.024750
2277.346483
2390.950074
2151.934279
2430.278971
2289.312074
2524.881602
2366.725074
2191.807176
2262.858500
2332.012588
2236.909118
2524.963147
2659.213382
2260.399456
2265.746191
2235.925178
2323.394132
2189.145882
2454.414706
2358.361191
2299.466356
2360.315147
2279.832985
2458.960324
2250.073485
2304.869696
2182.413029
2314.374735
2478.838426
2282.733956
2156.053506
2187.279250
2473.349794
2373.244485
2434.682471
2366.847184
2292.308147
2624.553338
2287.740809
2242.930706
2512.341332
2385.657779
2284.180412
2559.657500
2216.818088
2233.715775
2415.041044
2355.994985
2322.487147
2572.504044
2212.046806
2382.364515
2425.187603
2286.482206
2268.389588
2297.181866
2287.835588
2340.725162
2509.315985
2532.017574
2286.876250
2389.509618
2437.316088
2355.308059
2411.349647
2326.596339
2433.839059
2397.853294
2240.352103
2317.755206
2217.169796
2362.997235
2269.910412
2511.753559
2247.368397
2334.955710
2466.892706
2246.472926
2463.217559
2222.580324
2643.795623
2320.060206
2323.622382
2240.837309
2452.262162
2261.197536
2598.885000
2242.861676
2375.861353
2357.876162
2372.289243
2316.055500
2347.254044
2296.415221
2309.950706
2487.219730
2305.890721
2185.026397
2360.848368
2246.451618
2109.687599
2273.479721
2252.716235
2265.041897
2340.723368
2447.014144
2450.035647
2275.519132
2451.559897
2449.101632
2326.408852
2295.410632
2312.551662
2267.223000
2384.064794
2443.191897
2193.779603
2335.417441
2295.140250
2255.541103
2247.120119
2262.014397
2282.238485
2195.928118
2409.186382
2116.209312
2191.951838
2483.229338
2314.860985
2292.443574
2281.389328
2308.781412
2267.234147
2328.255250
2467.231412
2470.243917
2596.461294
2376.806853
2222.722838
2369.173074
2299.649566
2256.710941
2362.947912
2503.400029
2317.128706
2416.983023
2389.237765
2125.917118
2525.124176
2236.850162
2287.695083
2412.281441
2249.021000
2417.988059
2356.657118
2457.569967
2515.772015
2346.142059
2413.075515
2186.370044
2209.017733
2342.665735
2459.083706
2259.145897
2261.966838
2475.022543
2286.202324
2376.537471
2485.577397
2357.300809
2442.358574
2129.492485
2412.958515
2290.600441
2312.322765
2002.876914
2201.113941
2304.643015
2326.470382
2196.227309
2370.682150
2210.200397
2383.513338
2439.678176
2479.572015
2226.395299
2520.159765
2489.231294
2269.465441
2288.856456
2299.420859
2377.074015
2371.727529
2250.810971
2475.384074
2462.552125
2382.282515
2593.018382
2358.401029
2399.439000
2326.356273
2431.544647
2241.390029
2265.839044
2257.633221
2368.022804
2216.679029
2406.960015
2431.234956
2452.818029
2278.446732
2469.679015
2312.245191
2539.386779
2402.082721
2338.191881
2221.176882
2388.519265
2354.923588
2309.142132
2523.173838
2518.420235
2442.807309
2343.279765
2305.273456
2264.059398
2144.326676
2242.105324
2352.218618
2545.696779
2136.636532
2365.611426
2318.660926
2422.992309
2411.641529
2223.722460
2547.362132
2636.785868
2284.294088
2246.712235
