2536.441044
2473.733500
2237.355809
2439.383221
2357.360407
2449.877191
2389.569456
2266.216868
2396.104132
2270.821923
2421.486882
2329.084603
2167.513618
2271.146824
2251.600219
2208.591471
2378.097309
2476.836191
2351.443750
2359.969911
2374.815765
2343.825353
2359.373132
2444.644853
2414.241413
2410.983118
2265.796544
2324.876382
2318.190412
2209.838252
2439.090206
2421.418368
2287.189059
2366.639412
2287.815195
2301.924956
2345.229941
2386.665706
2138.018794
2291.883211
2511.629603
2300.729588
2330.260838
2347.651103
2321.775168
2197.703103
2351.017456
2290.618471
2598.758897
2304.133478
2388.917882
2420.542985
2460.648221
2228.021691
2647.498892
2289.209456
2421.119721
2148.992412
2609.231559
2436.376452
2408.109794
2341.105235
2540.021956
2472.420779
2454.012571
2364.328588
2355.077838
2397.628750
2412.137382
2217.420807
2179.462309
2423.798882
2392.207956
2484.660265
2243.075868
2317.310485
2168.972912
2504.390544
2320.091397
2361.066413
2367.473794
2278.457956
2293.991338
2283.139456
2363.663488
2195.004868
2201.384603
2625.178735
2324.660353
2291.171298
2449.043985
2405.225279
2343.273824
2454.725779
2342.926932
2271.979574
2287.644000
2286.129338
2043.506118
2582.655654
2576.003000
2188.307809
2252.326324
2378.212118
2398.164185
2350.811882
2404.175088
2327.434088
2282.626103
2436.991274
2309.824971
2329.656676
2410.925074
2190.562044
2328.787540
2343.878809
2379.709132
2373.309544
2179.327426
2246.052542
2358.330574
2318.115853
2129.638206
2475.653824
2227.525823
2332.045382
2203.441632
2444.281559
2436.063162
2310.824927
2281.361147
2201.731574
2405.362471
2481.385500
2235.799075
2288.165206
2384.383691
2291.912015
2495.150088
2401.365930
2333.194853
2393.537294
2319.156515
2320.301324
2152.872931
2406.892471
2352.984706
2423.153250
2299.399529
2263.750830
2253.440559
2364.607485
2483.066235
2217.201662
2195.548978
2257.664029
2163.976397
2273.744971
2186.707897
2384.494994
2218.336235
2364.284750
2277.183985
2390.317926
2327.133510
2363.809250
2230.723897
2349.463132
2202.027956
2070.214967
2309.776809
2305.079088
2130.750838
2236.644809
2163.971425
2262.024044
2428.568691
2435.495779
2249.793868
2296.452985
2306.286809
2218.827324
2400.420250
2282.449029
2157.977324
2288.253206
2365.480574
2297.948809
2345.813294
2400.274032
2241.616956
2292.175309
2277.536294
2325.217779
2229.002401
2477.381118
2183.586559
2471.910000
2298.857985
2201.832593
2261.308882
2382.245456
2229.035500
2257.984176
2159.537698
2402.679662
2223.719676
2364.275015
2180.037485
2371.645184
2264.653147
2308.890456
2362.194044
2247.915529
2307.469583
2152.908765
2397.736897
2387.433162
2207.881941
2361.540334
2258.041382
2174.561838
2266.995926
2557.385721
2154.307512
2161.429824
2582.378500
2331.124118
2315.231000
2509.368146
2343.141088
2477.471765
2309.131706
2234.156147
2452.426676
2263.242559
2244.516441
2422.328956
2139.194544
2200.541943
2195.877029
2322.148912
2414.639603
2294.372824
2347.775015
2397.606282
2398.012574
2375.994853
2214.472529
2402.092559
2114.118828
2087.233618
2364.861824
2261.457074
2152.787882
2246.627226
2406.324059
2484.930015
2289.185353
2331.963926
2288.778007
2200.384706
2347.447118
2116.447059
2396.877338
2416.697332
2247.163647
2309.886324
2387.018809
2309.366544
2463.074598
2379.031103
2200.994779
2238.473265
2282.264941
2386.787879
2533.269044
2234.169632
2113.835632
2535.391647
2192.708159
2330.026412
2410.207647
2455.530750
2414.882588
2458.879764
2346.483956
2256.574206
2388.967412
2325.211926
2287.377456
2217.991838
2225.925926
2434.482074
2382.811147
2026.453222
2344.568529
2255.281838
2406.254309
2450.648397
2359.891444
2221.608721
2575.772368
2302.964000
2365.152382
2339.848358
2412.336309
2387.239397
2448.660529
2119.352441
2250.124535
2131.409279
2260.727926
2446.969206
2227.707809
2429.233154
2405.500221
2257.021088
2314.203103
2159.196294
2447.866509
2434.251029
2322.471647
2476.551485
2300.916235
2455.773584
2225.594588
2329.400059
2358.755662
2453.697647
2261.000438
2622.266868
2298.640456
2360.703956
2566.638191
2150.257778
2380.185897
2562.219265
2297.202353
2452.937221
2480.112941
2390.069000
2229.233294
2435.672882
2472.754191
2353.606472
2235.294176
2333.001985
2367.634750
2394.606059
2477.303193
2287.537529
2261.679897
2534.441882
2457.922882
2455.925327
2363.689176
2214.410750
2178.940926
2405.679897
2323.970505
2417.701221
2360.429206
2330.912603
2303.724132
2205.516183
2322.651382
2287.174632
2403.626838
2349.765088
2492.306184
2319.165235
2305.424412
2328.569868
2378.251765
2209.362906
2256.300412
2252.084000
2549.509926
2378.549500
2171.442202
2462.071074
2338.428118
2331.044868
2461.573956
2087.700585
2446.861426
2160.801853
2292.363029
2332.688882
2393.703322
2424.124588
2313.837809
2300.427765
2304.858176
2271.769250
2562.939368
2267.605588
2195.442838
2176.185162
2319.730604
2291.114985
2313.379559
2386.428632
2324.842441
2148.027532
2299.652221
2380.318250
2172.748926
2419.057750
2329.360548
2539.738676
2336.453618
2519.710941
2391.943382
2463.776947
2345.936338
2522.308544
2294.325485
2222.802559
2213.967139
2541.209853
2463.713029
2317.075765
2546.584676
2284.021802
2318.667897
2407.780603
2503.049485
2418.050088
2376.809451
2449.807765
2245.323603
2207.528279
2281.066882
2363.546026
2091.375088
2341.393735
2245.304118
2246.106397
2170.532689
2210.493324
2308.463853
2498.356779
2460.163412
2090.334190
2370.191250
2084.480632
2394.704235
2292.082926
2231.656103
2401.969338
2450.499485
2267.872985
2354.557426
2113.716031
2395.443059
2207.305088
2505.196838
2077.900765
2214.624739
2361.584368
2373.118353
2506.799794
2447.658515
2370.648652
2342.626544
2511.489500
2418.398588
2438.186824
2388.411506
2247.244235
2225.435662
2338.487603
2370.882132
2315.267801
2401.045132
2632.620015
2492.040353
2433.076441
2186.012582
2152.696941
2259.938574
2302.760324
2307.726206
2256.359084
2376.240382
2266.209750
2477.439956
2348.800000
2189.020938
2234.616676
2286.829162
2528.505735
2437.079074
2420.603969
2384.657471
2556.858500
2281.962985
2294.762882
2376.234441
2208.937118
2120.716926
2142.059015
2239.396456
2390.463648
2371.242382
2299.950338
2417.534000
2556.912118
2179.094046
2434.783574
2460.175912
2442.191765
2344.680162
2232.840842
2349.512015
2348.496279
2525.273735
2483.460456
2268.293167
2270.049368
2429.835735
2290.971588
2156.385588
2453.487418
2386.374132
2335.527074
2250.333956
2272.370603
2349.501714
2129.766882
2371.235250
2358.429632
2374.510250
2410.886450
2339.787147
2364.468221
2316.337971
2288.939000
2282.313334
2200.738721
2332.903397
2255.397897
2274.710853
2229.742438
2251.280044
2361.143426
2173.448588
2171.240647
2337.848087
2507.698559
2353.088574
2319.823971
2296.173838
2404.913838
2368.923794
2375.784103
2340.264750
2323.517015
1991.184898
2106.854853
2210.232324
2240.160721
2373.610765
2182.737062
2663.069397
2199.725250
2256.338456
2404.401662
2172.795269
2483.038632
2351.542176
2291.461765
2256.677029
2321.770094
2388.908191
2350.967456
2347.326265
2386.137691
2269.713948
2166.890029
2158.208985
2345.397574
2300.109382
2354.297876
2319.479618
2253.512059
2422.616574
2310.731426
2132.666083
2346.603765
2205.211088
2531.677647
2053.790529
2389.415790
2336.362574
2294.278485
2434.484735
2357.390412
2233.165336
2343.444103
2353.925000
2275.378794
2307.167235
2226.478205
2270.498456
2421.007176
2277.111618
2158.729103
2151.005486
2364.572941
2443.654706
2250.528103
2476.821088
2309.363296
2344.112574
2327.077471
2225.424250
2496.385235
2402.541989
2305.385706
2337.988868
2582.789456
2351.933897
2379.677402
2303.921029
2309.927529
2166.964897
2545.943103
2332.503609
2357.394559
2354.106456
2360.257426
2365.125912
2266.482419
2455.087926
2233.525147
2282.728353
2287.202279
2188.234773
2413.236206
2131.963412
2245.529147
2291.079985
2239.805922
2407.072162
2276.875059
2416.675515
2274.352235
2052.589894
2398.486515
2247.710397
2447.164529
2363.159191
2342.406101
2422.886118
2189.471618
2372.360897
2227.347118
2177.153985
2239.529191
2270.508221
2328.141132
2450.519265
2427.951927
2245.018971
2035.831544
2261.779162
2308.586279
2102.514105
2400.549441
2470.899971
2371.583882
2414.661000
2632.178224
2356.890265
2380.512235
2272.686941
2180.141471
2440.051152
2417.882059
2352.193824
2331.764191
2218.401221
2282.689183
2368.117544
2490.252044
2377.853118
2228.119647
2300.035199
2325.564265
2301.629691
2461.123279
2336.831015
2418.924171
2341.370015
2468.891912
2331.554706
2335.232897
2201.746761
2255.067647
2377.844618
2255.166618
2410.072971
2188.997027
2149.366368
2160.482206
2480.452456
2507.819676
2131.913896
2380.217074
2521.912868
2436.912882
2165.447191
2312.361868
2327.719632
2414.345603
2317.593309
2277.673750
2210.295869
2167.812103
2274.830897
2295.263544
2185.059603
2459.127459
2181.562426
2352.066529
2340.728015
2333.267426
2122.942578
2250.967618
2436.517235
2283.385265
2469.447000
2490.223108
2319.689456
2420.409794
2306.208191
2308.818794
2339.475948
2346.819397
2174.923309
2427.617662
2266.894574
2312.991773
2327.052103
2321.807471
2475.159706
2125.492588
2178.049995
2259.342824
2214.617912
2449.057250
2508.924603
2192.981232
2346.785735
2424.220279
2263.886926
2253.622603
2350.595586
2387.217485
2221.525191
2469.629559
2328.829500
2240.495499
2243.380779
2363.966500
2336.274456
2346.374853
2466.175736
2424.479015
2147.962706
2598.086574
2447.161882
2202.612825
2276.393309
2378.928074
2227.283279
2205.322471
2402.588341
2374.110574
2289.051309
2269.150794
2340.463750
2320.087152
2486.850853
2284.967191
2304.359765
2339.981824
2141.943432
2329.333471
2316.408956
2289.324794
2448.605147
2290.433728
2408.426221
2236.827632
2134.057221
2313.325176
2327.045744
2471.551838
2196.942250
2413.113779
2190.525132
2253.155687
2193.324676
2247.995500
2267.997456
2250.756279
2112.458320
2269.448721
2455.605279
2360.822809
2226.409882
2337.255336
2353.190662
2459.553132
2207.092456
2181.656735
2413.471088
2234.627735
2264.450368
2340.237691
2316.856750
2408.387442
2296.403853
2422.302294
2393.341662
2331.957721
2228.644223
2340.019456
2240.027500
2129.299794
2526.840588
2158.796018
2338.804324
2197.659265
2348.578088
2300.886294
2409.894196
2468.434176
2243.181824
2345.492176
2276.568779
2443.262374
2415.104015
2496.339206
2327.251721
2277.621706
2254.406552
2315.495941
2269.597191
2450.526706
2297.703471
2342.536539
2195.142588
2047.174985
2353.261882
2204.199456
2239.543525
2258.264529
2353.889279
2260.921794
2251.346132
2436.436777
2209.923471
2322.501765
2483.272985
2370.442588
2413.375322
2380.811162
2324.318721
2270.510132
2317.459721
2552.221471
2413.086382
2265.929765
2360.910279
2354.820603
2272.378972
2335.061559
2399.369132
2382.989029
2217.990368
2204.451562
2329.692574
2141.492794
2331.366353
2428.116118
2324.580004
2240.955279
2362.935059
2193.932956
2256.154338
2162.570461
2330.699588
2389.526338
2191.621441
2514.383765
2400.832301
2443.469765
2482.692382
2154.398500
2302.764132
2273.241214
2252.828324
2285.100868
2378.939088
2325.487250
2289.907598
2270.472985
2442.852471
2246.338779
2223.691735
2231.640408
2214.962088
2079.298353
2241.602029
2339.486191
2260.496365
2230.374632
2352.537191
2537.485118
2220.151059
2262.972220
2252.523647
2341.505735
2518.436324
2152.641779
2327.534295
2213.555441
2366.849250
2449.835397
2375.089132
2185.184678
2282.201176
2172.942897
2466.542235
2254.983632
2303.932150
2270.138529
2430.771529
2414.269191
2156.809132
2125.188299
2339.852721
2472.852779
2530.395353
2399.817338
2274.791315
2213.201382
2237.673985
2358.309765
2201.374176
2224.267493
2522.580368
2243.483618
2379.898897
2444.630147
2439.897759
2223.196971
2303.077353
2137.707647
2321.003779
2348.552613
2407.188647
2213.343279
2314.485382
2281.588353
2109.650247
2530.500191
2388.756382
2363.868735
2359.582515
2352.933983
2203.225588
2281.533809
2197.566956
2121.912353
2290.184602
2363.710162
2286.853382
2212.184618
2240.548735
2004.451927
2498.040382
2462.596279
2132.023824
2406.634294
2277.849076
2190.936721
2413.252103
2259.500132
2153.423971
2074.215989
2376.936632
2300.515735
2389.720147
2343.835279
