1515.238088
1289.178721
1347.740559
1336.594338
1435.209863
1333.322338
1416.689206
1365.000162
1434.899882
1352.266085
1444.042676
1325.249706
1387.437676
1365.183485
1320.627410
1384.413956
1485.512779
1347.565794
1483.040544
1340.606632
1475.818647
1473.637544
1331.649882
1432.534235
1260.237207
1461.582926
1380.186368
1304.062941
1353.222206
1386.549355
1414.782588
1457.253191
1448.467456
1321.009059
1230.108651
1322.038574
1261.165206
1392.671676
1415.174765
1294.306858
1531.557412
1305.436500
1511.524353
1384.268588
1282.281551
1348.275103
1362.638029
1393.993926
1465.959544
1442.275567
1494.993015
1467.487426
1328.070529
1412.254147
1426.845465
1437.369074
1312.053074
1410.673029
1449.368941
1373.117040
1331.775529
1389.575118
1458.414662
1380.319000
1209.744306
1351.521853
1399.054515
1305.155147
1488.491779
1325.817763
1461.277956
1392.863735
1362.525471
1366.785221
1330.948456
1443.989000
1319.182309
1387.649559
1328.958044
1421.743854
1550.906309
1579.215294
1347.030103
1379.380441
1372.097062
1377.396044
1466.428794
1374.149824
1365.352691
1248.484122
1421.213721
1378.662662
1407.550324
1473.776618
1441.471079
1276.582118
1431.717515
1398.495471
1334.721750
1404.370713
1363.524338
1360.201088
1510.755059
1454.490279
1496.076376
1399.507176
1448.934971
1368.029162
1346.851632
1437.804377
1332.921971
1499.901412
1340.674647
1406.253691
1296.768585
1497.416235
1339.546735
1557.442353
1322.780132
1366.756895
1448.153897
1336.717441
1368.372765
1358.735500
1313.217778
1344.511206
1466.095691
1397.911118
1407.365971
1399.934648
1353.143515
1372.058809
1315.756221
1464.844441
1306.139781
1381.915735
1437.305250
1438.059191
1421.591529
1436.332841
1403.278809
1412.111647
1329.003941
1381.806162
1271.019872
1351.925941
1365.073000
1524.219956
1486.609500
1253.684212
1452.368162
1414.285588
1409.884794
1449.930926
1368.097184
1380.099882
1268.800985
1364.686838
1416.271544
1513.804406
1344.059750
1316.000132
1384.690074
1386.765691
1531.329834
1354.533044
1430.945147
1434.119588
1380.320118
1268.485306
1450.858500
1506.439618
1308.953206
1318.825824
1239.475175
1303.371838
1476.769029
1559.471118
1436.022529
1288.815808
1359.830824
1329.745588
1441.245471
1385.440632
1342.464692
1504.750662
1388.057662
1480.727853
1414.066044
1353.514855
1386.635000
1311.187794
1422.134441
1422.956132
1296.196386
1381.692294
1383.549676
1316.283088
1447.518074
1387.945314
1458.819574
1512.365191
1395.433824
1321.438309
1382.834109
1386.298029
1326.833456
1292.803853
1349.717029
1401.493728
1373.197353
1474.603382
1363.615368
1412.760853
1386.002686
1346.009471
1409.000309
1404.274868
1438.399750
1271.123893
1471.650029
1473.419956
1380.791647
1449.018441
1429.774041
1433.214000
1404.887691
1333.539662
1383.051221
1355.826410
1393.933618
1395.373956
1347.929676
1411.515235
1307.559926
1312.636397
1381.586221
1413.196706
1318.075368
1305.461207
1381.952235
1378.462926
1391.252882
1349.960103
1391.212456
1300.203047
1477.789103
1401.836103
1422.911632
1469.848838
1259.990107
1365.738515
1410.762088
1336.906294
1279.800309
1445.579550
1344.038676
1343.691838
1318.019515
1394.627397
1188.075992
1322.401206
1410.703662
1313.511397
1450.966941
1390.555538
1421.163779
1397.747206
1450.411956
1288.947706
1335.094010
1378.763824
1419.021662
1409.372838
1382.110985
1439.116746
1354.311294
1299.934103
1380.297426
1556.145691
1282.878395
1326.160324
1412.854294
1429.326794
1383.450515
1364.282234
1412.508662
1469.721853
1429.496544
1411.454941
1351.591633
1375.286853
1368.727779
1415.307985
1370.615838
1317.034767
1393.069044
1397.152441
1356.258544
1375.952765
1292.363283
1348.399588
1428.862971
1356.871809
1373.877265
1424.882019
1349.867279
1380.418897
1350.688368
1444.849853
1298.616903
1396.870603
1571.107132
1331.711294
1332.388338
1343.009243
1407.594824
1529.222206
1372.088441
1427.208147
1338.390626
1383.767147
1348.354338
1438.055735
1455.598721
1326.819304
1365.851029
1397.164926
1452.381485
1430.749382
1332.098776
1338.806397
1466.530691
1439.067676
1464.281441
1404.464057
1477.654338
1356.762044
1395.645294
1371.210074
1432.620735
1347.728309
1355.964588
1512.559985
1511.516735
1415.251104
1411.306221
1420.315838
1551.466191
1287.288632
1309.328664
1312.851441
1353.500235
1386.836132
1495.424250
1426.958460
1348.430971
1487.321618
1472.580103
1359.061500
1352.174770
1375.663779
1353.190324
1349.212029
1408.820912
1309.520668
1383.694912
1431.934809
1422.232015
1504.262691
1242.722464
1390.804118
1399.526074
1376.193559
1409.245809
1385.432833
1332.246500
1272.896044
1432.363353
1355.518088
1339.364628
1421.886926
1353.751235
1259.503750
1326.690912
1239.115262
1332.031794
1412.449500
1299.784206
1462.112074
1306.425102
1394.178632
1344.009721
1475.026147
1341.852750
1366.678162
1385.519206
1397.078015
1349.506118
1354.043029
1354.259634
1375.750941
1287.048176
1456.221882
1398.627000
1362.992503
1403.506956
1451.792574
1348.215809
1365.432779
1419.204578
1525.011015
1412.260912
1432.765765
1416.509162
1389.540270
1430.721338
1484.150103
1434.640250
1395.045485
1451.648007
1249.664926
1418.266721
1405.449765
1420.955868
1221.237405
1475.441941
1394.368647
1438.188750
1406.855015
1379.758363
1592.279735
1481.943882
1448.446368
1400.063485
1360.448408
1376.619000
1459.061353
1282.535691
1289.366868
1255.365674
1406.387809
1348.295118
1352.074000
1420.593735
1354.365543
1410.186706
1413.132324
1425.527000
1380.572838
1352.553456
1391.448882
1388.384279
1388.376750
1488.270721
1290.449325
1427.370382
1400.273618
1541.459029
1438.342603
1410.315150
1575.959426
1370.792294
1376.851544
1419.081544
1299.149269
1424.353574
1335.502382
1441.449235
1481.392162
1323.660800
1437.142471
1439.192824
1520.275250
1345.051176
1329.651787
1454.142426
1496.909618
1353.058103
1454.985338
1378.945038
1337.974324
1382.197941
1441.282250
1412.194721
1231.645569
1489.040956
1293.371456
1351.402603
1329.584074
1313.515409
1402.053559
1426.238838
1388.992941
1376.913721
1371.375704
1424.232544
1489.418662
1411.227824
1320.386926
1244.829352
1357.212456
1469.598750
1284.282500
1380.315897
1419.263089
1461.066544
1411.270809
1526.430574
1483.487603
1337.032076
1469.982956
1531.344265
1393.632221
1377.904456
1199.049739
1425.370574
1491.468765
1360.093662
1352.274824
1316.559770
1398.352824
1382.494647
1369.117412
1399.500441
1283.163609
1466.442279
1447.137147
1439.191824
1460.050235
1382.037243
1281.924779
1364.771162
1403.839338
1406.979191
1259.501053
1411.335603
1433.661809
1401.270632
1426.714706
1380.046996
1506.226838
1414.390294
1391.011721
1461.403147
1274.743924
1408.234397
1489.947324
1375.038691
1397.353221
1390.529263
1312.336132
1391.302441
1416.215397
1414.479426
1482.275382
1318.538176
1397.357235
1432.476971
1412.886235
1386.193854
1392.031456
1329.803779
1385.875118
1360.871618
1276.009973
1383.601662
1423.862162
1444.953912
1332.099441
1293.616828
1383.850912
1334.898559
1358.720309
1452.248294
1284.883903
1306.928235
1476.590147
1431.116441
1327.714118
1347.434698
1433.608368
1349.955338
1400.924412
1420.282426
1290.623391
1392.850206
1349.413441
1444.442779
1282.630324
1381.366113
1313.062559
1351.149926
1480.718838
1375.940353
1405.289805
1446.971809
1395.948368
1402.001294
1407.514147
1267.622424
1269.844162
1401.895309
1473.700912
1381.157176
1405.360676
1368.669838
1318.054176
1396.749441
1325.254941
1421.115353
1435.086926
1470.781647
1321.841897
1372.763559
1210.851561
1387.501529
1484.397603
1406.388897
1427.538559
1352.239386
1403.818662
1362.812294
1418.135956
1418.233897
1423.752005
1368.615250
1446.954912
1368.710162
1411.452059
1378.105977
1374.815853
1467.754029
1473.289941
1357.465618
1369.134316
1347.357294
1444.169088
1463.607132
1367.585368
1347.267641
1538.409559
1354.773706
1238.493382
1468.106750
1370.314392
1364.074074
1442.410206
1489.014956
1526.272426
1326.815556
1435.911059
1325.916956
1528.546353
1404.677971
1281.615131
1403.712574
1409.795691
1491.203897
1440.079794
1345.094147
1452.578529
1440.653382
1464.804912
1349.746103
1311.338030
1436.957691
1352.094632
1483.993015
1373.863132
1384.112546
1315.688794
1419.601882
1515.259324
1493.563853
1305.607004
1349.985603
1458.887279
1414.232309
1523.715868
1372.849240
1451.717544
1314.225985
1377.483338
1284.374088
1389.996286
1446.099353
1418.316721
1447.760588
1338.478897
1335.919478
1410.506456
1443.890103
1336.439897
1373.821721
1326.532156
1474.708368
1292.447368
1378.870368
1403.376426
1340.968775
1534.474676
1434.198647
1341.350985
1322.718353
1159.759483
1413.834779
1312.916324
1402.942559
1454.678515
1311.892896
1454.689221
1422.935309
1426.124809
1305.381588
1281.647750
1415.328868
1391.688338
1345.014162
1425.462338
1380.860031
1353.084279
1451.719647
1305.203662
1269.139059
1464.725003
1368.499397
1428.359059
1304.460676
1412.031779
1328.359019
1365.598897
1423.543235
1294.796309
1351.997456
1462.541623
1399.221985
1388.851044
1312.992132
1406.336044
1333.655227
1450.542397
1452.669191
1361.468559
1390.841515
1377.732376
1385.204471
1325.383662
1433.006838
1379.805779
1412.928701
1493.151294
1361.295838
1440.545971
1306.077868
1386.089658
1427.394750
1386.520353
1347.359015
1491.711647
1524.213733
1428.772971
1333.856632
1301.746074
1368.531912
1393.744205
1306.345044
1423.382456
1292.406515
1301.991338
1487.622942
1432.445294
1359.965206
1533.195471
1447.169618
1301.727752
1506.958838
1300.924603
1379.929676
1413.440750
1293.100753
1425.744162
1349.362824
1484.770500
1366.083838
1330.119299
1478.133985
1470.001176
1340.236603
1290.016676
1377.310344
1470.255235
1462.563985
1418.831603
1425.872500
1390.158331
1368.712456
1348.592647
1406.495838
1412.923868
1277.076318
1373.749191
1511.101794
1507.606485
1301.068221
1279.152745
1442.326838
1436.552971
1407.958279
1286.030647
1399.243614
1505.371618
1395.667853
1434.678500
1404.406500
1398.688851
1454.153015
1508.556618
1405.366809
1325.012294
1350.309529
1413.913088
1386.111500
1418.098221
1309.642926
1341.626016
1305.558544
1533.477279
1367.370868
1341.151529
1351.595355
1388.038691
1537.560059
1328.731500
1367.925632
1218.959930
1457.687853
1305.902118
1409.687632
1338.553956
1309.902490
1337.066309
1371.834794
1359.010794
1409.709397
1359.989874
1471.830044
1471.097941
1443.991250
1444.753103
1215.920390
1421.315691
1489.619456
1434.781324
1392.182324
1336.292774
1337.400779
1402.532029
1322.224647
1488.535662
1267.546040
1278.907235
1321.014779
1411.621368
1353.005603
1276.928262
1348.155691
1407.387676
1560.570941
1330.234765
1414.158175
1319.423706
1287.721044
1341.651118
1392.771574
1409.005235
1291.075721
1340.626382
1414.137162
1426.812324
1366.613045
1363.267309
1372.880735
1302.857809
1295.919985
1329.880444
1345.440118
1387.268574
1468.876985
1536.922118
1331.022225
1392.123691
1394.084412
1388.632441
1443.040324
1305.323638
1383.676088
1512.050544
1431.940824
1316.659118
1323.640786
1447.863368
1346.828618
1298.010456
1421.046515
1313.993199
1409.928559
1441.574882
1436.179515
1323.868382
1361.101598
1368.694103
1316.742912
1436.494706
1347.881441
1278.344335
1361.359544
1410.467853
1406.834353
1317.202235
1252.981909
1414.038735
1411.992706
1311.828618
1401.984662
1231.756367
1491.752838
1359.948706
1423.395206
1338.356515
1339.923795
1402.171279
1382.919735
1437.136088
1462.663000
1353.078855
1369.153147
1424.740897
1350.956647
1469.898500
1321.588547
1396.953206
1356.554250
1489.551647
1400.553647
1257.723137
1460.569221
1462.680221
1521.696029
1450.183838
1299.913256
1380.509147
1413.612662
1406.045279
1450.634794
1355.867522
1371.525279
1329.143147
1504.629029
1379.276015
1300.330200
1412.683338
1355.314647
1443.822265
1445.518456
1319.625907
1367.224662
1393.986368
1449.525882
1290.708426
1267.494820
1286.658294
1349.028853
1360.539279
1391.296088
1434.049881
1379.825926
1404.820353
1307.555397
1451.393000
1325.115117
1376.295926
1378.243191
1337.082647
1352.344103
1310.310324
1446.964324
1404.139515
1373.933324
1430.597265
1264.884620
1428.048838
1361.338735
1518.972206
1487.131368
1370.713724
1453.272206
1421.490882
1533.009750
1334.073206
