2058.348667
2053.050485
2128.593394
1972.518485
2091.035809
1782.628030
2011.500970
1942.242727
2224.452303
1921.070448
2018.403000
2324.936515
2235.385879
2185.249909
1821.645663
2118.608848
2051.104333
1992.870121
2177.323091
1963.816969
2149.188485
1837.559758
1984.234939
2020.346879
2115.229517
2149.713091
2312.763606
2026.750030
1822.471848
1967.411399
1933.278667
2113.169333
2103.764212
2033.515273
1951.760523
1946.947515
1820.261091
1979.500424
2003.342848
1964.071798
2048.954394
2246.371788
2065.160545
2169.188697
1992.937771
1966.389394
1862.374394
2078.435424
2149.323455
1982.484683
2159.245455
2042.125091
1905.241303
1856.652758
1776.084625
2012.723121
2236.837485
2373.806424
1966.632091
2265.030931
2249.180394
2071.943303
2096.357576
2056.396242
2285.056479
2001.734818
1990.508879
2171.104212
1884.802182
1894.874997
2152.790667
1956.863242
2150.523545
1966.722333
2032.939303
1903.557667
1984.275333
2023.195727
1975.587485
1876.976457
1918.891939
1989.578636
1810.590394
2254.530394
1880.879612
2312.899000
2043.883030
2155.653970
2017.219818
2029.344766
1944.968121
2092.428909
1986.982909
2122.467576
2034.148708
2036.675758
2185.861818
1779.783485
2087.547424
2031.767741
1962.550788
2191.225424
2261.726879
1977.916576
1872.415744
2354.863273
1994.664667
1951.557848
1894.345394
1987.835474
1939.833636
1941.311727
1994.975485
2259.111485
2202.701447
2125.421030
2036.610879
2018.819909
2284.177394
2076.409995
2187.564182
2057.375152
2013.567212
1893.993909
1913.808150
1931.814606
2050.888939
1960.330758
2060.787030
1783.930971
2141.375242
2171.508091
1950.356606
2173.983303
1907.341731
2140.991576
1971.910848
2034.304879
2100.640879
1748.735249
2108.961212
2013.489545
1924.332273
2227.129212
1884.113222
2112.314152
2175.121818
1879.186758
1918.252394
1919.253255
1781.750697
1954.428182
2035.751727
1752.791697
2015.803470
1892.372485
2029.761030
2234.052485
2398.320182
2228.551412
1967.124455
1935.063576
2002.779758
1889.119333
2096.588748
1891.098152
2028.105970
1958.023242
2106.176364
2028.326812
2107.618788
2083.339273
2334.121515
2387.499970
1847.070602
2142.323545
1941.773091
2167.872879
2193.965242
1920.020545
1806.906939
1947.927879
2222.278455
1943.345848
1975.283002
1935.504242
1933.696636
2216.954818
1896.802939
1979.818338
2156.291000
1780.590485
2145.080091
2021.001333
2027.407311
2081.558182
2004.997394
1960.280667
1908.423091
1943.845404
2088.515333
2070.438061
2045.216455
2172.512939
2112.005953
2177.616970
2216.767939
2103.083515
2156.804242
1951.659228
2127.851364
1837.201606
2001.884121
2189.686485
1915.096473
1954.967909
2135.121818
2087.526788
1886.932000
1953.690840
2116.232182
1751.293030
1914.765455
1981.933061
2097.711176
1985.093333
2098.214424
1973.832758
2109.258000
1710.372815
2145.719212
2082.986242
2028.921970
2227.762667
1829.465121
1830.901061
2215.076242
2153.438152
1967.778121
2039.924518
2131.187667
2110.040727
1973.035576
1934.268455
1899.023939
1829.670581
2256.600061
1796.309636
2082.108848
2037.094333
1863.588402
2130.602394
2295.467212
1974.259515
2190.127909
1737.248466
2144.156636
1935.711242
2057.181848
2156.234061
1935.930620
2197.539485
2160.185636
2055.958121
2032.136455
2047.162896
1982.725242
2163.676182
2211.537303
1703.725909
1889.874353
1932.398727
1898.733242
2003.452152
2114.290091
1934.801083
2339.657879
2094.105879
1763.920848
1931.335364
1926.072510
1982.627485
1923.440848
2004.126909
1986.760636
1623.366634
2057.801242
1835.413212
1930.812152
2185.319879
2015.832122
1884.344091
1909.929970
1943.745000
2264.817061
1849.910489
2083.049606
2100.422485
2061.752606
1948.336848
1936.810128
2109.774303
2204.367030
2099.870848
1967.964242
1870.232131
2063.817848
1890.252788
2118.365515
2148.537303
2122.636073
1843.129273
2065.413909
1919.153061
2317.704818
1927.045500
2114.867606
1930.481424
1969.196333
2078.196727
1920.902988
2145.787636
2080.174727
1900.050879
2317.330000
1935.130627
2055.916667
2092.345848
1938.651939
2536.009606
1843.319115
2226.010667
1775.157788
1990.245152
2196.607121
2006.820117
2004.894879
2090.411424
1979.847879
2020.585909
2141.481363
2266.229030
1978.875545
2360.056758
1847.055212
1953.108820
2161.764636
2213.306667
2006.643879
1823.731152
1777.155187
2254.666576
2126.112909
2125.915182
1936.322424
1949.924462
2015.526970
1765.542303
2064.994394
1848.964394
2139.535041
2058.734879
1965.987455
1945.322818
1955.353061
2181.010953
2032.379697
2120.463576
2060.794606
2048.858515
1930.332683
1682.254545
2165.433606
2020.913394
2206.148273
2144.732473
2160.154879
2185.956152
2098.669000
2125.657788
2039.530295
2085.014576
2073.213000
2008.353333
2100.204152
2097.040176
2062.270939
1891.619970
2026.940242
2220.809333
2171.884906
2238.403606
1999.533424
2140.984394
1764.170576
1642.655879
1991.103121
2142.293879
2251.768273
2023.984394
2062.502760
2090.690485
1944.583879
1911.789000
1957.034152
1835.048430
2092.170606
2019.955152
2216.023848
1914.663636
2120.210342
1946.314727
1970.205455
1935.758273
1932.809455
1976.390436
1841.308152
2210.343545
2109.620909
2334.021091
2054.580984
1962.209364
2049.023697
2086.169515
2051.653727
2064.459835
2228.999000
2006.791000
2089.332333
2102.767303
2325.586141
2140.426394
2306.219242
2196.203727
2016.717697
1809.960659
1992.824242
2062.557182
2057.935242
1836.832212
1726.777480
1970.999939
2206.720970
1966.328606
1915.496576
1968.700362
2087.698909
2070.370364
2071.072121
2065.484394
1963.245789
1988.167636
2202.005939
2037.149848
1877.319242
2055.759913
1858.250182
1976.933121
2108.036061
1923.550455
1824.564855
1996.563818
2106.164606
2287.509455
1984.721727
2202.704434
2165.193030
1857.839000
1999.825061
2185.449333
1834.133346
2001.139485
1866.704242
2197.520515
2067.884697
1828.270742
2113.350515
2172.787303
2179.530970
2004.406000
1938.620503
2097.976303
2012.147788
2164.314818
2050.825848
2001.243384
2151.262939
1905.224848
2120.398939
2313.144606
2170.427478
2312.788636
1961.674515
1898.138515
2142.754394
1971.420966
2009.628242
2068.214152
1934.894424
1985.198273
1927.560545
2099.674939
2122.282152
2366.569455
1905.838212
1950.313608
1988.366758
2002.574424
1911.739394
2219.084636
1924.750944
2125.069030
1910.742515
1914.777909
2110.807970
2064.137129
2144.528364
1884.162879
1821.996182
1910.863394
2061.214041
1880.842879
2262.450121
2008.495303
2017.626515
1884.617710
2025.815788
2007.721455
2403.597091
2075.780000
1819.015259
2171.183455
1938.836758
2108.598939
2179.767667
2097.636867
2115.431273
2246.667424
1988.414182
1982.873303
1853.638840
1800.750939
2132.714606
2006.690485
1920.380848
2022.489267
2046.721758
1826.761636
2031.399636
1973.523606
2004.672694
2309.348788
2247.561121
2116.304000
2077.053121
2132.020758
2225.311424
2266.988364
2101.664424
1883.011212
1968.749457
1861.220091
1876.505727
2122.472515
1910.283242
1965.272733
2053.995545
2004.860848
2202.142818
2202.977394
1933.956342
2285.055970
2143.203818
2005.561303
2173.507758
1974.071375
2287.000121
2163.713636
1997.553758
2115.110303
1758.134317
1996.945182
2245.272455
2184.927485
2237.387636
2169.964078
2108.838000
2352.543758
1866.642727
1979.629909
1805.434868
2053.799909
2249.928394
2010.387303
2118.298879
1801.381841
2226.163909
1879.996970
2160.915394
2138.696061
1757.202904
2110.834333
2247.805121
2052.474424
2115.250303
2031.524877
1950.252909
2029.251455
1775.393636
1956.777455
2202.353183
1972.143000
1941.496758
1859.954667
2007.452273
1906.507125
1928.173606
2029.399121
2002.733152
2157.898212
1836.568249
2096.048848
1850.796273
2193.772182
1970.144364
2017.808706
2080.223182
2039.840636
2061.107667
1985.197121
2086.546618
1894.750121
2101.436242
2067.322242
1885.573848
1894.483682
2126.085061
1872.771364
1973.210606
2054.451273
2091.686836
2125.453455
1945.284606
2225.236667
2348.923273
2212.157718
2156.347394
1998.007697
2014.482788
2092.197061
1867.543630
2026.907030
1915.839606
2043.415788
1894.251030
1999.547208
2254.766212
2124.208242
1931.240242
2059.305091
1789.025272
1931.157909
1969.935273
2024.339727
2070.778909
2038.893911
2030.486818
1861.457515
1874.439242
2094.322485
1924.146490
1951.218303
1872.463333
2143.995242
2144.888576
1922.050402
1978.136545
1870.184030
2024.221727
2091.963242
1778.634132
1870.948333
1969.601273
1949.484424
2008.807576
1748.527710
1801.203394
2051.834879
2059.127485
2132.412879
1767.323865
2079.471788
2100.038758
2021.239061
2068.506212
2024.868807
1954.368000
2062.447152
2154.990636
2016.095121
1947.537325
1853.254909
1968.712697
1980.867061
1989.726061
1889.077358
2056.975879
1926.417788
2330.019303
2146.249515
1702.811361
2270.385818
2136.547212
1937.515727
1978.862515
1894.430909
1810.470515
1813.023212
2416.929121
2060.232333
2148.039185
2320.936212
2106.078545
1867.465242
2150.223424
2116.160006
2093.986636
1903.830667
1987.309697
1996.128848
1674.293615
2139.164788
2064.449091
2149.076242
1945.488455
2070.116648
1993.932727
2184.978788
2046.839394
2280.633455
1973.806287
1848.578394
1851.512970
1990.081848
2328.825818
1901.624835
2116.243455
1953.657788
1934.211424
2088.335970
2087.142656
2235.107879
2217.229879
2163.963667
1990.372121
1882.003417
2292.874273
2032.507727
2013.245242
1952.674455
1966.755844
1957.318455
2094.228515
2075.438788
2080.787515
2055.463119
2266.645970
2069.884455
2297.416727
2130.857697
1970.113577
2359.417212
2193.367848
2054.977788
1871.820394
1938.649034
1738.657818
2189.902061
2238.754242
2157.003758
1916.455916
1930.100485
1790.640242
2031.463788
2006.570818
2016.608191
1883.062061
1980.940515
2236.107273
2043.774758
1820.795770
2137.044364
2099.582818
1983.024121
2082.091697
1737.437258
1873.802970
1933.525485
2073.483848
1881.563455
2053.825200
2084.621788
2002.785909
1697.952455
2096.163970
1680.205324
2052.655000
1976.416091
2122.149697
2016.259939
2087.052115
2009.882455
2082.502424
1987.801576
2252.090424
1936.925360
2113.107152
2117.081030
2017.723545
2091.179939
1945.521757
2132.582303
2027.870303
2115.324515
2075.197182
1754.857244
2057.982909
1895.355697
1872.929970
1749.877485
1943.090217
2113.056212
2080.334030
2264.678030
1927.101879
1885.847008
2217.910909
2178.458879
2178.633727
2144.875788
1758.738132
2086.735000
2131.355121
1950.250182
2265.203061
1962.208710
2104.969909
2210.961727
2276.706485
2153.477303
1888.387895
2220.339091
2042.958576
1935.162545
1917.821788
2049.158292
2023.428909
2092.994697
2098.410333
2260.788697
1656.679779
2088.567394
1835.012333
1829.090394
2181.917424
1907.459812
2019.592485
2195.146515
1970.292424
2087.994606
1770.597512
1933.864909
2188.355697
2258.562030
2174.387091
1949.802636
2066.653212
1892.193515
1972.411545
2250.706242
1841.769397
1945.973455
1890.888273
2092.390303
2056.611394
1839.734521
1737.735333
2016.562242
2193.547303
1978.043061
2123.190069
1946.502515
1992.217424
1924.308879
2025.604879
1879.086466
2183.948576
2101.936606
2184.974182
2095.105727
1998.918681
1910.685030
1951.746727
2273.080061
2054.507182
1951.041108
2276.275606
1855.610758
2111.461394
1889.112061
2051.868020
2149.502576
1993.806364
2189.400121
2022.035242
1879.622902
1996.654273
1810.614818
2006.681303
2443.077424
1898.435692
2227.751000
2108.763818
2115.502152
2113.988273
1644.184483
2259.431061
1850.208970
2012.045727
2207.989939
2266.897062
2087.158333
1884.957394
1949.970030
1948.994848
1987.408883
2244.726879
2049.403121
1998.378545
1800.973212
2142.010098
1790.571636
2219.606182
1871.121879
2010.742576
2104.258252
1981.216182
2144.800303
2012.891909
1772.009515
1850.402649
1898.966212
2014.778606
2003.891515
2108.104485
2190.696197
1949.770455
1936.772515
2145.296606
2397.771485
1878.480866
1868.176788
1750.271273
1969.864424
1880.964303
1950.119991
2007.507727
2212.433727
2146.982030
2081.745364
1868.059630
2339.585152
1799.956364
2245.043909
2000.310606
1788.342511
2013.417667
2086.881909
2037.190455
2328.792788
1965.247908
2068.143182
1918.638455
2249.684848
1973.716424
2158.147032
2160.074273
2102.447545
2079.624030
1875.751091
1933.674096
1927.814818
2278.178515
1955.749242
1962.488000
1974.224886
2144.373545
2066.490909
2100.580879
2211.270636
