2496.343750
2397.152824
2224.852412
2435.917838
2456.292540
2493.774338
2503.264765
2281.711956
2308.700515
2303.214350
2467.234088
2569.717500
2448.696074
2328.043426
2395.098483
2600.305294
2325.770721
2298.222926
2449.871500
2159.057926
2308.570147
2385.691309
2360.161015
2420.518956
2404.594251
2412.143044
2377.445471
2164.732809
2492.220029
2284.738193
2436.100765
2614.714368
2383.814206
2428.072044
2461.856107
2323.540515
2652.394603
2445.893221
2478.611618
2345.003770
2444.721265
2329.685485
2544.578088
2351.333941
2420.118830
2293.078544
2422.537441
2394.967132
2409.487191
2279.288993
2474.132162
2245.499824
2450.146588
2374.521941
2471.277039
2239.608382
2283.765574
2568.288426
2476.259897
2419.301011
2257.992074
2282.415632
2619.358721
2452.511750
2395.482115
2445.775662
2399.117809
2404.339603
2277.980632
2324.000205
2293.210426
2523.494029
2494.469309
2292.427926
2225.612382
2278.462647
2221.046324
2320.791059
2350.608132
2404.681663
2429.305529
2294.628132
2301.517206
2438.224603
2335.388429
2266.610471
2404.376397
2259.673853
2417.609471
2531.620754
2417.509882
2263.197324
2530.403176
2366.544676
2360.982108
2255.191853
2165.418809
2440.241985
2251.547941
2276.218051
2649.448074
2428.829735
2608.419912
2515.105147
2390.290258
2322.234059
2586.789118
2335.893015
2342.284809
2469.601304
2263.358868
2372.958956
2414.329294
2411.831735
2338.099893
2209.288118
2421.169588
2332.888809
2285.115412
2424.424865
2494.657456
2380.604941
2367.139912
2455.920235
2396.205087
2482.161132
2348.627265
2358.731691
2587.685412
2304.833927
2363.131103
2483.656588
2397.551471
2609.091250
2308.148208
2302.338779
2461.011838
2460.804118
2314.218559
2332.918194
2443.086897
2284.059544
2403.764779
2361.799574
2480.411858
2278.434426
2471.536294
2457.536412
2510.960338
2334.049727
2343.646941
2388.623868
2426.239015
2215.514529
2455.278537
2244.808441
2388.358338
2335.924647
2359.558706
2379.454082
2538.506353
2508.158676
2251.166103
2432.526426
2444.904760
2493.758191
2215.372544
2367.441221
2504.607309
2491.876938
2291.852706
2562.887162
2608.927162
2320.903176
2475.277778
2334.038618
2416.003265
2418.871397
2400.511559
2292.691411
2303.301324
2434.527088
2502.407941
2280.492706
2472.723692
2248.970103
2666.889618
2491.539588
2338.661412
2546.094385
2522.186824
2383.540191
2455.904882
2482.343544
2533.947518
2735.074824
2433.041147
2280.547147
2326.065647
2373.992696
2468.847926
2663.242324
2450.088853
2262.515941
2394.860624
2216.549544
2474.441397
2455.559676
2443.143706
2381.107346
2355.083824
2523.479779
2277.570235
2287.760221
2329.172024
2305.825824
2251.908897
2623.164618
2313.312471
2394.131246
2364.799926
2661.329250
2473.934235
2358.348985
2331.319277
2472.417044
2401.681162
2347.647485
2534.753544
2423.171043
2464.766176
2465.744000
2447.303676
2404.460441
2239.190941
2311.571441
2303.452544
2231.189956
2151.340500
2091.013663
2485.197279
2448.338765
2502.732529
2282.044779
2491.950206
2368.421782
2398.809132
2215.044324
2502.707897
2431.933662
2284.107431
2673.315441
2532.980176
2321.897765
2482.192676
2269.121535
2592.568206
2356.004162
2381.028676
2309.279794
2471.363286
2315.363485
2489.422588
2446.474088
2427.912559
2368.094494
2285.039118
2576.661059
2512.928250
2499.138838
2496.859657
2613.902471
2280.493000
2222.368000
2447.276912
2299.536511
2453.974000
2245.716250
2365.942074
2440.506500
2507.483601
2489.436765
2420.177485
2624.958074
2462.746132
2398.527661
2445.125485
2375.905824
2489.311250
2434.597574
2415.313648
2434.595941
2459.199221
2358.340353
2403.442456
2508.277737
2510.394794
2375.432485
2280.345162
2514.432544
2288.191430
2501.926103
2638.425397
2343.217662
2250.243838
2352.190460
2306.360721
2357.753515
2417.772324
2395.715662
2341.927300
2487.213647
2403.387809
2481.732985
2440.760338
2155.779551
2564.037294
2309.315265
2335.463338
2553.671338
2165.241965
2460.346515
2178.322868
2474.194044
2589.770206
2578.516510
2508.956500
2435.619882
2416.973118
2403.403221
2283.648747
2404.972897
2541.232412
2578.917985
2280.642250
2424.575719
2458.661971
2414.926706
2269.957574
2247.918588
2279.478073
2350.748676
2382.075103
2419.744912
2545.506971
2428.184898
2292.894588
2467.335838
2392.877912
2315.754691
2331.633149
2505.468118
2395.900088
2372.436015
2368.532868
2427.740445
2449.144132
2485.896279
2359.074779
2271.948368
2437.379034
2344.921882
2338.000485
2405.464250
2385.728309
2277.536742
2376.315868
2437.021559
2337.210235
2526.159294
2483.808317
2329.121824
2670.436618
2582.424632
2431.764000
2486.599318
2245.322191
2483.807176
2462.121574
2361.357632
2285.026981
2572.833824
2379.484588
2348.422059
2500.903926
2208.482174
2488.203779
2444.329147
2428.407368
2523.299809
2436.923455
2339.885294
2393.263456
2229.922882
2392.038132
2493.597397
2568.683015
2436.281515
2281.806000
2337.745824
2172.662913
2327.091309
2424.693059
2410.027588
2587.091368
2312.430547
2377.364941
2376.244250
2566.802706
2320.488779
2315.915151
2315.125603
2222.440162
2557.937206
2512.643309
2411.842800
2400.872250
2368.426044
2703.274382
2460.186368
2154.221875
2379.196250
2454.679279
2423.095824
2201.832382
2326.313538
2241.339176
2312.609485
2366.664897
2439.529044
2384.529127
2538.617353
2341.056662
2672.344191
2496.252412
2531.278217
2544.537338
2585.049515
2346.730956
2286.180397
2317.279027
2514.448309
2484.779118
2382.071221
2312.285221
2550.622778
2340.413015
2598.715735
2522.097191
2506.393456
2150.672603
2348.992912
2541.726985
2371.347044
2426.476309
2230.038119
2372.111118
2531.773279
2536.461176
2418.250353
2388.553018
2384.499691
2755.055118
2600.982456
2359.552765
2432.453152
2551.273779
2539.023059
2241.707397
2559.806147
2293.913227
2587.772176
2592.464176
2350.701426
2446.035853
2205.191596
2275.252868
2577.162647
2464.429074
2314.235206
2455.734494
2252.923765
2404.516985
2330.886809
2477.388868
2318.789672
2394.934000
2575.031397
2473.602515
2619.182279
2532.230070
2166.871912
2327.650353
2417.410000
2590.171735
2300.777072
2549.935206
2602.290676
2563.859206
2412.486000
2343.409088
2283.596971
2408.114618
2246.235441
2427.913426
2513.074839
2560.558250
2523.124426
2437.945397
2191.829353
2432.608576
2584.443971
2531.846353
2324.236118
2424.974309
2457.201695
2251.086426
2398.571397
2449.248456
2553.594985
2335.918887
2540.394426
2368.456647
2583.776044
2407.107103
2417.422683
2421.189897
2532.847044
2161.131103
2455.545456
2382.667228
2483.410338
2416.195132
2594.159544
2436.386794
2473.714553
2217.574912
2319.444029
2372.189588
2317.684029
2092.940878
2526.725926
2416.995926
2387.054029
2463.090235
2155.690071
2323.147309
2517.756265
2586.780088
2389.028897
2389.842175
2404.878529
2442.101176
2272.099897
2433.270382
2308.366324
2519.906265
2591.728794
2424.330118
2200.510265
2207.495854
2520.341868
2421.097750
2311.440191
2286.899162
2183.843562
2547.765676
2372.753426
2279.653765
2439.648103
2449.023166
2419.259544
2452.951853
2585.939471
2571.992338
2126.510961
2311.795691
2437.851985
2453.403529
2361.168882
2361.333772
2438.420309
2346.659721
2303.184500
2376.691338
2162.648494
2271.945794
2535.309382
2461.163544
2402.826103
2394.300113
2322.303044
2570.964515
2396.475015
2255.736691
2432.372467
2377.438353
2534.540618
2322.647691
2320.362015
2235.715968
2589.400750
2649.443838
2395.915721
2554.712765
2197.467631
2263.400618
2464.892221
2272.555956
2409.211441
2530.652883
2473.547706
2463.122088
2428.839618
2362.744338
2396.122428
2503.934485
2400.929324
2583.114471
2458.651588
2274.698989
2365.023971
2523.722794
2528.323515
2407.302941
2324.428505
2551.101044
2237.711515
2465.325382
2457.445353
2456.410594
2505.644574
2335.247971
2425.613824
2535.558162
2235.733566
2333.219750
2465.842471
2498.431353
2429.741971
2436.696406
2330.719632
2431.264309
2560.790074
2587.176456
2430.078275
2400.587956
2631.740044
2346.955074
2318.562294
2435.061173
2445.234750
2465.349794
2479.430676
2343.729500
2366.925469
2535.708279
2411.197544
2229.633618
2238.592559
2371.125764
2380.236956
2266.987191
2280.858176
2232.856750
2271.794942
2251.801426
2291.233735
2462.770985
2556.006176
2223.485105
2288.406794
2533.327426
2433.078750
2448.887088
2268.771298
2461.196618
2518.527015
2252.298500
2501.308574
2434.027005
2449.947853
2229.711824
2484.448515
2442.093162
2264.066242
2407.402794
2360.394926
2294.238368
2490.658706
2100.482611
2492.265441
2269.499294
2388.390338
2379.150647
2261.344980
2364.379147
2406.801824
2230.164176
2602.303147
2371.859540
2380.270912
2429.691882
2409.678221
2477.121779
2442.728056
2449.077088
2447.325838
2212.242588
2572.472618
2670.323734
2579.281824
2224.123956
2386.824426
2399.469000
2438.157529
2357.591779
2412.358794
2331.685265
2419.188324
2147.733207
2666.765015
2401.490529
2250.520676
2388.542559
2452.621429
2353.256912
2511.729191
2505.171662
2281.824912
2181.073563
2487.047750
2399.471912
2421.146912
2419.339206
2160.139020
2425.183574
2522.833765
2388.308294
2584.510779
2377.141757
2368.266103
2378.393132
2359.668103
2449.312647
2245.659405
2484.414176
2403.035985
2506.711294
2370.481618
2469.625245
2450.190147
2348.934353
2399.962721
2419.410985
2204.100996
2234.192882
2440.349941
2266.586618
2435.294265
2346.820792
2270.343676
2484.838912
2529.287147
2674.201265
2579.606381
2450.148838
2386.063485
2454.106044
2364.533588
2346.809853
2371.637882
2552.013765
2276.030721
2317.286368
2299.135722
2307.465779
2412.732338
2263.554500
2217.225147
2461.338327
2521.415324
2594.766838
2357.072338
2407.958794
2385.434960
2394.713559
2483.342559
2471.185809
2296.421647
2329.197359
2487.237926
2168.939206
2330.768206
2398.882397
2514.508375
2396.333676
2287.002382
2386.106338
2275.837926
2355.029509
2270.520632
2537.194529
2335.258368
2420.413441
2386.164437
2172.220147
2531.871706
2254.354632
2531.482456
2441.062482
2337.436912
2549.650632
2510.355912
2366.438941
2324.315763
2340.053250
2390.935926
2365.718118
2449.508691
2646.173867
2329.078147
2299.255941
2750.760735
2449.684074
2370.426648
2554.868750
2575.047779
2533.818324
2461.108206
2327.274752
2280.784588
2350.542103
2420.551485
2387.438853
2378.404018
2327.149779
2413.456941
2435.674588
2373.815838
2371.007887
2373.670824
2271.843029
2546.718103
2300.343824
2421.876006
2723.046088
2433.221632
2427.951809
2628.540912
2261.244361
2346.856632
2539.387794
2454.762647
2381.107368
2325.007994
2424.678397
2279.568544
2457.917897
2470.236324
2359.168746
2156.008603
2346.085824
2369.472250
2372.944500
2449.860983
2381.297441
2345.499721
2248.060426
2295.168750
2543.954528
2406.228353
2351.831382
2323.033985
2326.991191
2564.297559
2536.897074
2692.555603
2371.559000
2374.892338
2338.307325
2394.913206
2344.445279
2532.288706
2403.939721
2261.577209
2305.194353
2466.569529
2455.687603
2355.967603
2478.857931
2476.819985
2208.368618
2415.557456
2390.348588
2351.584697
2528.582735
2424.408750
2456.460368
2377.935544
2224.614772
2354.003676
2456.412618
2547.684897
2506.222397
2457.158597
2504.261574
2353.756691
2336.923044
2299.983250
2295.173863
2626.160721
2442.633721
2405.440294
2365.058750
2438.159482
2366.847191
2416.810279
2544.450088
2562.736118
2420.214836
2441.736779
2638.641882
2452.899691
2536.439853
2259.922940
2375.014176
2423.739456
2457.033265
2564.783118
2288.420456
2422.139559
2402.087162
2459.220515
2646.187456
2125.451414
2404.105574
2582.936235
2374.827235
2352.416044
2532.705680
2409.023015
2482.754765
2437.223941
2381.161765
2199.503549
2400.506265
2572.330485
2429.521294
2330.606221
2430.502918
2273.575485
2441.522088
2485.769971
2480.466324
2533.843257
2393.035868
2457.988471
2389.370941
2405.654544
2310.161170
2254.234912
2500.493868
2492.697338
2257.061235
2365.403481
2452.076162
2316.409926
2459.236824
2323.295574
2227.409997
2534.375956
2427.977147
2476.697824
2502.053897
2598.422439
2552.644382
2408.700191
2496.838191
2369.377221
2262.015514
2346.203706
2537.068265
2524.613000
2313.924824
2597.200898
2462.428485
2453.196412
2442.643294
2255.087574
2203.328546
2539.010926
2312.198750
2362.009647
2222.611412
2324.609386
2538.488956
2492.970912
2366.617632
2575.966941
