7154.908926
6328.162456
6466.717662
6401.620956
6415.978451
6957.791265
6072.854426
7156.248456
6804.794044
6674.642747
6396.475926
6795.702500
6385.209221
6428.691897
7206.150881
6782.114147
6217.718485
6117.822015
6748.903029
6778.066661
6897.004941
6003.120868
6165.272588
6259.304632
6888.793574
6375.914559
6875.135559
6450.756721
6429.766279
6795.685311
6629.684485
6271.178750
6100.521294
5684.102235
6378.604136
6523.256103
6143.026985
6754.661279
6019.570559
6836.244343
6558.117176
6410.600662
6669.530397
6961.900662
5514.488153
6237.296868
6186.586118
6996.360956
6586.157721
5899.795434
6526.970044
6124.605338
6348.133279
7062.613368
6248.541656
6869.886868
6421.016397
6581.926118
6201.964368
7006.089805
6481.902897
6377.372721
6166.317250
6932.966382
6014.596688
6471.591368
6008.568809
6595.493441
5892.370176
6642.402131
6703.587176
6857.187515
6097.450750
6441.600235
6571.596632
6462.915206
6189.124515
6476.353103
6677.864868
6313.903898
6964.806676
6059.903456
6721.421074
6674.078735
6707.553473
6296.564662
6919.396309
6406.121397
6920.441956
6699.516886
6447.021971
6599.877176
6324.123206
6783.905000
5643.384888
6681.189676
6598.192279
6210.763353
6186.096618
6114.668742
6248.249044
6080.619412
6694.884029
6505.742426
5977.840626
6889.255750
6288.081412
6463.148515
6233.107603
6469.031495
6354.413309
6996.631015
6742.991000
6322.928206
6096.531555
6339.533706
6658.943647
6503.580750
6534.834912
5831.097601
6616.179000
7182.788162
6325.528882
6257.804397
6201.048837
6504.327176
6395.503132
6649.049279
6136.962162
6458.252868
6560.269824
6160.914382
6570.444118
7013.981147
6170.789061
6875.029015
6146.472765
6929.590559
6495.083662
6789.472856
6371.329162
6644.528338
6374.010574
6439.373485
6680.796034
6627.177779
6425.742235
6494.683074
6627.015279
6703.331050
6078.295618
6199.610250
6296.250074
6569.582235
6730.676816
6479.864029
6215.681706
6689.508309
6763.169147
6345.463920
6600.960721
6470.053721
6431.527132
6380.475191
6326.351701
6232.600397
6869.360588
6389.152250
6086.815000
6420.567364
6388.575706
6725.506926
6370.930235
6643.898426
6397.357616
6407.993529
6272.394735
6870.213103
6666.867118
6051.031750
7127.624868
6473.180368
6633.674632
6391.999015
6413.689207
6738.314397
6262.676235
6355.409471
6307.777809
6421.147488
6021.646221
6660.493147
6045.894971
6538.179691
6666.336386
6086.269338
6781.419882
6175.077353
6513.626250
6220.555976
5481.343515
6400.424147
6806.279912
6261.847074
5846.932801
6241.474647
6027.891103
6424.191265
6636.818074
6116.420581
6262.817691
6865.014059
6392.923765
6410.284338
6002.559053
6368.478382
5955.119956
6685.446294
6332.099559
6067.057099
6532.506485
6355.639912
6005.171971
6811.607941
6749.534688
6152.938809
6538.767765
6636.782882
6294.666000
6495.117484
6386.399603
6688.374397
6186.378603
6760.693118
6684.210956
6238.457059
6711.283441
6647.806074
6297.961015
6553.741663
6337.477191
6490.425368
5989.678779
6116.027176
6776.458603
6292.239988
6480.671294
6483.650441
6678.849368
6741.505353
6506.366578
6199.010676
5899.639265
6965.441382
6543.911235
6333.061314
6153.494765
7100.650971
6535.905265
6586.208147
6400.035227
5624.305074
6667.621044
6239.518926
6339.305618
6416.359920
6681.165324
6204.627191
6537.551765
6352.829426
6530.862421
6732.503794
6302.062544
6419.114500
6197.642044
6322.534702
6475.888456
6485.963779
6555.245485
6288.466044
6328.609924
6718.018279
6024.027059
6775.216309
5591.678912
6478.456720
6902.671838
6901.820824
6231.886471
6390.726632
6892.101427
6759.039603
6773.952353
6966.711382
6569.528221
6139.894222
6504.410132
7015.146603
7153.172985
6159.356485
6402.525989
6229.618353
6113.537868
6668.352574
6727.545221
6393.770431
6707.749074
6268.733265
6617.629971
6441.833147
6544.363638
6629.381191
6302.687088
6234.535132
6777.863029
6601.663669
6625.904500
6331.724824
6392.265103
6549.705985
5956.588670
6707.203441
6413.130779
6495.974559
6148.972162
6342.693672
7042.192088
6364.946191
5937.331926
6700.644294
5888.423556
6621.470397
6240.531882
6310.831765
6232.899206
6377.911395
6589.295206
6239.905838
7324.546868
6287.835632
6466.145411
6933.253735
5928.110941
6791.374235
6688.581382
6634.221486
6558.504941
6508.420750
6645.666485
6850.822559
6419.839723
6262.147706
6481.406897
6006.960574
6414.013882
6080.869960
6600.023618
6647.722544
6598.244926
6318.311500
6220.351079
6541.645574
6593.614426
6891.512706
6705.624603
6124.662801
6321.000044
6358.270074
6719.244338
6850.874603
6605.220655
6408.902706
6894.296088
6275.299647
6633.279221
6611.888994
6448.131632
6412.376721
6822.389000
7105.532338
6388.102246
6079.753426
6188.649559
6147.865412
6879.772250
6388.448968
6228.777015
6212.929897
6786.716015
6723.951603
6634.800822
6129.237603
6412.598515
6480.426118
6621.381118
6291.981206
6053.857706
6429.362074
6605.687868
6740.949794
6859.958428
6839.261412
6682.419456
6168.399485
6541.228279
6277.476944
6138.615824
6479.427397
6845.050456
6345.928176
6595.515019
6727.973662
6206.248603
6393.192324
6386.664750
6482.165006
6388.784750
6471.182015
6308.765338
6275.763441
6879.663522
6724.339426
6390.505471
6312.692559
6097.405456
6583.217052
6308.702618
5760.192221
6479.152294
5940.376324
6633.702098
6827.220971
6728.585603
6723.343618
5872.620618
5966.952835
6798.223603
6417.448015
6201.267118
6648.721456
6241.654895
6597.008647
6581.908279
6507.424603
6769.530000
6454.037940
6544.395765
5997.033647
6212.905382
6607.326309
6432.756383
6281.093853
6325.709279
6196.680794
6295.522662
6362.677061
6567.862118
6814.541662
6180.046662
6094.571779
6350.749297
6564.653382
6205.245103
6227.838103
6384.183074
6405.764005
6534.164941
6622.431000
6381.779088
6405.864426
6314.257359
6481.972926
6630.211221
6138.921515
6280.193691
6347.862743
5889.568500
6789.601809
6636.764941
6469.481029
6996.475038
6614.447691
6719.049221
6271.479574
6467.437603
6758.037069
6380.074750
6638.143441
6878.072794
6425.580706
6475.986203
6804.132441
6676.764574
6678.381882
6287.883559
6141.886101
6353.550368
7075.984029
6872.373397
6742.191103
6161.980441
6198.521191
6715.744985
6539.742471
6584.907294
6585.788913
6732.404662
6408.728397
6250.339559
5911.638162
6343.528032
6327.352162
6746.418029
6139.883250
6253.130912
6687.613210
6423.673132
6652.207029
6514.117618
6219.110265
6177.987034
5977.409176
5873.312456
6014.352750
6406.787735
5989.044036
6513.485794
7092.569441
6265.301426
6911.808015
6891.107978
6581.742044
6571.359309
6586.430632
6039.733632
6478.647686
6313.829794
6273.497926
6037.172868
6499.922853
6117.528731
6356.434382
6991.506882
6545.321338
6301.979809
6398.862174
6665.507603
6706.584250
5942.810265
6915.104029
6339.727602
6386.314206
7088.773926
6377.294309
6313.665779
6678.563000
6259.523515
6113.333632
6754.953191
6049.926279
6622.734045
6168.630456
6579.521971
6099.675632
6670.081324
6428.027709
6556.226074
6533.348279
6051.405706
6533.667441
6415.100784
6345.155250
6478.879941
6266.491412
6107.595338
6697.653300
6118.688603
6684.952868
6400.272471
6337.202338
6404.243007
6614.693544
6584.855588
6153.457000
6773.772397
6495.496935
6415.209176
6047.519897
6591.813824
6585.863794
5928.122480
6688.286029
6267.024324
6751.479868
6227.839029
6529.774246
5867.826853
7203.684897
6940.437059
6500.243309
6335.544042
6566.751750
6343.930221
6766.874515
6403.220588
6157.232999
6471.008162
5972.271088
6376.025971
6254.094529
6134.147177
6412.690838
6589.066103
6464.811029
6459.639735
6103.096002
6743.703191
6755.996426
6762.721882
6269.919926
6121.216077
6534.945309
6476.225956
6607.432706
6088.596779
6536.417946
6412.305926
6837.440529
6773.445662
6000.693941
6770.322197
6588.364338
6415.123868
6576.050147
6166.811015
6236.599007
6864.456588
6649.205132
6559.333765
6583.984015
6073.948406
6037.100118
6144.003324
6404.790735
6849.390412
6243.816172
6737.250574
5998.204338
6075.910912
6051.721853
6415.003835
6537.459412
6422.406088
6463.252103
6551.879882
6524.645292
6784.038794
5917.972706
6511.773353
6829.986294
6638.168941
6506.684676
6333.285147
6031.621794
6430.715279
6011.684780
6199.994265
6203.387868
6337.797632
6066.289397
6342.129591
6261.171206
6378.392118
6841.039912
6367.553794
6405.918004
6513.645485
6131.358676
6265.954824
6961.164485
6806.794093
6747.680015
6194.636882
6667.223588
6650.736574
6977.548536
6329.378265
6403.445456
5948.274618
6349.244588
6337.129758
6728.495206
6343.220162
6087.978294
6613.469015
5981.912803
6536.029029
6108.829941
6319.373559
6447.924721
6280.659643
6547.256647
6326.766574
6689.130912
6728.035691
6441.060585
6220.108206
6463.773544
6561.628765
6212.381368
6588.956469
6873.691368
6532.437971
6715.012824
6590.136941
6110.588279
6656.392471
6738.205147
6111.108441
5991.564824
6804.691928
6462.387603
6181.352897
6171.109588
6114.562309
5839.095312
6563.860662
5908.815882
6503.767397
6594.480221
6523.988078
6924.891838
6421.248176
6468.735735
6609.383971
6493.451520
6841.603235
6597.400618
6185.528294
6689.065588
6557.942110
6415.542897
6479.753191
6374.488279
7039.182882
6337.321817
6063.196353
6173.993000
6148.476956
6324.321147
6266.415039
6245.236382
6256.505794
6718.051779
6021.088000
6142.761379
6031.996853
6717.423882
6708.264779
6585.782162
6291.946115
6208.884588
5517.488809
6207.214676
6549.883809
6584.112117
6514.525897
6939.864618
6438.195515
6160.272500
5965.669442
6648.409868
6673.227603
6901.579971
6155.657809
6386.180781
6494.136132
6735.909779
6327.967309
6347.001265
6269.198856
6355.921250
6083.175029
6458.247500
6325.248441
6271.810872
6469.612426
6453.853338
6104.947662
6385.722250
6498.046374
6068.443676
6692.840779
6328.621956
6648.586882
6510.738993
6285.895662
6350.025103
6742.551691
6287.497868
6332.402082
6470.503794
6253.842662
6554.849662
6501.964500
6333.100848
6414.334529
6162.185574
6943.545971
6002.259691
6685.451761
6839.512691
6659.535647
6218.224235
6473.403779
6443.229042
6400.783926
6357.755368
6407.190176
6168.612779
6221.745279
6178.321441
6266.578221
6686.904191
6515.850515
6537.555398
6132.981088
6130.734676
6876.727765
6285.434309
6347.055841
6758.048294
6628.965647
6923.681868
6508.665574
6585.860989
6348.822515
6121.762529
6986.321294
6481.690971
6697.000343
6923.527029
6462.997662
6195.967176
6301.408191
6480.626918
6749.682235
6590.818676
6363.676162
6230.384941
6510.474081
6795.808750
7416.305971
6409.863971
6116.206559
6630.581892
6599.420721
6485.777662
6519.540691
6500.815941
6439.455819
6805.645059
6141.740294
6542.603868
5864.791324
6471.001585
6296.459603
6835.271868
6430.347853
6500.303941
6746.656028
6696.792897
6097.976338
6732.080118
6261.997691
6931.608765
6546.889647
6872.784074
6363.680235
6653.597794
6357.325957
6695.119426
6746.081456
6643.090824
6142.796956
6371.438459
6408.999691
6493.151721
6215.904794
6240.359750
6405.976210
7034.914118
6649.520191
6380.193029
6880.278882
6205.889800
6512.597838
6380.412559
6433.535147
6780.517706
6300.445301
6035.185971
6835.910956
6469.762279
5972.742324
6358.725302
6476.739309
6186.387765
6278.847971
6310.993250
6622.339818
6369.240735
6215.278250
6274.926471
6278.479221
6654.749143
6544.547853
6396.916721
6272.840368
6681.671926
5809.891439
6424.502529
6935.949735
7048.496132
6519.458750
6382.181205
6333.271456
5875.052956
5679.647015
5956.271221
6478.690030
5571.013794
6386.201426
6399.527588
6438.474485
6082.229017
5963.470324
6623.912985
6178.475250
6564.389118
6172.876665
5713.208456
6748.211971
6773.863926
6583.329809
6529.619402
6274.845353
6497.058735
6132.550559
6014.777294
6174.292153
6487.047279
7012.690618
6362.970824
6842.536368
6211.308037
6161.870897
6410.687250
6528.328221
6272.736779
7072.529950
6051.797250
6166.663015
6263.653015
6356.884868
6599.742569
6032.281926
6369.113897
6375.972941
6469.838015
6662.660688
6760.381956
6605.534750
6608.781676
6729.049985
6544.672116
6556.987279
6680.794074
6374.092691
6363.955044
6249.590750
6246.349485
6293.655912
6281.098368
6462.497721
6483.414619
6285.816926
6431.304206
6511.763485
7056.477338
6321.795282
6544.026824
6728.053456
6437.085485
6575.221956
6377.500239
6497.608147
6044.818750
6001.685529
6941.410485
