5595.948721
5295.911779
5228.488912
5547.285735
5336.363775
5230.606882
4749.490279
5385.347235
5616.636632
5310.564717
5112.936412
5260.341618
5348.180926
5099.243132
5312.553586
5472.488588
5145.345765
5604.723912
5180.512044
5448.721205
5982.545279
5516.777044
5944.938265
5487.458794
5149.608619
5126.371515
5370.295353
5885.078882
5202.377029
5033.666238
5071.648574
5188.450809
4890.734794
4889.811353
5285.053518
5536.278279
5287.359353
5119.135618
5317.390324
5119.165887
5418.775324
5006.642515
4744.552676
5472.991618
4963.944345
5368.414941
5372.107029
5608.440397
5493.985250
5271.388228
5314.138206
5090.797162
5462.096544
5918.363515
5645.180259
5428.646779
5517.736412
5807.857441
5034.022221
5783.791466
5379.218985
5133.681176
5426.964191
5505.756044
5198.408644
5187.697603
5438.244662
5590.000779
5256.122632
5458.007307
5327.466103
5535.402941
4959.289088
5366.832838
5521.765824
5136.039809
5141.595441
5253.707397
5830.607191
4942.074516
5324.990397
5440.398824
5579.443750
5233.300250
5250.085753
5296.778353
5186.222132
5457.706529
5672.204471
4972.863931
5040.044485
5580.327250
5281.905162
5332.312368
5005.139064
5648.238279
5169.187324
5230.967176
5321.062985
5131.141433
4975.036647
5175.439103
5799.754118
5541.845824
5369.471023
5306.354632
5760.025132
5301.695809
5923.510941
5211.071554
5438.992456
5225.600294
5067.821559
5318.060779
4813.551923
5577.263015
4963.168574
5446.014559
5326.072471
5397.727439
5794.224735
5640.291074
5569.382985
5588.488721
5435.743426
5225.584015
5592.253721
5698.871956
5359.601809
4982.544118
5901.775191
5474.427456
5358.592353
5615.671250
4695.673164
5518.174088
5116.469132
5437.226441
5448.799647
5639.654856
5236.523515
5633.050338
5484.877279
5039.762250
5424.604049
4776.652118
5309.350500
5629.354235
5200.084971
4894.121580
5114.252750
5376.366735
5218.004485
5076.250779
5320.950816
5224.922206
5029.715824
5328.216309
5521.504015
5441.167391
5284.668118
5480.725088
5406.441838
4964.303176
5937.317937
5134.603897
5538.236441
5347.391912
5402.515926
5398.241482
5623.816912
5316.410676
5252.983574
5663.072824
5432.706278
5525.507338
5396.428941
5182.241603
5161.233368
5173.453705
5522.682691
5051.550426
5457.690206
5332.714353
5429.083516
5570.829824
6069.028853
5323.185176
4961.174338
5564.991458
5064.977676
5493.935588
5814.281941
5251.858985
5067.318930
5135.247529
5543.052765
5504.745250
5188.433971
5411.440902
5413.621882
4753.297882
5444.863471
5100.275235
5092.613933
5765.280176
5397.133926
5475.760456
5621.778412
5265.050523
5189.219426
5375.283882
5702.001353
5256.157118
5340.149656
5128.699015
4811.637471
5693.221000
5410.504647
5535.440775
5425.942882
5204.089647
5387.913926
5050.240471
5492.348453
5103.127912
5454.167471
5568.911853
5020.674441
5508.986837
5325.240868
5387.199221
4961.559662
5435.491676
5423.306574
5141.810912
5116.408368
5546.561162
5717.591824
5233.184560
5445.598971
4874.693809
5259.398471
5536.108206
5906.837809
5347.407179
5588.430544
5639.939603
5364.730618
5339.652294
4946.695034
5224.477588
5221.438044
5202.216676
5502.013235
5145.881094
5824.990853
5363.067618
5677.014824
5352.538059
5147.123110
4832.387971
5264.775309
5421.479471
5221.933015
5075.434082
5303.790294
5112.114471
5294.951412
5380.495426
5333.152877
5952.275809
5240.050588
4792.638868
5292.828765
5096.389173
5360.102868
5494.105147
5231.919206
5383.061279
5430.532204
5469.781515
5237.862559
5454.225779
5074.890338
4949.934911
5551.378882
5112.551132
5307.475206
4932.427838
5537.834118
4902.150059
5605.998471
5069.619191
5406.539324
5198.905855
5371.791971
5659.066147
5392.705765
5350.258191
5174.973444
5448.977191
4956.446485
5575.128132
5499.100206
5523.023328
5518.274426
5011.155088
5829.819824
5595.388118
5119.839815
5220.362691
5772.826529
4928.828985
5697.246897
5270.282713
5625.954103
5115.955162
5596.907294
5519.479029
5370.187347
5296.893382
5402.531206
5363.260676
5140.045309
5394.364495
5374.313559
5396.271853
5497.584250
5047.922735
5127.501217
5410.748809
5034.459324
4989.236559
5139.638941
5512.392689
5195.353103
5047.366250
5855.651603
5954.937544
5329.766617
5248.513603
5181.732029
5202.762456
5395.623897
5438.452972
5554.829588
5043.208000
5654.578088
5307.694662
5264.355120
5047.958941
4963.621471
5315.830015
5575.349132
5035.662695
5542.549500
5152.698221
5357.758456
5511.648132
5348.061814
5488.882309
5541.494544
5308.399147
5540.376809
4182.626315
5498.554750
5405.943632
5094.858647
5511.925382
5366.486287
5926.658485
5665.559162
5295.676147
5215.825544
5472.827274
5475.782838
5261.137147
5404.360529
5678.929059
5122.798805
4868.218676
5648.871985
5187.536809
5241.483912
5380.345203
5404.756809
5083.163162
5227.045897
5245.074941
5866.553881
5047.993941
5444.551956
5591.504647
5317.289456
5505.495103
5035.035206
5622.023588
5382.347426
5274.616265
5481.784266
5425.030838
5687.991691
5518.803456
5347.338294
5588.898017
5025.939941
5347.385118
5025.140294
5396.596603
5541.795636
5071.891176
5465.553706
5386.897191
5226.277662
5065.779020
5379.862279
5356.034853
5357.196838
5357.367206
5346.585477
5624.660235
5423.653132
5321.819162
5318.707500
5501.588685
5063.721221
5667.458912
5239.597882
5616.474529
5664.839363
5344.466779
5096.021809
5017.766838
4905.918794
5315.067673
5519.667912
5459.973691
5168.856338
5648.742265
5723.643395
4896.301912
4991.866941
5227.943132
5426.205206
5134.349984
4796.566706
4747.939956
5968.116176
5588.532574
5053.462265
5160.700324
4952.300250
4969.208529
5179.979838
5593.521458
5338.489647
4585.728618
4840.552000
5944.018338
5511.565621
5368.028309
5166.122044
5160.177044
5363.275206
5045.117960
5357.249000
5328.116662
5449.946618
5667.913956
5052.723506
5473.795015
5633.114485
5198.710088
5326.551794
5305.315316
5218.463324
5459.420515
5195.929485
5328.992515
5409.842568
5221.523956
5810.337426
5662.654544
5386.427132
5183.983481
5222.694324
5734.783735
5087.137162
5281.642000
5271.334717
4936.185206
5424.538500
4669.032015
5250.278721
5408.258248
5261.444706
5367.048191
5884.946500
5085.303324
5496.006485
5568.803868
5134.908074
5475.971147
5777.878544
5567.751986
5319.364824
5544.901176
5333.891676
5136.231515
5459.601208
5228.171515
5672.895000
5173.947956
5264.325485
5349.072871
5646.246765
5493.461279
5181.049765
5036.966382
5098.657123
5432.033912
5100.733471
5306.690485
5294.930397
5204.874756
5057.955294
6076.595191
5424.554926
4900.666794
5249.441155
5460.175926
5499.901912
5570.921868
5393.148294
5308.925994
5221.703147
5417.204574
5198.844456
5714.515176
5269.113393
5273.648324
5345.060588
5415.771809
5460.772662
5270.791527
5502.649721
4881.498765
5112.441941
5453.403029
5702.193455
5676.940250
5465.370618
5837.837029
5218.609265
5144.951632
5300.630897
4565.130618
5756.752000
5084.140309
5389.283104
5306.089956
5798.649912
5019.640956
5218.402765
5187.361738
5140.829721
5399.774338
5324.361853
5610.829691
5268.403989
5142.468074
5244.853103
5158.075941
5284.880309
5538.945917
5489.057926
5290.638721
5282.501603
5409.354735
5682.809904
5619.903000
5043.780956
5563.075765
5510.483956
5373.387288
5434.291779
5252.766912
5405.659500
5611.863088
4936.951216
5353.520765
5192.164324
5372.598074
4915.329235
5768.053290
4854.102279
5558.835324
5298.303132
4985.648279
4769.624262
5556.212074
5440.772074
5734.893618
5320.516485
5189.198528
4895.628265
4983.304500
4985.790279
5580.102426
5367.373574
5869.536809
5079.299838
5180.333162
4970.216176
5319.843472
5251.754853
5137.166426
5047.633765
5183.468868
5113.007400
5238.809618
4977.963029
5304.576250
5438.648779
5317.759887
5747.681735
5434.578426
5296.792103
5508.570309
5650.456212
5143.575824
4852.723235
5724.435029
5335.592221
4921.889316
5092.210985
5310.924662
5468.106206
4925.504176
5070.377185
4992.234044
5183.480515
5334.194044
5218.562794
5367.653701
5376.763162
4988.235235
5709.657074
4911.886662
5553.945673
4908.585897
5235.027074
5087.535132
5386.103515
4906.484719
5346.442824
5252.077765
5197.550206
5058.058029
5450.992014
5182.674103
4701.745176
5524.262324
5707.816897
5181.850516
5466.704147
5805.889015
5358.782132
5577.149721
5241.116693
5464.002118
4771.023074
5101.221338
5459.235412
5334.840460
5417.845191
5818.255324
5354.195574
5283.020853
4891.322034
5527.595294
5415.945691
5358.421235
5100.664176
5693.100624
5182.995000
4918.774132
5157.190191
5167.114985
4990.779596
5349.087015
4909.906868
5328.363897
5168.623368
5592.185847
5084.692544
5098.389221
4910.541191
4972.418441
5201.486790
5308.316971
5375.572559
5285.889250
5512.294662
5427.183571
5533.663676
5029.125000
5306.044426
5199.836250
4980.768131
5366.104662
5769.789279
5343.980191
5493.456426
4908.225838
5468.346029
5470.739074
5438.721765
5219.378765
5599.152413
5322.460515
5537.453618
5149.691118
4943.838853
5308.139929
5401.759471
5200.109824
5321.716029
5154.238544
5770.507534
5449.076103
5388.282941
5349.239191
5440.790588
5381.693432
5247.158647
5700.779735
5077.542074
5673.683088
5855.146110
5140.973941
5228.244765
5469.224324
5207.976147
5374.535920
5341.640279
5244.723485
5330.411779
5585.465676
5041.147230
4890.849985
5328.124868
5583.649044
5460.692750
5196.291923
5435.228382
5330.586221
5421.541956
5509.934765
5340.637012
5224.813559
5157.055265
4880.239809
5136.119132
5245.043734
4939.021118
5592.209456
5389.503118
5309.850221
5376.206103
5119.661382
4767.231985
5567.497206
5396.167632
4991.496855
5374.411618
5006.452382
5064.725618
4949.978044
5304.437224
5877.681456
5200.627956
5412.170721
5397.070618
5304.407152
5412.247632
5798.724368
5348.882897
5332.663544
5063.426182
4815.826221
5639.023353
5688.109206
5415.213706
5898.296669
5293.459809
5196.615721
5480.540691
5484.238618
5098.619156
5415.530706
5107.928897
5442.290382
5732.109926
5077.581878
5229.433706
5755.083353
5398.261750
5052.393059
5220.932320
5198.459985
5593.126441
5269.981294
5844.904441
5273.144925
5203.731603
5453.548603
5593.189721
4960.421632
5110.686441
5756.670662
5463.188779
5164.526103
5572.915779
5552.491413
5406.613147
5348.946750
5042.346147
5211.403235
5318.650973
5223.822309
5407.930426
5491.666794
5569.768426
5006.345165
4718.806441
5120.635529
5298.339941
5169.744838
4944.166476
5448.844059
5207.105971
5028.298632
5046.039691
5008.401374
5662.345706
5402.154074
5593.100324
5145.728882
5510.928773
5504.478897
5205.214912
5518.105294
5417.641485
5564.813965
5987.988309
5549.359397
5155.607632
5312.742485
5406.131687
5401.969603
5080.858324
5174.537853
5104.692221
5052.469938
5138.911015
5196.856382
4916.344132
5423.324985
5427.147793
5327.720397
5825.067426
6137.229868
5667.266353
5520.224868
5273.242750
5297.676397
5463.294088
5200.096588
5083.693384
5992.753485
5527.746868
5353.515985
5359.241059
5432.842062
5559.491632
5274.901559
5288.269941
5322.415853
5167.670034
5989.523309
5095.270382
5192.989897
5528.742706
5087.455403
5196.042824
5199.882103
5320.966544
5390.486456
5431.250404
5316.104721
5491.002824
5101.115353
5194.050809
5336.838567
5106.471588
5288.645706
5468.823059
5837.780265
5351.490421
5213.295838
5480.793515
5595.187426
4811.966294
5514.587099
5333.270706
5172.988353
5773.263662
5181.438176
5131.969365
5012.064118
5291.531647
5409.609368
5769.750765
5137.828278
5447.203735
5325.634279
4950.706956
5250.167971
5292.379515
5318.016176
5058.453691
5306.032059
5662.978353
5507.769619
5103.150515
5239.296853
5308.270926
5100.702103
5351.244709
5471.096912
5220.592412
5195.166044
5292.220176
5409.410269
5155.748074
5158.291985
5344.331000
5539.162794
4873.660080
5180.636471
4845.534926
4954.063721
5080.491794
5313.090110
5255.433765
5214.032412
5385.785118
5648.635000
5770.123994
5289.857000
5148.522544
5380.912956
5289.826397
5059.418040
5096.710265
5595.870926
5825.642735
5631.956985
5066.187703
5391.186750
5558.845588
5364.195706
5414.347382
5561.009072
4957.370588
4747.417426
5500.768132
5070.078809
5160.118676
5009.810956
5754.327632
5123.014485
5560.414882
4951.371619
5451.922868
5160.698588
5124.309941
5337.892500
5027.822061
4902.425559
5357.664000
5040.425647
5605.896941
5631.116283
5120.550647
5728.670676
5092.552382
5172.550059
