4165.484824
4095.664250
4169.700000
4231.720750
4106.156745
4034.933559
3753.339662
3996.181147
4048.082147
4039.071100
4095.311735
4206.332956
4010.033250
4248.123544
3857.418925
4168.716971
4144.848632
4047.732441
4082.556882
4061.290220
4264.313250
4224.817971
4443.494324
3787.581338
4241.387030
4004.538368
3881.715074
4178.777559
4375.762235
4188.269385
4265.936015
4085.533074
4497.656735
4324.139368
3817.635901
4351.147750
4191.457603
4344.787147
4427.281735
4275.336829
4210.361088
4132.551044
4329.152118
4024.148544
4284.084168
3910.429971
4246.408176
4126.722029
4550.376294
4279.943802
4080.225706
4068.729647
4161.712956
4300.858265
3987.526715
4131.667265
3964.625559
4053.474338
4236.753515
4226.199055
4024.736176
4049.397618
4071.265103
3856.944368
4010.841630
4029.011941
4095.870353
3974.238941
4245.758338
4177.402822
4313.684735
4075.842191
4563.557382
4315.800338
4141.512221
4196.839779
3986.745868
4262.187794
4093.342706
3982.167457
4260.206250
3845.653735
4006.965515
4211.859221
4050.875238
4488.351632
4057.283941
3992.458662
4218.375235
3923.708563
4035.271015
3850.106912
4044.198309
4077.879794
4462.519182
4020.577044
4315.337353
4233.191176
3895.984603
3803.204639
3898.943294
3939.770632
4404.974368
4379.530382
4235.634008
4260.243750
4271.905721
3950.685279
4393.019162
4125.272054
4502.272515
3942.111000
4315.177059
3963.350882
3817.764952
4075.620779
4159.610353
4166.539368
4093.577456
4204.544718
4226.165485
3935.388471
4459.597324
4316.335853
4367.465558
4411.283941
4096.520309
4500.629632
4117.028382
4224.494633
3875.813103
3907.393618
4277.450588
4317.603397
4259.183208
3950.405588
4029.430250
3942.104779
4289.179926
3956.431121
4009.596529
3805.876926
4066.899309
4089.385559
4344.295019
4106.030779
4102.746691
4194.813279
4023.806868
3947.100550
4539.404456
4379.108706
4032.481265
3785.768985
3992.876287
4192.544088
4154.576985
4281.454412
4092.228632
4263.202023
3925.890456
3739.483265
4220.163441
4150.326059
4049.487981
4268.492941
4242.310618
3880.554662
4149.997559
4258.898703
3979.271456
3990.573088
4132.788824
3988.113382
3955.696939
4211.308765
4190.017029
4073.288324
4086.994191
4040.524191
3690.909647
4285.176206
4028.486912
4303.150441
3847.759148
4026.846074
4286.949735
4224.775000
4322.241750
4167.991429
4045.488118
3905.598500
4069.393176
3893.746544
4029.286592
4067.715250
3881.932882
4113.684691
3971.466029
4160.143682
3942.702706
4287.629441
4145.644294
4187.596691
3903.841139
4279.733779
4233.547426
4290.994956
4143.792074
4167.454831
3875.872721
4088.093941
3811.005279
3965.350059
4013.539097
4094.439647
3895.897838
4149.876500
4174.525206
3956.004246
4341.065985
4129.011618
4356.444015
4200.258441
4342.482306
4108.083426
4082.248971
4073.440500
4098.927647
4252.827013
4123.518647
4246.756941
4044.944500
4195.919441
4144.958132
4254.501338
4091.089706
4376.387324
4125.401235
4321.372840
4131.652074
4091.961412
3808.554529
4008.647029
3968.957368
3968.675429
3909.163721
4428.056765
4087.720926
4176.513176
3991.523607
3910.561309
4433.748471
4190.765779
3789.337162
4034.102123
4292.864779
4127.124676
3926.297868
4041.918529
4031.560522
4482.252868
4044.436191
3643.079765
3805.560074
3950.180582
3931.331412
3869.536721
3863.449015
4388.278941
4265.385524
4079.301588
4200.672206
4013.632044
3985.062250
4157.467982
4278.127647
4059.058632
4091.324118
4282.980603
4732.357145
3995.836750
4015.626559
3861.772868
3818.439029
4199.586117
4269.443603
4061.555044
4223.258500
4430.176559
4012.490295
4120.398044
4129.741515
4447.938132
4130.698103
3917.908943
4253.497250
3708.489779
4293.104809
3986.649353
4010.677694
4193.017809
4235.854853
4073.369588
4643.892147
3841.511519
4138.495500
4209.180353
4227.281926
3868.588824
4016.763403
4107.227235
4329.081779
4069.747294
3789.039265
3916.774169
4099.139941
4078.793471
4384.598412
4192.286765
4029.585229
4194.478471
4249.568926
4379.104618
4188.339926
3991.717231
4154.256647
4019.651485
4554.345235
4092.802897
4098.691306
3939.345515
4353.337250
4267.366235
4222.924382
3990.673278
3784.123662
4369.712279
3700.818132
3936.519059
4276.166838
4489.353294
4177.286779
4442.340544
4202.772456
4078.001854
4048.654750
4290.499897
4148.396750
4162.581059
3953.282796
3930.533147
4134.699118
4198.767824
3951.025294
3921.808386
4088.188015
4034.214853
4143.273103
3935.795941
4374.374034
4120.759147
4135.912074
3791.184574
4445.120500
3951.787153
4167.255574
4083.576471
4151.156824
3815.028118
3924.626743
4020.741162
4112.616162
4254.285853
3867.604500
4055.143700
4153.420118
4016.726985
4225.430500
4238.641309
3950.395746
4202.859029
4303.484868
4159.340838
4415.041221
3867.998850
4149.053074
4300.118500
4191.984676
4344.599382
4001.667013
4061.075176
3906.130074
4154.424853
4161.997706
4254.141971
4029.618735
3969.430706
4044.306809
4043.520191
4123.841163
4173.118926
4231.405721
3946.510809
4134.908529
3808.472753
4154.041985
4003.841015
4080.872809
3895.596838
4267.754784
4200.173324
4063.496765
4334.954294
4543.894500
3940.105432
4180.296706
4116.409000
4263.485132
4074.139206
4302.903213
4100.143147
4142.333353
3988.942441
4583.312059
4089.735258
3945.506235
4296.600088
4188.881632
4090.966676
4148.198171
4386.088088
4014.292147
4181.049779
4174.938971
4026.335982
4070.201559
3872.846309
4176.714882
4356.058118
3772.245836
3914.235485
4074.227088
4099.624338
4281.237574
4439.995411
4048.897221
4156.694441
4195.921338
4005.348000
4119.049545
4449.010500
3939.921750
3888.079088
4354.740029
4236.031943
4054.882176
4099.428412
4066.647044
4098.734868
3848.757283
4186.453353
4181.999544
4035.496868
3837.340618
3880.283519
4041.142353
4044.183147
4193.587279
4139.078426
3941.581227
4218.748309
3969.702206
3906.305603
4359.174147
4065.916301
3833.378029
4004.039162
3978.353441
4036.569691
3967.593803
4226.292456
4093.199926
4254.694750
4431.751515
3911.620892
4206.094529
4304.323059
4264.915618
3945.865794
3780.254261
4046.645250
4353.929809
4252.905765
4020.792721
4204.635910
4218.996794
4484.271676
4191.126162
4526.496971
3975.149647
3988.363015
4149.631059
3900.429794
4238.851838
3893.554530
4573.301897
4084.912176
4203.546118
4041.180529
3859.975238
4436.661926
4102.423250
3919.146132
4088.293456
4277.856460
4077.272956
4385.725779
4104.477206
4046.634147
3861.499005
4033.936118
3781.381265
4419.802176
4149.862956
4466.041286
3888.594294
4533.057779
4280.087221
3808.754471
3624.944596
4032.974294
4198.633485
4196.814088
3833.333000
3911.951068
3817.925426
4291.708441
4060.468485
4241.229103
4212.371966
4232.375382
4065.695221
3820.761765
3804.008809
4250.749762
4334.308588
3779.187779
4171.424176
4209.810588
4059.622749
4219.460250
4291.835794
4416.603265
4401.765603
4265.323382
4081.396588
4416.196118
3838.581397
3972.672941
4147.036031
3934.365941
4025.014824
4094.898853
4035.372059
4077.208753
3967.915132
4595.407544
4375.508382
4348.018574
4097.558092
4386.530338
4280.924794
3886.064338
4189.480574
3719.085814
4295.027559
4015.984368
4183.835250
3756.140794
3976.788330
3979.783868
3989.372338
4027.328382
3997.539485
4322.898832
4246.927515
3777.055529
4237.682985
4087.140662
4379.497701
4553.334368
4144.280368
4169.080074
4136.574015
3903.215585
4149.321868
3972.586559
4400.198618
3849.233853
3918.919071
3690.124662
3974.570265
3874.693853
4177.717882
3885.825705
4213.512824
3934.176397
3986.824015
4053.774074
4184.036133
4343.950235
3951.496868
4013.992000
4074.905500
4194.475928
4129.079603
3834.302706
4056.642632
4007.882544
4009.922812
4265.272309
4039.189162
3994.983500
4197.236632
3816.110181
3842.154897
4046.852294
4287.824000
4132.327765
4244.620109
4081.265059
4153.685750
4002.023985
4210.408765
4010.417066
4111.062735
4285.087074
4024.563118
4042.767471
3888.922700
4035.900147
4058.121574
3915.692500
4263.871309
3914.752848
4163.944956
4210.975309
4104.485059
4068.489868
4104.271129
4212.014118
4443.316309
3882.614456
4549.888985
3912.642307
4219.148809
4047.403088
4200.548897
3925.171397
3908.690985
3792.197397
4000.340500
4199.838382
4411.926765
4083.910163
4186.837338
3971.155618
4043.639074
4248.715382
4234.813473
4071.792574
4153.169382
4201.821691
4110.733603
4007.160901
4361.018574
4282.933868
4531.301779
4159.835074
4289.432211
4374.359000
4138.392824
4114.401603
4067.003588
4183.937903
3765.959206
4058.963647
3932.027691
3737.848559
3947.604817
4071.023265
3914.531529
4112.255059
4287.679382
4091.133347
4008.819324
3797.670221
3800.391044
4277.819647
4498.746128
4238.189824
4379.247206
4230.959162
4012.150853
4235.116556
4165.185147
4063.501485
3728.318971
4112.413000
3839.723587
4484.265162
4199.763721
4278.042735
4244.296559
3627.116059
3959.279265
4005.139103
4295.937794
4166.412853
4173.398604
4605.542647
3986.505265
4063.543559
4180.289882
3974.551459
4611.901750
4165.142691
3914.320029
4145.631412
4312.783210
4185.461368
3982.841941
3873.852662
4282.189603
4332.383697
4128.417662
4178.399971
3967.920059
3931.408221
3978.296551
4250.058941
3984.594368
4347.982971
4397.956000
4191.854508
3995.012765
3842.765824
4306.295882
4014.297824
3944.678010
4100.344618
4012.764574
4225.736221
4255.139441
4036.200188
3939.888529
4522.817662
3957.745882
3721.916676
4440.134704
4143.289162
4190.821809
4396.685662
4044.825426
3914.690911
4228.478971
4085.074956
4212.356176
4001.107221
3805.867368
3985.537956
4419.258750
4448.947529
4249.250397
3825.446781
3917.196441
4195.015412
4168.547132
4254.375676
4102.252180
3768.619912
3927.947397
3985.198809
3894.481971
4032.007725
4656.099779
4109.543132
4262.828956
4296.948162
4149.673006
4130.249353
4080.154647
4188.145176
3620.972588
4181.806669
3824.689500
4212.148265
4021.740632
4144.741853
3910.325685
4224.365765
4093.747544
4073.811162
3961.042324
4262.044319
4346.791176
3979.237324
4055.267809
3884.167868
4055.610923
4129.102206
4293.748456
4548.075397
4045.198265
4342.361616
3983.534515
4059.301176
4039.357118
3904.753485
4092.274911
4056.078044
4488.968250
4246.023426
4053.707706
4180.223457
4216.849191
4221.140176
4063.081838
4267.506515
3907.579002
3962.331544
4142.820765
4447.914735
4169.873897
3939.978415
4001.683735
4396.406735
3831.394632
3974.704706
4244.714534
4138.221824
4098.992618
4555.138721
4329.400912
4108.387859
4432.297809
4220.214397
4199.860559
4221.240132
4242.460728
4145.075412
4252.887956
4104.715897
4462.877603
3929.131950
4282.770853
4002.439412
4343.545735
4116.269676
4194.647922
4349.255515
4399.852897
4303.979662
3798.160338
4233.172041
4186.449882
4386.580074
4375.232368
4141.201897
4404.926249
3758.893426
3931.211162
4179.631294
4107.726221
3972.629221
3900.705721
3918.396926
4104.741338
4008.205456
3888.071384
4055.157485
4006.311294
4544.962765
4302.148309
3696.709782
3990.769662
4297.130853
4115.427544
4091.168941
4014.274386
3703.903000
4261.621235
4549.046529
4178.544912
4317.091594
4094.490838
4135.677176
4212.237265
4139.261000
4126.778860
3922.087162
4125.676015
3989.401221
4072.134868
4150.861052
3894.482750
4014.263485
4074.853397
3989.650779
4137.191186
4279.725221
4001.625809
4250.101985
4190.748191
4193.663187
3944.246132
4193.572250
4151.850074
4141.817485
4060.515689
4240.244750
4005.611956
4023.932235
4201.294441
3956.495793
3845.265912
4125.079588
4215.928985
4593.474000
3992.136148
3898.774103
4142.734647
4248.342235
3859.679868
3936.551575
4204.491147
4299.681676
4364.406059
4307.779206
4112.668356
4068.657059
3803.246765
4253.564632
4059.750779
4078.524828
4226.470426
3720.079868
4241.039029
3862.446147
4257.093168
4148.331809
3822.888338
4152.550794
4113.123882
4076.175610
4287.523279
4165.742162
4029.870559
4207.876265
4107.810818
4039.414368
4202.668265
4036.592544
3649.978353
4253.252422
4197.140368
3651.132853
4312.750368
4326.852647
3975.609114
4191.254985
4289.866015
3847.718368
4097.157647
3876.220866
4143.384485
4076.913294
4327.437176
3882.793971
4232.621632
4180.502647
4031.994735
4181.579721
4104.602985
3990.070119
4053.749676
4308.733235
4310.025191
4363.537559
4196.172473
3935.990662
4207.730838
4143.547882
3872.785912
3969.802548
4045.318647
3718.718353
3850.985074
4192.983015
