8836.817691
8565.876809
9851.784471
8932.728676
9330.292701
10366.696118
7836.463809
8827.162912
9177.645382
8871.197379
9038.407912
8320.212618
9027.278897
8947.084029
9062.406998
9626.958441
9441.337574
9110.575912
9230.953162
8965.873147
9271.348412
9414.579971
8914.389059
8924.890103
8898.867501
8306.327809
8744.720985
8813.230676
8476.337176
9511.759546
8977.540632
8897.480868
9214.056838
8726.293397
8737.728151
8819.606294
8704.515985
8348.081397
9460.925676
8942.067108
9849.262029
8604.085426
9218.861559
8884.338088
9999.981698
9233.922118
8950.919015
9650.005015
9200.661647
8706.426758
9282.996662
8915.145176
9449.465765
9030.642368
8732.151097
8742.483074
8673.398574
9158.747235
8923.469794
8206.032305
9352.241676
9041.261926
8523.051926
9054.481029
8579.997880
8500.280500
8208.611838
8603.236926
8546.339074
9314.208734
9061.158074
10023.449132
9783.067926
8412.943324
8378.740059
9125.803412
9676.007426
10009.165588
9044.187574
9145.743354
8934.804485
9907.612559
9467.737588
8203.443750
8379.605885
9075.029456
8169.143147
9191.418279
8848.963794
9146.062975
9211.774676
9098.308926
8852.297000
9018.943559
8014.810197
9275.508838
8922.066559
8488.433294
8053.733765
8521.177080
9138.191132
8962.304647
9377.117971
9151.535485
9385.406523
8903.679103
9138.915632
8778.656074
8905.763838
8921.358760
8219.610779
9202.852676
8606.547574
8762.653765
9464.321658
9793.026059
8156.282397
9360.794456
8393.474235
9621.632483
9816.531809
10149.856882
9072.892750
9213.392912
8793.062323
8925.137368
8660.046515
9207.130662
8848.377676
8428.659074
8551.550074
7969.327544
9336.717515
9013.974441
9048.137149
9046.436147
8423.597118
8584.542382
9406.967471
8884.928444
9040.424647
8033.256779
9431.192882
8391.385338
8775.085534
8999.637809
8638.724191
9706.172265
8739.569691
8643.838638
8804.986029
9151.817912
8916.615279
8831.059824
8575.197140
9063.793544
8761.418176
8746.626176
8765.821132
8233.944112
8775.376265
8595.832618
8642.486176
9465.683324
9258.157407
9051.622279
9855.188676
8167.102721
8810.632515
8705.966085
8722.317397
9024.618971
8280.128324
8925.292706
8860.758042
9168.511353
9593.026176
9693.066265
8491.625559
8628.831617
8814.589176
8990.501559
9437.997485
8793.186603
8956.679913
8826.192794
9090.494603
8659.141382
9068.536529
9166.876208
8308.590765
9421.228632
8828.281265
9347.652882
9580.982371
9233.421809
8886.308309
9021.444279
8921.779206
8476.106843
8653.161603
8628.634926
8798.156088
9206.557809
8196.319815
9055.306441
8813.383044
8841.744721
8194.394441
9047.755714
8807.605559
9284.943294
9549.233235
8504.432015
9052.952671
9341.468382
9168.780515
9947.096824
9015.465647
9308.954672
8247.010853
9219.823574
8367.820176
8219.949765
9473.588438
8731.310691
9127.037794
8701.675191
9355.330971
9241.495205
8352.696015
9373.677324
8122.816132
8379.333265
9309.037294
8905.675912
9472.439397
9093.246500
9025.515250
8938.326693
8514.640118
9332.145118
8426.337500
8831.174118
8744.897647
8689.735106
9804.643971
8635.321956
9416.711515
8877.685162
8864.980475
8606.630706
8756.786147
9157.799088
9065.276250
8620.105079
9801.460882
8421.607029
9437.877412
8323.749647
8833.618183
8525.718235
9123.621853
8487.611471
8760.827706
8856.122891
8784.009441
9352.825059
9481.657176
8666.046441
9068.733377
8538.040279
8562.090338
8373.221529
8367.705059
8484.420746
9696.523632
9162.608794
9192.062235
9054.698382
9008.170748
8671.176221
8973.975618
9165.235544
8396.749471
9262.097058
9365.552515
9859.302956
9465.961706
9062.273324
8864.965780
9256.878515
9051.721044
9632.882794
8927.691588
8503.152031
8583.082456
8594.381706
8258.522676
9162.945588
8574.472709
10065.959691
9721.412779
8859.732103
9522.620809
9339.830843
9250.676118
9370.908912
8631.252765
8805.171015
9094.283124
9078.524000
8504.807794
8742.427662
8631.232765
8687.244904
8887.558985
8450.776368
9326.697912
9527.571191
9514.464479
8752.546544
9076.123779
8442.838426
9497.194676
9124.107613
9761.324485
9344.313235
9121.938662
8921.996515
8677.612776
8840.391882
8867.083853
8839.057588
9029.498618
8311.090336
9316.628544
8518.822618
8976.045618
8874.672838
9023.036985
9684.283176
9073.553368
9156.718735
8828.517397
8987.388295
9298.482691
9540.327382
8834.132779
8587.406765
8755.693973
8624.177382
8812.816721
9143.684088
9210.848294
9870.713371
9377.516647
9592.317971
8943.405632
9047.721059
8350.702902
9541.566294
9058.766882
9135.837676
9730.831632
8069.335918
8943.569706
8693.737338
9027.382588
8598.047250
8662.527464
8571.409853
9644.290309
8642.020809
8374.885426
8951.187892
9274.044706
8311.100971
8607.860265
9043.668265
8550.076187
8586.650794
8611.419574
8916.381426
9147.714279
8786.604056
9168.721838
9027.123559
9177.154206
9305.868088
8857.663646
8901.730368
8817.598132
8689.857544
8585.564912
9436.386397
8926.602632
9072.302176
9086.822279
8690.362176
9100.702854
9314.124088
9291.165485
8615.234926
9274.976265
7909.583856
8730.886691
8870.550971
9054.011309
8902.647088
9096.355784
9126.469382
8373.091853
9703.227706
9236.355015
8646.208873
8594.413382
9014.767662
9235.183353
8735.083118
9736.893139
8923.993485
8468.656721
8537.964750
8815.482000
8749.467361
8946.220824
8983.651294
8824.415088
8770.963029
8920.842686
9462.839338
9228.671853
8229.789250
8935.812074
8439.169614
9268.556647
9523.683971
9396.305882
8885.993147
9193.473851
8737.551853
8778.756426
9290.522029
9413.955721
9020.508617
8569.120574
8547.122235
9392.531324
8985.650235
8577.653515
8745.053691
7978.734985
8393.276853
9206.910456
9523.162561
9520.711706
8474.826426
8927.730765
8362.962265
8017.726930
9072.220015
8689.784735
8546.647162
8528.883015
9508.227505
8807.697338
8005.377662
8857.836809
8943.587559
9097.416594
8546.358897
9288.028794
8350.186324
9566.885221
9841.181713
9994.902000
9798.384338
9383.046985
8975.713265
9154.919656
9009.322574
8212.237382
9301.040206
8384.049368
8902.974672
9362.687544
8084.818559
8755.251544
8708.148544
7813.171364
9435.579941
8730.996000
9133.704221
9157.593397
8535.067513
9163.686941
9134.241426
9360.181971
9189.446868
9923.795926
8669.985074
8640.720529
8881.449824
9114.641882
8837.179766
8817.962824
8836.193324
8665.174676
8608.771824
8512.018576
8968.620294
9601.525074
9901.885206
9583.929265
9384.541960
8118.714368
9402.062456
9622.472368
9198.793750
8394.034755
8466.530118
9259.559029
8787.609015
8524.588882
9109.128492
8940.459044
8673.399397
8533.608735
9250.479368
9048.659611
8567.222382
8798.426103
9074.508191
8829.185485
9406.052186
9362.094132
8793.637838
9009.751029
9255.283162
8596.796702
8788.089544
9864.881779
8711.214029
8829.095985
9071.835747
9790.448294
8604.456500
8717.451868
8827.077912
8602.146410
9255.850456
8855.181103
9277.298309
9023.110412
9820.684824
8576.304309
9888.842662
10018.498176
8734.589426
9125.103016
8890.119029
9798.715500
9755.367147
8954.062750
10017.033297
9733.996353
8737.431559
9552.773926
8988.294809
9453.865710
8872.836029
8806.954750
9241.046279
9091.289265
9122.466608
8618.108706
9502.159441
8458.741941
9082.662426
8525.000080
8724.735059
8865.967735
9163.036603
9161.251235
9148.283847
8857.205294
8442.247515
9200.054544
9068.247574
9095.397510
9419.646956
8067.211662
9052.514059
8930.324221
8946.967158
8974.908912
9061.299544
9333.914956
9603.227750
8952.700262
8162.983574
8764.945721
8274.800750
8399.426882
9301.120484
9514.476412
8664.193029
8182.953824
9176.934309
9852.901618
9221.432103
7957.375750
10366.619853
9374.610471
8824.202281
9527.376221
8426.215941
9187.822338
9337.038676
8911.472327
8977.854147
8568.396956
9018.151000
9295.216162
9101.050343
8977.223132
9313.063515
9146.465647
8492.989176
9189.578668
8502.057221
9439.689250
9955.392118
9198.235941
9313.478949
8828.140779
8954.374926
8603.375206
9252.233647
8071.565906
9289.591868
9594.432676
8924.962588
8712.488059
8870.747760
8403.071294
8757.501309
8526.741588
9417.251544
9388.508600
9239.429044
8980.231324
8948.593647
9134.527618
8746.951292
9394.822765
9081.804941
8848.053779
8798.442191
9400.892441
9210.433338
8546.464824
8875.884485
8805.059647
9338.692972
10059.137721
9173.599926
9002.114794
8880.858250
8320.803326
8431.186426
8717.653500
8904.173353
8061.273676
8301.161945
8904.310809
9042.888941
8768.219059
8779.145118
9021.843564
8829.063721
8426.694647
9555.947294
9089.532735
8937.618742
9306.721118
9090.531559
9809.172897
9277.759765
9016.158214
8661.265132
9478.800691
8698.609515
9297.482794
8728.852994
9424.279147
8497.651206
9690.022279
9271.435676
8923.595114
9441.343588
8347.761441
8921.799529
8999.643926
9082.066556
8768.142118
9065.848618
8758.039485
8422.786735
8929.996999
9940.968971
9147.637000
8788.325824
8166.453221
8603.182897
9849.483632
8658.406500
8181.803118
9538.400603
8733.111340
8752.284544
8333.435544
9193.935485
8427.568779
8526.964341
8475.395368
8858.396471
9736.725412
10210.942647
8500.284019
8948.359765
9082.200132
9491.988838
8743.191426
9287.119211
9310.008574
8988.574676
9447.033250
8894.524485
9589.056360
8149.347294
8926.532779
8811.634294
9560.651603
9088.341891
8757.822544
8539.082412
9721.468368
9221.287985
8410.276495
9083.652059
9363.181426
9632.668721
9237.258294
9718.564732
8846.964456
8924.609000
8848.610882
9149.734015
8966.319762
8920.505074
9950.359897
8981.795750
9747.626412
9036.904161
9159.639059
8480.808294
8649.216103
8521.272000
9266.500662
9330.341838
9399.306926
9008.477044
9297.614632
8163.328046
9100.146412
8877.859074
7967.279853
9302.965971
9044.129944
8788.901324
9304.807926
9007.562088
8563.108985
8914.242858
8806.376868
8126.736059
9694.099971
9489.783029
8311.187903
8758.538426
9393.227338
8305.961265
9358.352353
9762.168184
9066.692853
8272.425441
8669.065353
8943.969250
8860.950332
9714.202059
9186.006088
8892.975750
8873.312397
9243.491142
8367.463574
8359.926265
10394.196824
9302.296000
8722.263291
9656.793574
10005.351059
9065.941941
8509.352074
8503.083072
8910.487191
8839.386015
9269.516368
9105.931309
8792.989750
9348.232456
9279.702750
8507.766574
8200.424206
8841.155707
8946.853515
8782.588912
8422.218559
8793.878176
9378.128591
8874.499765
8246.341691
9261.140074
8504.173559
8440.793033
8395.571235
8765.052176
9299.611456
8603.378897
9114.529226
8460.254647
8350.578588
9342.533441
9059.428647
9763.991095
9421.148309
9334.947206
8423.075397
8953.144324
8630.917346
8959.933353
8569.949897
8291.728500
8558.754015
9624.588362
9021.225456
8740.212838
8511.034279
8337.841500
8921.854643
9012.014118
8655.703397
8161.342588
9264.056485
8950.386703
9448.551485
8933.486206
8967.266250
9399.718426
9156.581087
9590.806603
9246.500632
8533.289706
9813.406544
8667.031147
9574.165588
8983.419574
9101.093397
9070.535691
8575.958193
8808.427309
8529.605691
8666.712353
9041.333000
9428.233400
8784.673779
8969.558853
8712.864985
8845.017838
8346.513769
8923.907324
9348.203926
9290.151147
8966.052735
8640.555314
8751.577706
8462.876176
8471.677250
8099.171765
9278.406433
8803.804397
8106.088235
9413.678735
9076.041456
9063.279611
9009.225279
8653.308588
9576.039132
9146.879206
9130.279039
8557.147676
8434.397897
9142.254647
8215.249721
8618.003217
8655.929500
9045.768574
8585.460206
9398.087765
8046.664895
8718.206250
9040.335279
9283.092956
8505.683221
9706.659705
9363.325162
9325.904250
9265.396368
8414.612721
9588.341942
8704.143368
9246.611118
9519.389162
9731.559750
8624.015664
8460.111397
9073.562912
8900.379809
9244.748132
9292.770886
8820.586279
8058.058191
9282.552765
8441.528691
9523.845328
8971.598279
8378.108721
9156.425868
8613.079544
9205.417021
9166.925544
8250.425147
8689.413588
9118.779765
8702.750066
8551.689691
8782.365588
8383.538441
8356.248426
9467.879494
8131.130794
8730.830618
9208.994706
9310.790309
8707.704113
8087.983941
8630.109000
8916.507897
8103.731500
8590.114732
9621.351441
9171.017500
8967.005603
8641.473118
8592.801395
9311.347971
9109.409853
8328.614456
9180.077044
8617.644250
8820.258853
9025.031794
9077.831838
8924.673324
9588.137163
7868.979706
9042.791265
9611.277059
8745.053647
8642.186943
9254.884779
8326.861206
8789.690426
8543.119221
9040.759592
8864.599279
8921.353485
9427.151206
8277.050265
