8037.726265
7650.217632
7767.421544
8230.477015
7488.614245
7454.117691
7334.933103
7797.917544
7749.910441
7645.372820
7439.457059
7795.363426
7683.462338
7741.690985
8001.215410
7715.628985
7307.935235
7607.462294
7845.565706
7219.612470
8127.752309
7063.323426
7652.435721
7714.615750
7183.501074
7887.041221
7673.148103
7150.120765
7917.783162
8305.208458
7521.033544
8047.429191
7439.204956
6791.482000
7205.549680
7584.142412
7167.604912
8046.045059
7598.307029
7677.575432
7886.647971
7519.045765
7790.295853
7161.948676
7401.804418
7978.537868
7165.916691
7859.543647
8336.041941
8542.945831
8082.884544
7764.173721
7281.732603
8023.522662
7339.065553
7282.232324
7678.722456
7681.256029
7562.957176
7151.693849
8159.204471
7612.880926
7341.554309
7850.409853
7394.965733
7712.986971
7379.458000
7997.963338
7420.544279
7675.736440
8166.556029
7966.279838
7419.032294
7628.532103
7605.001529
7827.196985
7849.354544
7745.761176
7450.722647
7245.706825
8650.018029
7501.855985
7322.439015
7386.566941
7517.984297
7289.917574
7479.594176
7139.055485
7779.013750
7906.788269
7287.718559
7262.353279
7430.089559
7632.687603
7783.997403
7843.253279
8016.962559
6836.982132
7078.758191
7869.936477
7779.434721
7754.068059
7648.284868
7521.829147
6803.423273
8069.345015
7868.118206
7446.259912
8289.558691
7360.289230
7553.651574
7809.676088
7251.573544
7931.357529
7343.303938
7828.525647
6840.824074
7206.119118
7578.236809
7292.989321
8221.900794
7809.388853
8112.029074
7835.294926
8106.542205
7542.346279
7714.677676
7363.158103
7847.232382
6748.567795
7736.688485
7068.534162
7522.007529
7950.665397
7244.195149
8411.619294
7395.943353
7647.573044
7825.320456
8032.056841
7255.536941
8113.240912
7712.939191
6937.228485
7464.789608
7632.203235
7619.801250
8644.749838
7597.816809
7389.305138
7972.698235
7771.320088
7268.515853
8098.757029
7521.261949
7558.514647
7835.189368
7364.916515
7568.615147
7317.044038
7715.414676
8233.875529
8172.473971
7482.966044
8790.221687
7955.130235
7712.360662
7669.588029
7251.942265
6540.335600
7233.769353
6942.216382
7448.193779
8057.845824
7218.925086
7201.294206
7626.175706
7447.349147
6824.816809
7558.293852
7801.856162
7735.546706
7956.378824
8040.159574
7551.366648
7434.171103
7536.768250
7894.605897
7856.232485
7615.186767
7915.467471
7995.112618
7913.172588
8100.133206
8075.978401
7756.354294
8037.862441
8150.335015
7849.840559
7224.788829
7084.648926
7449.587338
7434.093147
7790.161118
7823.524595
7752.529338
7669.235221
7938.394456
7703.685574
7125.679273
7147.731868
7876.186882
7300.713324
7692.780853
7340.432465
7894.112206
7139.700838
7711.993412
7621.557279
7139.863128
7749.317324
7994.047618
7684.037956
7391.946897
7928.525027
7897.739618
7954.606912
7788.883912
8129.103971
7338.010631
7945.318147
7462.014735
7366.384412
7887.557044
7917.483368
8004.456574
7758.122103
7372.802397
8143.872853
7992.495060
7857.323309
7917.800941
7205.618721
7541.461118
8342.214221
7678.710106
7936.505588
7682.136985
7610.494794
8017.657676
7885.730313
7508.133824
7709.365382
7418.278265
7722.186324
7911.393961
7655.454368
8065.093353
7739.745824
7391.683279
7583.259727
7052.783603
8000.920735
7831.782632
7423.220706
7637.608376
7586.878147
7496.901456
7192.856235
7663.720838
7605.449804
7807.984500
7847.982544
7867.645015
7763.257191
7588.507835
7476.420485
7760.602662
8237.593162
7883.666868
7529.787630
7658.625912
7267.914926
8637.798265
6910.944676
7840.569793
7939.806485
7689.799794
8008.056221
8387.226882
7301.144750
7706.098309
7867.499941
7049.842838
7388.323368
7613.868458
7880.114353
8096.223500
7058.049397
8218.972912
7448.727268
7876.383059
7490.725735
7256.210456
8130.162485
7449.306284
7265.517941
8050.079647
7503.815647
7922.044691
8021.160006
8068.715662
7465.278368
8116.595794
8132.195529
7530.208537
8038.611647
7283.887029
7486.195000
7854.882838
7721.515332
7650.560382
7678.633544
7610.159103
8412.403368
7421.132628
8295.221676
7881.922574
6979.977088
7524.210044
7322.685850
7625.596456
7233.019750
7635.021162
7581.309926
8020.549425
8122.771706
7108.051882
7587.816985
7128.086221
7367.628014
7647.797250
7043.415529
7783.900368
7637.802103
8607.129545
7463.494515
7537.501500
7777.027059
7699.485868
7801.067443
7941.377529
8482.813103
8328.956250
8275.376368
8129.167033
7885.996059
7519.756588
7859.036544
7621.045309
8325.171652
8420.335353
8036.303206
6961.213824
7490.042250
7061.543698
8216.633309
7048.854221
8067.935691
8566.433632
7834.310817
7741.688368
8446.649603
7414.126853
7901.245074
7200.165186
7510.124647
7565.787838
7923.691368
7724.103941
7128.729040
8107.489397
7604.585294
7526.345088
8052.633735
8129.731909
6943.927471
7618.710765
7833.159324
7605.675162
7594.187175
7867.980838
6949.843838
7930.421691
7690.514838
8209.334294
7635.345824
8107.891603
7670.583721
8069.727191
7849.398251
8125.873676
7923.139544
7447.266206
7234.090221
6862.798370
7771.635868
7624.544559
7604.571926
8228.896676
7899.552784
7991.412853
7770.187324
8281.766515
7448.488368
7629.779123
7749.707838
8078.002147
7782.088618
7862.306441
7889.345566
7098.551279
7966.669412
7583.870706
7410.545353
6751.042655
7496.455750
8070.893294
7062.906794
8474.022044
7998.328966
7659.358132
8448.763132
7037.422853
7500.937794
7690.764423
7021.111103
7470.394765
7887.765368
6967.905882
7320.652704
7786.551897
7701.431324
8185.285368
7566.643838
8049.018190
8079.816485
7923.106324
7949.560721
7947.354279
7042.673456
8476.857750
7923.567324
6822.859015
8178.275294
7682.316869
7572.393971
7522.545956
8370.262044
7304.533456
7714.057474
7445.380103
7699.559603
7614.260221
7603.979647
8297.162872
7366.947294
8280.430559
8416.210191
7873.005515
7669.310124
7444.848294
8096.382706
7519.539956
7448.931794
7676.554713
7912.083868
7682.221618
8049.878662
7577.104324
8085.361670
7232.262632
8081.924588
8107.236529
7878.309794
8158.947304
8140.455500
8158.911985
7953.788426
7943.552441
7294.394173
8260.585074
7837.268412
7583.396515
8016.429412
7583.846822
8160.932206
8281.628941
7968.718971
7609.760074
7511.188205
7789.185574
7685.258897
8213.123574
7057.563515
8330.750604
7832.791912
7692.741059
8056.205750
6908.183279
8169.975399
7552.818221
7220.218735
7544.549456
7660.435588
7654.973239
6728.008397
7849.332618
7709.807985
7053.602779
7605.905696
7097.117338
7746.037000
7615.180088
7665.872235
7431.426006
7458.387985
7450.995456
7278.644103
7419.519279
7214.337478
7428.171485
7508.366853
8258.562897
7851.368441
7464.232936
8116.865059
7630.640118
8125.333221
7749.241926
7405.021584
7799.043162
7819.480765
7707.270176
7662.894941
7433.132630
8055.746338
7863.292471
7812.568471
7704.220441
8673.563116
7885.689324
7313.833676
8177.745529
8525.033132
7929.390294
8040.134162
7748.951912
7265.279603
7669.199956
7801.557222
7246.160485
7982.060838
7542.787206
8044.177574
7841.344620
6856.235647
7379.933191
7110.859118
8356.957176
7210.668107
8085.424662
7255.566029
8422.797676
7547.580824
7692.805432
7162.784603
7571.130294
7418.920750
8074.531029
7152.773433
7635.227206
8007.172676
7455.209691
8333.319750
7919.880244
8043.178441
7505.167941
8202.101132
8025.211279
7720.517392
8156.775794
7666.990059
7322.614662
7179.235015
7081.519996
7564.650279
7884.095765
8307.664912
7613.929853
7425.741307
8282.298176
7901.210441
7136.173647
7075.910735
7253.225220
7868.964500
7220.851779
7360.659118
7057.112324
7621.150515
7484.090971
7126.201574
7283.823515
7896.250132
8037.020237
7859.329088
7809.916691
7813.684132
7700.639882
7294.412665
7684.903912
7368.631441
7656.526603
8107.466632
7536.462299
7949.450294
8080.818544
7704.992088
8248.478971
6996.482447
7681.946824
7693.200397
8263.352882
7045.224912
7328.620757
8066.622735
7549.090559
7459.284868
7160.789515
8196.087332
7356.064324
7679.468206
7329.962059
8034.822662
7348.264481
7151.118750
8171.892029
8248.502309
7830.918721
7472.710159
8179.119765
7523.835412
7429.920941
8003.616309
7716.569881
7648.588397
7646.812971
8012.299662
7542.340647
7971.058205
7242.058588
7721.191676
7773.436529
8726.108750
8041.251324
8114.360559
7398.746809
7911.585147
7979.974088
6850.577635
7836.157088
7347.927544
7661.064412
7600.715632
7415.806165
7616.554206
7211.234279
7349.955441
7561.095721
8192.241240
7199.453015
7769.942721
7395.586971
7931.982838
7840.722492
8119.346456
7517.254647
7853.919044
8070.360838
7096.882317
7660.886471
7603.619294
7514.912118
7281.436809
7221.786244
7608.490265
7429.694706
8016.004074
7960.916662
7839.212408
7257.314059
7165.406941
7844.208706
8084.520324
7659.237924
8223.685235
7580.959250
7485.349971
7074.754221
7028.838307
7754.874735
8364.283779
7169.770279
7934.971574
7140.082088
8044.322471
8095.681985
7669.128294
8115.073397
7977.516972
7415.483118
7809.996735
7330.181824
7610.569485
7411.186856
7121.299162
7584.074132
8010.654235
7288.287456
7332.528842
7812.694471
7862.725338
7619.588397
6765.154706
7817.185682
8646.251353
7724.104853
7558.073632
7441.485132
8200.171272
7079.334412
7485.100544
8000.479574
7676.611515
7559.086935
7558.473265
7315.022382
7309.221941
7755.554941
7546.503421
7867.933794
7238.329456
7327.444221
7839.631059
7707.200011
7933.386985
8347.333324
8319.776838
8088.004206
7473.580351
7852.902632
7890.119985
7255.037412
8315.123662
6992.018690
7751.956882
7843.683956
7524.246838
7364.139912
7245.018839
7583.369147
7260.742515
7515.186176
7041.886765
7578.808840
8330.641103
8228.920015
7658.949294
7442.806368
7396.204621
7896.658074
7588.967882
7497.205147
7478.035529
7262.622931
8025.448412
8177.295971
7711.983662
8470.790735
7196.795521
7567.902529
7453.143588
8014.508706
7807.393544
7524.289360
7920.803676
7812.125279
7486.404956
7933.884382
7952.284126
7757.279941
7776.351015
7886.484397
8128.867985
8108.121275
8220.125647
7574.593000
7386.818426
7952.651559
7768.700967
8715.970235
7950.755309
8162.955029
7676.118265
6668.120939
8343.909059
7164.390691
8093.972588
6986.537309
7699.003588
7476.432632
7405.954853
8308.250206
8132.164824
8354.764824
8163.406471
7443.769574
8156.288721
8111.996338
7909.065723
8065.994456
7064.677750
8049.375882
7397.969324
7432.699607
7868.664456
7739.957750
7850.458265
7301.487588
7942.886623
7797.772279
8041.003088
7538.239971
8076.168176
7291.393639
8413.820382
7755.838015
7456.025574
7600.891000
8458.781317
7439.341338
7884.959838
7964.064426
8331.725588
8055.436892
7909.496279
7138.413588
7566.053603
7261.961691
7020.345422
7532.041941
7815.228015
8248.534544
7368.372338
7159.040644
7326.588779
7767.411824
7805.922279
7475.684941
7274.004219
7783.536721
7955.497044
7648.768853
7826.661838
8079.031397
7981.852456
7886.798779
7255.721750
7495.787029
7424.202075
7451.735250
8130.167235
7388.592794
8160.295779
7551.040812
7337.079250
8013.988176
8013.982721
7831.087485
7781.420857
7737.829662
8060.770059
7826.213382
8239.631985
7656.603006
7586.666485
8163.520191
7690.110397
7181.732176
7752.609580
7453.437426
7802.136603
7256.556176
8042.396250
7408.759699
7003.956118
7964.443441
7734.098882
7654.415794
8303.800951
7324.300338
8033.029221
7381.084735
7518.923029
7589.742805
7258.994250
7333.989735
7510.537162
7610.337235
7873.524262
7651.657353
7949.596132
7727.991735
7529.364735
7358.185955
7589.307441
7489.243544
7694.679118
7683.035706
7268.840986
7433.732691
8009.473103
7499.468574
8051.735382
7707.137722
7367.263750
7426.046853
8326.506441
7245.120897
7330.935415
7685.217103
8055.056956
7912.856221
7508.565029
7911.212799
7380.687485
7622.418691
8279.248456
8400.984985
7804.783712
7719.613368
8239.712735
7122.825309
7722.017118
7667.011684
8088.227309
7294.383853
7787.812162
7595.872368
7523.384376
7288.720897
7160.451662
8077.517912
7923.579221
7561.733775
7142.569779
7777.753441
7839.935941
7598.191382
7813.798879
7750.412515
7692.698426
7641.253809
7374.355779
7758.525851
7483.913265
6802.076368
6935.967662
7207.328515
7459.811500
7517.551191
7916.690985
8162.519559
7775.502015
7660.821604
7602.776529
7797.594397
6988.078662
7428.265118
7855.036635
8062.448191
6916.842456
7666.004618
8047.159544
7760.743092
7354.029897
8136.786221
7811.878029
7767.822779
