
10261
10609
10358
10201
9912
10418
10528
9998
10060
10010
9950
9960
10332
10317
10245
10340
10720
10802
10372
10169
10792
10638
10532
10814
10608
10480
10296
10388
10466
9992
10133
10340
10571
10133
10583
10510
10677
10402
10552
10888
10374
10338
10294
10008
10632
10183
10114
10233
10341
10036
9971
10320
10096
9983
10524
10206
10184
10207
10622
10718
10231
10417
9979
10254
10043
10511
10105
10746
10633
10839
10739
10443
10649
10541
10682
10590
10547
10236
10633
10160
10069
10157
9997
10233
10741
10433
10445
10442
10344
10436
10791
10672
10370
10140
10487
10265
10481
10576
10418
10333
