1169.232971
1059.656632
1035.585279
1178.730162
1041.359054
1103.900515
1104.768662
1036.601103
1141.941897
1095.553894
1010.081338
1122.366926
1007.847721
1028.490441
1017.530086
1179.900456
1134.893985
1061.331324
1068.614971
1016.613573
999.948779
1061.247529
972.573985
1122.906103
1077.814177
1044.217074
1027.945279
1034.209588
1098.371103
990.654458
960.308691
1066.792471
1037.272324
1067.573882
1008.456842
1064.166485
1065.362088
1024.189632
1114.314676
986.492858
1038.790882
1042.426779
1149.793912
1080.869221
994.519698
1109.985750
1092.801985
1116.482000
953.531941
987.589964
1069.036750
1130.315662
1123.722206
1070.667029
1031.153686
1004.525485
999.000265
1089.719824
1078.046353
1001.747511
1016.540471
1053.735235
1084.545632
1068.022574
1089.614497
1068.253088
1096.194456
1117.702618
1152.626397
986.069557
1047.875500
1050.680368
995.459485
1119.980368
978.817985
1139.941368
1092.503618
1093.997971
1078.864706
1035.523707
1114.290015
1078.355779
1028.005471
1071.503853
1078.561665
1039.206559
1005.387074
1123.531206
1010.835515
1130.550710
1181.846926
1080.960544
1037.100426
1119.669588
905.278123
1022.920676
988.301088
1058.269044
1065.547441
991.028448
1105.370676
1048.101853
1115.391794
1018.042162
1031.141729
1050.557897
1101.710588
1089.632324
1051.019015
1094.432098
1111.452956
1107.527382
1062.878162
959.468824
986.977246
1027.223382
1075.015412
1078.968838
1051.515412
1034.157807
1183.412015
1047.283309
1048.284044
1088.336500
980.307043
1029.970559
1087.777015
1012.473750
1049.118750
950.283559
1089.579147
1092.294647
1029.626926
1140.489176
1138.497943
1006.995897
1107.169985
1040.281044
998.613059
1111.919533
1140.962221
1080.094691
1066.791221
1135.756015
999.152563
1080.270368
1074.410721
1081.981368
1122.638632
1033.256918
1010.246059
1098.922912
1112.182029
1044.974706
990.279919
1142.560603
1056.456103
1012.716132
982.370059
1041.321788
1071.983176
1059.378632
1066.755206
1128.183176
1085.629407
1039.718324
1123.375456
1102.255779
1040.918544
1110.802026
1104.189941
1063.736353
1096.804162
1113.067206
978.752792
1029.225868
1167.092632
1029.277632
1045.529647
985.492882
1059.430809
1032.545044
1058.946809
1072.283603
1063.361663
1027.034809
976.292912
1076.702309
1053.911265
955.439723
1014.940191
1144.172176
1005.240044
1058.195353
1013.628754
1127.558044
1041.379956
980.727588
1045.154882
1060.921049
991.719750
1123.053397
1096.625279
1046.270706
1018.112815
1009.796044
1098.995956
1057.230353
1122.951324
1099.014287
1139.191647
976.074676
977.210603
1063.571162
1019.129847
1059.548353
1072.946985
1068.675221
1008.833588
1029.402878
1023.706779
1136.398029
1052.365015
1022.759912
1050.058659
1035.828838
1134.735897
1067.717706
1143.946912
1013.718234
1116.620309
1050.484956
1099.297103
1035.135500
999.285897
1048.879485
1042.589588
1069.208676
1022.647515
1084.060016
949.794750
1007.079500
1016.437382
1114.480574
1127.270765
1009.476753
1132.107353
1063.118662
1135.116279
1080.651985
1004.275063
1108.555618
1078.910044
1134.779691
1019.513603
1055.473844
1124.077824
1104.508750
1083.705779
1071.585235
999.458786
1166.800603
1025.328985
1102.168309
1035.547765
1093.868199
1097.651397
1111.130397
1041.727162
1087.815265
1023.727583
1083.662529
1077.565603
1043.979088
1038.977456
1102.652452
1127.109324
1055.586382
1057.757029
1091.621809
931.808174
1071.315544
1044.764221
1097.900015
1036.677838
1143.177234
1057.954265
969.882971
1022.877074
1016.022897
1019.585162
1107.264794
991.009912
1042.668985
1070.237059
1034.587781
1083.455456
1079.119691
1156.247515
1031.071706
948.425518
997.373971
1108.522382
974.544074
1049.625382
993.731108
1101.981471
1062.865456
1032.474294
1177.984118
936.946432
1070.441456
1010.299618
1139.954897
1066.783426
1093.724684
1101.036368
1075.164279
1104.677221
1111.440721
966.436303
1033.281868
1164.794735
1095.423794
1070.954412
996.764569
1016.608309
1071.423721
1049.603235
1067.348809
1044.229850
1132.990324
1097.818382
1012.664662
1104.208412
1065.936719
1024.075456
1116.998353
1085.045029
1122.211721
1052.582955
1113.692500
1060.163368
1077.285515
1074.940662
1089.117266
1028.242603
1064.460294
1091.880279
1038.613471
1007.901076
1023.071632
1053.940706
1012.558074
1131.211706
1010.720945
1076.128882
980.865176
1049.572721
1104.597559
973.824961
1099.775191
1101.329838
1139.297309
1156.965647
1053.836301
1122.168338
1091.052603
1072.034250
1083.605103
1015.891920
1053.507838
1008.631441
1099.686515
914.500618
1042.925597
1137.930691
1064.872691
1038.814985
1086.875294
999.289496
1124.863779
1076.858485
1128.908441
997.415294
1004.613703
1089.914515
1076.884324
1063.074368
1090.902632
1057.668263
1050.516882
1040.246529
1068.262338
1066.593265
973.792162
1051.757191
1044.599926
1049.806485
1125.324382
1074.331678
1106.339515
1047.289574
1085.758294
1041.137721
1018.524738
1119.408868
1084.477750
1094.025824
1039.508162
964.115828
1007.419765
1132.310162
1045.701103
1062.972838
956.254344
988.529765
1098.917338
1109.990779
1080.011544
1052.382698
1008.800426
1080.484235
1048.030574
1014.097971
988.614567
1060.994750
1091.569162
1121.285912
1108.469324
1051.966598
1061.573368
1041.779691
1057.000985
1039.714882
951.583790
1131.018059
1071.072441
1029.192985
1016.005926
979.986909
1090.659515
1082.220515
1079.812162
977.191897
1025.393955
1126.259368
990.408015
1109.078191
1051.708118
1020.764706
1072.874735
1080.237515
1065.175338
1100.834618
1042.563237
1045.904015
1070.413985
1110.993735
999.583868
1038.827341
934.802132
1072.517941
1022.830382
993.022779
991.266166
1073.136265
1059.086368
1095.350221
1062.654353
1008.250830
1104.292985
1109.896147
1093.114868
1084.403059
1004.646860
1078.436721
1032.339574
1075.551750
1034.021471
1025.973920
1065.004632
1047.461912
1041.905750
1103.266676
1108.892422
1053.531412
1041.724662
1106.759324
1062.480471
932.476806
1070.330353
1103.359838
1056.355691
1131.043956
912.443719
1080.016721
1135.871471
1119.884824
1029.455971
1014.124470
1042.349824
1109.874250
1136.737088
1040.566838
1047.904148
1157.698588
1073.288059
1066.319441
1092.471838
979.391179
1005.577809
1136.482706
965.886250
1088.063765
1041.685710
1016.541309
1096.113221
1026.428338
998.481574
1107.999034
1052.781279
1040.542044
1022.278029
1059.284632
1015.596065
1041.016765
1051.371147
1120.476603
1062.887618
907.368081
1103.539250
1106.562735
1109.582676
1105.002985
999.427700
1024.917897
1097.445588
1099.307000
1068.621838
1082.257422
1067.012412
1042.033412
987.194941
1020.895676
998.827806
983.005971
968.155956
1004.815500
1076.455103
1097.297984
1120.328574
1012.826794
1051.273603
1154.561971
1089.241647
1124.110382
1105.576397
1077.709632
953.290353
1051.964825
1029.066632
1159.775485
1041.385574
1038.245574
946.778076
1155.132941
1133.177294
1176.023588
1071.079294
1110.196489
1177.787279
1061.539544
1050.575118
1043.428103
997.018903
1077.379279
1117.190235
1049.049162
1045.787956
1069.758375
1040.548074
1011.645912
1140.907985
1091.200662
918.063523
1147.973191
1046.419750
1070.252044
1077.323221
991.459627
1043.946676
1072.109691
1021.860368
1104.453088
1018.652540
977.354574
999.540515
1119.864779
1119.793824
1001.126204
1137.919735
1079.801279
1121.006324
1031.683971
1065.721278
1112.720368
1099.023397
1076.754706
1022.296456
1043.206412
1105.305912
1095.250147
1092.459750
1073.644191
1111.798678
1084.838676
1113.174412
1077.359015
1094.871294
1094.122077
1110.954191
1143.485471
1073.230882
1099.029926
1017.060490
993.170956
1050.767044
1067.301162
1156.643206
958.680153
1074.226147
1097.660926
1085.654706
969.365397
1054.090316
1112.238368
1106.734779
1033.905706
1037.895279
1029.304053
1080.439294
1107.015794
1087.263706
1074.346176
1016.866569
1090.331294
1032.496853
1172.945603
1150.812015
982.179217
1056.302500
1097.412735
1025.784265
1103.023353
952.189204
1063.473044
1110.476471
1078.470441
1158.592735
967.532970
1085.913029
1000.065691
1033.236897
1030.204088
1057.154501
1077.838426
1053.707118
1100.961676
1074.107324
1018.367532
1067.873044
1018.191603
1072.765632
1021.767912
1067.858871
1123.400574
1004.700824
1162.325015
1013.966147
1131.354167
1110.031426
1172.129397
1018.038868
1131.191721
975.733403
1026.021971
1026.600353
1071.506206
1016.208647
992.691846
1132.795515
1119.438000
1063.457309
1096.329985
1068.788318
1077.642971
1015.360853
1071.543485
1131.843162
1032.688746
1016.999338
1104.614368
1100.533647
1011.719868
1069.134233
1122.184735
1177.137279
1066.212500
1124.898250
1054.361984
1111.202971
1037.414897
1005.804706
1056.467926
1012.240632
1035.025221
1059.880456
1098.396059
1070.750015
1066.775104
1072.231353
1064.082750
1071.869485
1083.663515
999.467723
1122.863809
1014.569971
1078.075015
966.313235
1066.381636
1109.191441
1099.053368
1108.321059
1021.952176
945.231064
1060.902971
1086.999662
1020.779044
1099.439059
1077.588801
994.164147
1089.387529
1028.630338
1198.581074
978.746802
1023.066971
1017.997074
1047.785515
1055.760382
1020.783171
1070.147588
1025.148103
1074.475147
1045.888309
1053.845717
1023.999618
1084.043868
1064.802706
1076.559794
955.737365
991.831794
1123.125809
1117.432382
1009.528074
1084.972278
1058.473088
1004.628956
1061.348368
1078.647529
1086.999177
1004.099750
1058.925044
1021.942485
1092.240750
1064.806105
1023.390353
1019.032250
1096.146397
1133.102838
1033.557474
1039.155191
1094.527882
1003.003574
1034.093074
1000.629946
1072.921309
1111.800662
1028.102118
1033.822574
931.424197
1163.025029
1100.804838
1028.531794
1070.482691
1022.253449
993.151971
1032.056706
1127.452206
1019.773088
1078.874141
1111.533824
1076.513397
1068.892235
1093.523191
1042.806451
1115.161662
1031.743000
1064.638662
1004.225985
1016.848291
1027.008029
1023.687029
1153.061118
1094.457088
1051.566910
1105.658882
1012.828750
1083.977985
1056.960985
988.871191
1033.627912
1060.164191
1076.827015
1154.528721
1095.860692
1060.493265
929.087618
1006.925809
1009.930074
1071.122517
1014.978118
1066.814015
1056.729441
1052.685941
1020.844901
1082.237912
1063.124397
1151.411132
1009.277412
1121.343755
1044.460809
1073.192368
1000.915824
991.368956
1004.724433
1083.105221
1138.133088
1088.351882
1085.358824
1026.131390
1039.971279
1089.725779
1051.440074
956.300794
1063.112097
1025.447265
1082.439485
1105.342824
1011.190441
999.639819
1133.481485
1086.268603
1073.621132
1121.040132
1027.417365
1127.892750
1115.001824
1028.903882
1195.712426
1061.472543
1065.896074
1153.061162
1113.592088
1073.791588
1022.963441
1038.043235
1041.997176
1067.920059
1025.506029
1029.200884
1053.836132
1079.786132
1082.933588
1050.045397
1077.530076
1009.029721
1041.645735
1136.292074
1069.334809
1050.578063
1024.108118
1154.772162
1046.796632
1103.074294
999.151197
1100.865632
1019.085265
1051.823868
1040.363721
1064.050963
1032.873559
1104.893559
1060.242838
1048.692662
1011.967626
1028.675515
1111.634809
1047.120176
1067.885162
1072.961510
1066.229485
1068.870471
1087.036985
1088.338324
1058.180879
1097.585926
1060.311000
1042.106382
1036.369235
960.760895
1061.677779
1021.461529
1111.730250
1112.547544
1101.896102
1093.871662
1085.080529
1104.804456
1103.789926
995.042324
1119.762471
1127.545426
1047.677941
1017.299265
999.723472
1020.148676
1155.222441
1042.214574
1040.148721
1009.652415
1158.808103
1012.089971
1054.640838
1143.371632
873.307358
1086.137809
1070.733368
1089.339206
1036.481618
1064.245756
1043.643588
1058.999015
1137.064191
953.143765
1069.749772
1086.230618
1146.863956
1142.971176
1014.742265
1009.971965
936.736456
1009.841721
1171.613500
1055.113603
1018.413040
1059.189750
1041.788206
1066.935515
1056.410250
1015.577394
1052.046059
1069.949500
1062.852926
1095.726647
1003.314998
984.683088
1038.328088
989.584044
1000.888794
908.352632
1110.537191
1040.808059
1024.781941
1051.053426
1089.263780
1094.882162
1129.049676
1069.407294
1038.857500
1030.207914
1003.129529
1061.151662
1065.021000
1095.183103
1055.230092
1112.818941
1083.589985
1080.368044
1011.842603
