10.000 2.000
20.000 705.000
30.000 1120.000
40.000 1048.000
50.000 1025.000
60.000 1024.000
70.000 1020.000
80.000 1020.000
90.000 1014.000
100.000 1019.000
110.000 1017.000
120.000 1011.000
130.000 1020.000
140.000 1013.000
150.000 1015.000
160.000 1017.000
170.000 1016.000
180.000 1017.000
190.000 1010.000
200.000 1012.000
210.000 1007.000
220.000 1015.000
230.000 1011.000
240.000 1007.000
250.000 1006.000
260.000 1012.000
270.000 1021.000
280.000 1005.000
290.000 1018.000
300.000 1011.000
310.000 1013.000
320.000 1003.000
330.000 1010.000
340.000 1019.000
350.000 1006.000
360.000 1011.000
370.000 1012.000
380.000 1012.000
390.000 1017.000
400.000 1009.000
410.000 1013.000
420.000 1011.000
430.000 1015.000
440.000 1010.000
450.000 1020.000
460.000 1009.000
470.000 1011.000
480.000 1018.000
490.000 1019.000
500.000 1005.000
510.000 755.000
