0 0.992876
1 0.992832
2 0.996461
3 0.996416
4 1.000000
5 0.996416
6 0.996461
7 1.000000
8 0.996416
9 0.992921
10 0.996416
11 0.992876
12 1.000000
13 1.000000
14 1.000000
15 0.996416
16 1.000000
17 0.996416
18 0.985753
19 0.992921
20 0.992876
21 0.992832
22 0.996416
23 0.996461
24 0.985708
25 1.000000
26 0.996461
27 1.000000
28 0.996416
29 0.996461
30 0.996416
31 0.996416
32 0.989292
33 0.996461
34 1.000000
35 0.996416
36 0.996416
37 0.992921
38 0.996416
39 0.992832
40 0.996416
41 1.000000
42 0.992876
43 0.996416
44 0.992876
45 1.000000
46 1.000000
47 0.996416
48 0.992876
49 0.996416
50 0.992876
51 1.000000
52 1.000000
53 1.000000
54 1.000000
55 0.992876
56 0.996416
57 0.996461
58 0.996416
59 0.992921
60 0.996461
61 0.996461
62 1.000000
63 1.000000
64 0.996416
65 0.996461
66 1.000000
67 0.996461
68 0.992876
69 0.996416
70 0.996461
71 0.996416
72 0.996461
73 1.000000
74 0.992832
75 1.000000
76 0.992832
77 0.996461
78 0.989382
79 0.992832
80 0.992832
81 0.989292
82 0.992832
83 0.992921
84 1.000000
85 0.992832
86 0.989292
87 0.996416
88 1.000000
89 1.000000
90 1.000000
91 0.992832
92 1.000000
93 1.000000
94 0.996461
95 0.992832
96 0.996461
97 0.992921
98 0.996461
99 0.996416
100 0.992921
101 1.000000
102 0.992832
103 1.000000
104 0.992876
105 1.000000
106 0.992832
107 0.992921
108 1.000000
109 0.989247
110 0.992876
111 0.989292
112 0.992832
113 1.000000
114 0.992876
115 0.996416
116 0.992921
117 0.992921
118 0.985753
119 1.000000
120 1.000000
121 0.985663
122 1.000000
123 0.996416
124 0.996416
125 0.992876
126 0.996461
127 1.000000
128 0.992832
129 1.000000
130 0.996461
131 1.000000
132 1.000000
133 1.000000
134 1.000000
135 0.992921
136 0.985797
137 0.992876
138 0.996416
139 1.000000
140 1.000000
141 1.000000
142 1.000000
143 0.996416
144 0.992876
145 1.000000
146 1.000000
147 0.996461
148 1.000000
149 0.992876
150 0.996416
151 0.996416
152 0.989337
153 0.996461
154 0.996461
155 0.985708
156 0.996416
157 0.985708
158 0.992921
159 1.000000
160 0.992832
161 0.996461
162 0.996461
163 0.996416
164 1.000000
165 0.996461
166 0.996461
167 0.996461
168 0.996461
169 0.989337
170 0.989292
171 0.996416
172 0.992832
173 0.996416
174 1.000000
175 0.996461
176 1.000000
177 0.992876
178 1.000000
179 0.992832
180 1.000000
181 0.996416
182 0.996416
183 0.996461
184 1.000000
185 0.992832
186 1.000000
187 1.000000
188 0.996416
189 1.000000
190 1.000000
191 1.000000
192 1.000000
193 0.992876
194 1.000000
195 0.996416
196 0.992832
197 1.000000
198 1.000000
199 0.996416
200 1.000000
201 1.000000
202 0.996416
203 0.992832
204 1.000000
205 0.992876
206 0.996461
207 1.000000
208 1.000000
209 1.000000
210 0.992876
211 1.000000
212 0.985797
213 1.000000
214 0.996416
215 1.000000
216 0.996416
217 1.000000
218 0.992876
219 0.992832
220 0.996461
221 1.000000
222 0.992876
223 0.996461
224 0.996416
225 0.996416
226 0.992832
227 0.996461
228 1.000000
229 1.000000
230 0.996461
231 0.996461
232 0.996416
233 0.996461
234 0.996416
235 0.989292
236 1.000000
237 0.992876
238 1.000000
239 0.996416
240 0.996416
241 0.996416
242 0.996461
243 0.996416
244 1.000000
245 0.992876
246 0.996461
247 1.000000
248 0.996461
249 0.996461
250 0.992876
251 1.000000
252 1.000000
253 0.996461
254 1.000000
255 0.996461
256 0.992832
257 0.992832
258 1.000000
259 0.989247
260 0.992876
261 0.996461
262 1.000000
263 0.992921
264 0.992876
265 1.000000
266 0.992832
267 0.996416
268 1.000000
269 0.996416
270 0.992832
271 0.989337
272 0.996416
273 0.989292
274 0.996461
275 1.000000
276 1.000000
277 0.996416
278 0.992876
279 1.000000
280 0.996416
281 0.996461
282 0.989292
283 0.989292
284 1.000000
285 0.996461
286 0.996461
287 0.992921
288 1.000000
289 0.996416
290 1.000000
291 0.992832
292 0.996416
293 0.989337
294 0.989247
295 0.996416
296 1.000000
297 0.992876
298 1.000000
299 0.996416
300 1.000000
301 1.000000
302 0.996461
303 0.996461
304 0.996461
305 1.000000
306 0.996416
307 0.996416
308 1.000000
309 0.996416
310 1.000000
311 0.992832
312 1.000000
313 0.989292
314 1.000000
315 1.000000
316 0.989292
317 0.985708
318 0.996461
319 1.000000
320 0.992832
321 0.996461
322 0.996416
323 0.989247
324 0.996416
325 0.996416
326 0.992876
327 0.992921
328 1.000000
329 0.996461
330 1.000000
331 1.000000
332 1.000000
333 1.000000
334 0.996416
335 0.996416
336 1.000000
337 0.996416
338 0.996461
339 0.985663
340 1.000000
341 0.992876
342 0.996461
343 0.996416
344 0.992921
345 1.000000
346 0.996416
347 1.000000
348 0.989292
349 1.000000
350 0.996416
351 1.000000
352 1.000000
353 0.996416
354 1.000000
355 0.996416
356 1.000000
357 0.992921
358 1.000000
359 1.000000
360 1.000000
361 1.000000
362 1.000000
363 0.996461
364 0.992832
365 0.996461
366 0.989292
367 0.996461
368 0.996461
369 1.000000
370 1.000000
371 1.000000
372 1.000000
373 1.000000
374 1.000000
375 0.992876
376 1.000000
377 0.996416
378 0.996416
379 0.989337
380 0.992921
381 0.996461
382 0.996461
383 0.992876
384 1.000000
385 0.992876
386 0.996416
387 0.989247
388 0.996461
389 1.000000
390 0.996416
391 0.996461
392 1.000000
393 1.000000
394 1.000000
395 1.000000
396 0.992832
397 0.996461
398 0.992832
399 0.996416
400 1.000000
401 0.996461
402 1.000000
403 1.000000
404 1.000000
405 1.000000
406 1.000000
407 0.985708
408 0.989292
409 0.996461
410 1.000000
411 0.992876
412 1.000000
413 1.000000
414 0.992832
415 1.000000
416 0.996461
417 1.000000
418 0.985708
419 0.992876
420 1.000000
421 0.996416
422 0.996416
423 0.992876
424 0.996416
425 1.000000
426 0.992832
427 0.996461
428 0.985753
429 0.992876
430 1.000000
431 1.000000
432 0.996416
433 0.992832
434 0.996461
435 1.000000
436 0.996461
437 0.996416
438 0.992876
439 0.996461
440 1.000000
441 0.996416
442 0.992876
443 1.000000
444 0.996461
445 0.992832
446 0.996416
447 1.000000
448 0.992832
449 1.000000
450 0.992832
451 1.000000
452 0.996416
453 0.992876
454 0.992876
455 0.989337
456 1.000000
457 1.000000
458 1.000000
459 1.000000
460 0.996461
461 0.992876
462 0.996461
463 0.992832
464 1.000000
465 0.996416
466 1.000000
467 0.996461
468 0.996416
469 0.985753
470 0.996416
471 1.000000
472 0.992832
473 0.992921
474 0.996416
475 0.996416
476 0.989292
477 1.000000
478 0.996461
479 1.000000
480 0.996461
481 0.996416
482 1.000000
483 0.996461
484 0.996416
485 0.996416
486 0.992921
487 0.985753
488 0.992876
489 1.000000
490 0.996461
491 0.992876
492 0.992832
493 0.996416
494 0.996416
495 0.996416
496 0.992921
497 1.000000
498 0.992921
499 0.996416
500 0.989292
501 0.996416
502 1.000000
503 0.989292
504 1.000000
505 1.000000
506 1.000000
507 0.996416
508 1.000000
509 0.992921
510 0.992832
511 0.989292
512 1.000000
513 1.000000
514 0.996416
515 0.992921
516 0.992876
517 0.996416
518 0.996416
519 0.985753
520 0.996416
521 1.000000
522 0.996461
523 1.000000
524 0.996416
525 1.000000
526 0.996461
527 0.996461
528 0.989292
529 0.992876
530 0.996416
531 1.000000
532 1.000000
533 1.000000
534 0.992832
535 0.992876
536 0.996461
537 1.000000
538 0.996416
539 1.000000
540 1.000000
541 1.000000
542 0.992832
543 0.996461
544 0.989292
545 1.000000
546 1.000000
547 1.000000
548 1.000000
549 0.996416
550 0.996416
551 1.000000
552 0.996416
553 0.996416
554 0.992876
555 0.996416
556 0.996461
557 1.000000
558 0.996461
559 0.996416
560 0.992876
561 1.000000
562 0.992921
563 0.992832
564 1.000000
565 0.992876
566 0.996416
567 1.000000
568 1.000000
569 0.996416
570 1.000000
571 1.000000
572 1.000000
573 0.989247
574 1.000000
575 1.000000
576 0.996461
577 0.996416
578 0.996416
579 1.000000
580 1.000000
581 1.000000
582 1.000000
583 0.996416
584 0.996461
585 0.992921
586 0.996461
587 0.992876
588 0.992876
589 0.982168
590 1.000000
591 1.000000
592 0.985753
593 0.996461
594 1.000000
595 0.992876
596 1.000000
597 0.992832
598 0.989292
599 0.985708
600 1.000000
601 0.996416
602 0.996461
603 0.996461
604 0.992832
605 1.000000
606 1.000000
607 0.996461
608 0.996416
609 0.989292
610 1.000000
611 0.996461
612 0.992876
613 0.992921
614 0.996416
615 0.985753
616 0.992832
617 0.996416
618 0.996416
619 0.996416
620 0.992876
621 0.992876
622 1.000000
623 0.996461
624 1.000000
625 0.996416
626 0.996461
627 1.000000
628 0.996461
629 0.996461
630 0.992876
631 0.996416
632 0.989247
633 1.000000
634 0.996416
635 0.996416
636 1.000000
637 0.996416
638 0.996461
639 0.992876
640 0.996461
641 1.000000
642 0.996416
643 1.000000
644 1.000000
645 0.992832
646 1.000000
647 0.985708
648 0.996461
649 0.989292
650 1.000000
651 0.996416
652 1.000000
653 0.996416
654 0.992832
655 1.000000
656 0.996416
657 1.000000
658 1.000000
659 0.996416
660 1.000000
661 1.000000
662 0.996416
663 0.996416
664 1.000000
665 0.992832
666 0.996461
667 1.000000
668 0.992921
669 0.992832
670 0.996416
671 0.992921
672 0.989247
673 0.992876
674 0.996416
675 0.996416
676 0.996416
677 0.996461
678 1.000000
679 0.996416
680 0.996461
681 0.996416
682 0.992921
683 0.996416
684 0.996461
685 0.996461
686 1.000000
687 0.989292
688 0.996461
689 1.000000
690 0.992832
691 1.000000
692 0.996461
693 0.985753
694 0.996461
695 0.996461
696 1.000000
697 0.996461
698 1.000000
699 0.996461
700 0.996416
701 0.996416
702 0.992876
703 0.996416
704 1.000000
705 0.996461
706 0.996416
707 1.000000
708 0.992876
709 1.000000
710 0.996461
711 0.996416
712 1.000000
713 0.989292
714 1.000000
715 1.000000
716 1.000000
717 0.992876
718 1.000000
719 0.992921
720 0.992876
721 1.000000
722 0.992921
723 1.000000
724 0.996416
725 0.992921
726 0.996416
727 0.996461
728 1.000000
729 0.996461
730 0.992832
731 0.996416
732 1.000000
733 1.000000
734 1.000000
735 1.000000
736 0.992921
737 0.992832
738 0.996461
739 1.000000
740 1.000000
741 0.989292
742 1.000000
743 0.992921
744 0.996461
745 1.000000
746 0.992876
747 0.996416
748 0.989292
749 0.996461
750 0.989337
751 0.996416
752 0.996461
753 0.992832
754 0.992921
755 1.000000
756 1.000000
757 0.996416
758 1.000000
759 0.996416
760 0.989337
761 0.985753
762 0.992921
763 0.992876
764 1.000000
765 0.989337
766 0.996416
767 0.992876
768 0.996461
769 0.992921
770 0.996461
771 0.996461
772 0.992921
773 1.000000
774 1.000000
775 1.000000
776 1.000000
777 0.996461
778 1.000000
779 0.996416
780 1.000000
781 0.996416
782 0.996461
783 1.000000
784 0.992876
785 0.996416
786 0.996416
787 1.000000
788 0.996416
789 1.000000
790 1.000000
791 1.000000
792 0.996416
793 1.000000
794 0.992832
795 0.996461
796 0.992876
797 0.996461
798 1.000000
799 0.996416
800 0.996416
801 1.000000
802 0.992832
803 0.996461
804 1.000000
805 0.989337
806 0.996461
807 0.992921
808 1.000000
809 1.000000
810 0.996461
811 0.996461
812 1.000000
813 0.996461
814 0.992921
815 0.992876
816 1.000000
817 1.000000
818 1.000000
819 1.000000
820 1.000000
821 0.992876
822 1.000000
823 1.000000
824 1.000000
825 1.000000
826 1.000000
827 0.996461
828 0.989337
829 1.000000
830 1.000000
831 0.996416
832 0.992832
833 1.000000
834 0.996416
835 0.992876
836 1.000000
837 1.000000
838 1.000000
839 0.996461
840 0.985797
841 0.996461
842 0.996461
843 0.992832
844 0.996461
845 0.996416
846 0.996461
847 1.000000
848 1.000000
849 1.000000
850 1.000000
851 0.996416
852 0.989337
853 1.000000
854 0.996416
855 1.000000
856 0.996461
857 0.992832
858 1.000000
859 0.989292
860 0.992921
861 0.989337
862 0.996416
863 0.996416
864 1.000000
865 0.996416
866 1.000000
867 0.996461
868 0.996416
869 0.989292
870 1.000000
871 0.996416
872 0.996461
873 0.996416
874 1.000000
875 0.996461
876 0.992832
877 0.996416
878 1.000000
879 0.996416
880 0.996461
881 1.000000
882 0.996416
883 0.992876
884 1.000000
885 0.992921
886 0.989247
887 1.000000
888 0.989337
889 1.000000
890 1.000000
891 1.000000
892 1.000000
893 0.996461
894 0.996416
895 0.992876
896 0.992832
897 1.000000
898 0.996416
899 1.000000
900 1.000000
901 1.000000
902 0.996416
903 0.992876
904 0.989247
905 0.985708
906 1.000000
907 0.992832
908 0.996416
909 0.996416
910 1.000000
911 0.989337
912 1.000000
913 0.989292
914 0.996416
915 0.982124
916 0.996461
917 1.000000
918 0.996461
919 0.992832
920 0.982124
921 0.992832
922 1.000000
923 0.996416
924 0.996416
925 1.000000
926 0.996461
927 0.992832
928 1.000000
929 0.992832
930 1.000000
931 0.992921
932 0.996416
933 0.996461
934 1.000000
935 1.000000
936 0.992876
937 0.996416
938 0.989382
939 0.996461
940 1.000000
941 1.000000
942 0.996416
943 0.992876
944 1.000000
945 1.000000
946 1.000000
947 0.992921
948 0.996461
949 0.996416
950 0.996461
951 0.992876
952 0.996416
953 1.000000
954 0.996416
955 1.000000
956 1.000000
957 1.000000
958 1.000000
959 0.996461
960 0.992921
961 1.000000
962 0.996416
963 0.989247
964 1.000000
965 0.992832
966 1.000000
967 1.000000
968 1.000000
969 1.000000
970 0.985753
971 0.996416
972 0.992832
973 0.996461
974 0.996461
975 1.000000
976 1.000000
977 0.996461
978 0.996461
979 1.000000
980 1.000000
981 1.000000
982 1.000000
983 1.000000
984 0.992832
985 0.996461
986 0.992921
987 0.996461
988 0.996416
989 0.996416
990 0.996416
991 0.996461
992 0.996461
993 1.000000
994 0.996461
995 1.000000
996 1.000000
997 0.982213
998 0.996416
999 1.000000
