0 0.992891
1 0.989247
2 0.996476
3 1.000000
4 1.000000
5 0.996416
6 1.000000
7 1.000000
8 1.000000
9 0.992832
10 0.996416
11 0.996476
12 0.996416
13 0.996416
14 1.000000
15 0.989307
16 0.992832
17 1.000000
18 1.000000
19 1.000000
20 0.985723
21 0.985783
22 0.989367
23 0.992891
24 0.992832
25 1.000000
26 1.000000
27 0.996476
28 0.992891
29 1.000000
30 1.000000
31 0.992891
32 0.996416
33 1.000000
34 1.000000
35 0.996416
36 1.000000
37 0.996416
38 1.000000
39 0.989247
40 1.000000
41 0.996476
42 0.996476
43 0.992891
44 1.000000
45 0.992891
46 0.996416
47 0.996476
48 0.996416
49 1.000000
50 0.996476
51 0.996416
52 0.989307
53 0.996416
54 1.000000
55 0.992891
56 1.000000
57 1.000000
58 1.000000
59 0.989307
60 0.992951
61 1.000000
62 0.989307
63 0.989307
64 0.985663
65 0.996416
66 1.000000
67 0.996476
68 0.996476
69 1.000000
70 0.992832
71 1.000000
72 0.996416
73 0.996476
74 1.000000
75 0.996416
76 1.000000
77 1.000000
78 0.996416
79 0.992891
80 0.996476
81 0.992891
82 1.000000
83 0.992832
84 0.996416
85 0.992951
86 0.996416
87 0.992951
88 1.000000
89 1.000000
90 1.000000
91 0.996416
92 0.992891
93 0.996416
94 1.000000
95 0.996416
96 0.996416
97 0.992832
98 0.996416
99 1.000000
100 0.996416
101 0.992832
102 1.000000
103 1.000000
104 1.000000
105 0.996476
106 0.996416
107 0.996416
108 0.996476
109 0.996416
110 0.996476
111 0.992951
112 1.000000
113 1.000000
114 0.992891
115 0.996416
116 0.989367
117 0.996476
118 1.000000
119 1.000000
120 1.000000
121 0.996476
122 0.996476
123 0.996476
124 1.000000
125 0.996476
126 1.000000
127 0.996416
128 0.992891
129 1.000000
130 0.992951
131 1.000000
132 1.000000
133 0.992832
134 1.000000
135 0.992891
136 0.996416
137 0.992951
138 1.000000
139 1.000000
140 0.992891
141 1.000000
142 0.996476
143 0.996416
144 0.996416
145 1.000000
146 0.992891
147 0.992951
148 1.000000
149 1.000000
150 0.996416
151 0.996416
152 0.992891
153 0.992832
154 0.996416
155 0.996476
156 0.996476
157 1.000000
158 0.992891
159 1.000000
160 1.000000
161 1.000000
162 0.996476
163 0.996416
164 0.996476
165 1.000000
166 1.000000
167 0.992891
168 0.996476
169 0.989307
170 0.996416
171 1.000000
172 0.996416
173 0.992891
174 0.996416
175 0.989367
176 0.996476
177 1.000000
178 1.000000
179 0.992891
180 0.996416
181 0.992832
182 0.992951
183 0.996476
184 1.000000
185 0.996416
186 1.000000
187 0.996476
188 0.996416
189 0.989307
190 1.000000
191 0.996416
192 0.989247
193 0.996416
194 0.989307
195 1.000000
196 1.000000
197 0.996476
198 0.996476
199 0.992891
200 0.996416
201 0.992832
202 1.000000
203 1.000000
204 1.000000
205 0.996476
206 0.992891
207 0.989427
208 0.996416
209 0.989367
210 0.996416
211 0.996416
212 0.996416
213 0.992832
214 1.000000
215 0.989247
216 1.000000
217 1.000000
218 0.992951
219 0.985783
220 0.996416
221 0.992891
222 0.992832
223 1.000000
224 1.000000
225 0.996476
226 0.992951
227 1.000000
228 0.996416
229 1.000000
230 1.000000
231 1.000000
232 0.996476
233 0.996416
234 0.989307
235 0.996416
236 1.000000
237 0.992891
238 0.996416
239 0.996476
240 0.996476
241 1.000000
242 0.992891
243 0.996416
244 0.996476
245 0.996476
246 0.985783
247 0.996416
248 0.996416
249 0.989307
250 0.996476
251 0.996416
252 0.996476
253 0.992891
254 0.996416
255 1.000000
256 1.000000
257 0.989247
258 1.000000
259 0.996476
260 1.000000
261 1.000000
262 0.996416
263 0.985723
264 0.985663
265 0.996416
266 0.992891
267 0.989307
268 1.000000
269 1.000000
270 1.000000
271 0.992891
272 0.996416
273 0.985723
274 1.000000
275 1.000000
276 1.000000
277 1.000000
278 1.000000
279 1.000000
280 0.992832
281 0.996416
282 0.996416
283 0.996416
284 1.000000
285 1.000000
286 0.989307
287 1.000000
288 0.992832
289 0.996416
290 1.000000
291 0.996416
292 0.996416
293 1.000000
294 1.000000
295 0.992832
296 1.000000
297 0.996416
298 0.996476
299 0.992951
300 1.000000
301 1.000000
302 1.000000
303 0.996476
304 0.996476
305 0.992832
306 0.992891
307 0.992951
308 0.996476
309 1.000000
310 0.989247
311 0.996476
312 0.996476
313 1.000000
314 0.992891
315 1.000000
316 0.989367
317 0.992951
318 0.996416
319 0.992951
320 0.992832
321 0.996416
322 1.000000
323 0.996416
324 1.000000
325 0.996416
326 1.000000
327 0.989367
328 1.000000
329 0.996416
330 0.992832
331 0.996416
332 0.996476
333 1.000000
334 0.996416
335 1.000000
336 0.996476
337 0.996416
338 1.000000
339 0.989307
340 0.996416
341 0.989367
342 0.996416
343 0.992832
344 0.992891
345 0.992891
346 0.996476
347 1.000000
348 0.992891
349 0.992832
350 0.996416
351 1.000000
352 1.000000
353 1.000000
354 0.992891
355 0.996476
356 0.996416
357 0.996476
358 0.996416
359 0.996416
360 0.996416
361 0.992832
362 0.992891
363 0.992891
364 0.989367
365 1.000000
366 0.985842
367 1.000000
368 0.996416
369 0.996476
370 0.996476
371 1.000000
372 1.000000
373 1.000000
374 0.992891
375 0.996476
376 0.996476
377 0.992832
378 0.996416
379 0.996416
380 0.992891
381 0.996416
382 0.992891
383 0.996416
384 0.996416
385 0.992951
386 0.996476
387 0.996416
388 0.996476
389 1.000000
390 0.996476
391 1.000000
392 1.000000
393 1.000000
394 0.996416
395 0.996416
396 0.989307
397 0.989367
398 0.992951
399 0.992891
400 0.992891
401 1.000000
402 1.000000
403 1.000000
404 1.000000
405 0.992832
406 0.996476
407 0.992832
408 0.996476
409 0.985663
410 0.992891
411 0.996476
412 1.000000
413 0.996416
414 1.000000
415 0.992891
416 1.000000
417 0.996416
418 0.996476
419 0.996476
420 0.985842
421 1.000000
422 0.996416
423 0.996476
424 0.996416
425 1.000000
426 0.996476
427 1.000000
428 0.992891
429 1.000000
430 0.996416
431 0.996476
432 1.000000
433 0.989307
434 0.996416
435 0.996476
436 0.989247
437 1.000000
438 0.992832
439 1.000000
440 1.000000
441 0.992832
442 0.992891
443 0.996476
444 0.996416
445 1.000000
446 0.996476
447 0.989367
448 1.000000
449 1.000000
450 1.000000
451 1.000000
452 0.996416
453 0.996416
454 0.982139
455 0.996416
456 1.000000
457 1.000000
458 0.996416
459 1.000000
460 0.996416
461 0.992891
462 1.000000
463 0.992832
464 0.996476
465 0.996476
466 1.000000
467 0.996476
468 0.992891
469 0.989247
470 0.996476
471 1.000000
472 1.000000
473 0.996476
474 0.992832
475 0.996416
476 0.996416
477 0.996416
478 0.992891
479 0.996476
480 0.996416
481 0.996476
482 0.996476
483 0.996416
484 1.000000
485 0.996416
486 0.992891
487 0.989367
488 1.000000
489 1.000000
490 1.000000
491 1.000000
492 0.996476
493 0.992891
494 0.989367
495 0.996416
496 0.996476
497 1.000000
498 0.992891
499 1.000000
500 0.992832
501 1.000000
502 0.996416
503 0.996416
504 0.992951
505 1.000000
506 0.996416
507 1.000000
508 0.992832
509 1.000000
510 0.989367
511 0.992951
512 1.000000
513 0.985723
514 1.000000
515 0.992891
516 1.000000
517 0.996416
518 0.996476
519 0.985723
520 1.000000
521 0.996416
522 1.000000
523 0.992951
524 0.996416
525 0.992891
526 1.000000
527 1.000000
528 1.000000
529 0.996416
530 0.996476
531 0.996476
532 0.996476
533 0.989367
534 0.996476
535 0.996416
536 0.978793
537 1.000000
538 0.996476
539 0.992891
540 0.996476
541 0.996476
542 0.996416
543 0.996416
544 0.989367
545 0.996416
546 0.996416
547 0.996476
548 0.996416
549 0.996476
550 1.000000
551 1.000000
552 1.000000
553 1.000000
554 0.996416
555 1.000000
556 1.000000
557 1.000000
558 0.989427
559 0.996476
560 0.996416
561 0.989367
562 0.996476
563 1.000000
564 0.992891
565 0.996416
566 0.992891
567 0.989367
568 0.978674
569 0.992891
570 1.000000
571 1.000000
572 0.996476
573 0.992832
574 1.000000
575 0.989367
576 0.989307
577 0.989307
578 0.996416
579 0.992951
580 0.996416
581 0.992891
582 1.000000
583 0.996476
584 0.996416
585 0.989307
586 1.000000
587 0.996476
588 0.996416
589 0.996476
590 0.996476
591 1.000000
592 0.996416
593 0.996476
594 0.992891
595 1.000000
596 1.000000
597 0.992832
598 0.992832
599 0.992832
600 0.992832
601 0.989307
602 0.992891
603 0.989307
604 0.996416
605 1.000000
606 0.996416
607 1.000000
608 1.000000
609 0.992891
610 0.992832
611 1.000000
612 0.992891
613 1.000000
614 0.996416
615 1.000000
616 0.992891
617 1.000000
618 0.985842
619 0.992832
620 0.996416
621 0.996416
622 1.000000
623 0.992891
624 0.996476
625 0.989307
626 0.992832
627 0.996416
628 1.000000
629 0.996416
630 0.996416
631 1.000000
632 0.996416
633 1.000000
634 0.996476
635 0.996416
636 0.992832
637 1.000000
638 0.996416
639 0.989367
640 0.992832
641 0.996416
642 0.996416
643 1.000000
644 1.000000
645 0.992832
646 0.996476
647 0.992891
648 1.000000
649 1.000000
650 1.000000
651 0.992832
652 1.000000
653 1.000000
654 0.996416
655 0.982258
656 1.000000
657 0.992951
658 1.000000
659 1.000000
660 1.000000
661 0.992832
662 0.996416
663 0.996476
664 0.996416
665 0.996476
666 0.996416
667 0.996476
668 1.000000
669 0.992891
670 0.992891
671 1.000000
672 0.992891
673 0.996476
674 0.989247
675 0.996416
676 1.000000
677 1.000000
678 0.989307
679 0.996476
680 0.992891
681 0.985783
682 0.996476
683 0.996416
684 0.992891
685 0.989367
686 0.996476
687 1.000000
688 1.000000
689 0.989247
690 0.992832
691 0.996416
692 0.996416
693 0.992832
694 0.996476
695 0.996476
696 1.000000
697 1.000000
698 0.992891
699 0.992891
700 1.000000
701 0.989247
702 0.989247
703 1.000000
704 1.000000
705 0.992951
706 0.989367
707 0.992891
708 0.992891
709 1.000000
710 0.996416
711 1.000000
712 0.996476
713 0.996416
714 0.992951
715 0.996476
716 0.992891
717 0.996416
718 1.000000
719 1.000000
720 0.996416
721 0.992951
722 1.000000
723 1.000000
724 0.996416
725 1.000000
726 0.996416
727 0.996416
728 0.996476
729 0.996476
730 0.992891
731 0.992832
732 0.996416
733 0.996476
734 1.000000
735 1.000000
736 1.000000
737 0.989367
738 1.000000
739 0.989247
740 0.992832
741 1.000000
742 0.992951
743 0.989367
744 0.992891
745 0.996416
746 1.000000
747 0.985842
748 1.000000
749 0.992891
750 1.000000
751 0.992891
752 1.000000
753 1.000000
754 1.000000
755 1.000000
756 0.992832
757 0.989367
758 0.996416
759 0.996476
760 1.000000
761 1.000000
762 0.996476
763 0.992891
764 1.000000
765 0.992891
766 0.992832
767 0.996476
768 0.996476
769 0.992891
770 0.992891
771 0.996416
772 1.000000
773 0.996476
774 1.000000
775 1.000000
776 0.996476
777 0.996416
778 1.000000
779 0.992832
780 1.000000
781 0.989367
782 0.989307
783 0.996476
784 0.992832
785 1.000000
786 1.000000
787 0.996476
788 0.989367
789 0.996476
790 1.000000
791 0.985723
792 1.000000
793 0.992891
794 0.992832
795 1.000000
796 0.996416
797 1.000000
798 0.989427
799 0.996416
800 0.996416
801 1.000000
802 1.000000
803 0.996416
804 0.996476
805 0.996416
806 1.000000
807 1.000000
808 0.996476
809 1.000000
810 1.000000
811 0.996416
812 1.000000
813 0.992891
814 0.996416
815 0.996476
816 0.996416
817 0.992832
818 0.996476
819 1.000000
820 0.996416
821 1.000000
822 0.992891
823 0.989367
824 1.000000
825 0.996476
826 0.996416
827 0.996416
828 0.996476
829 1.000000
830 0.992891
831 0.996416
832 0.996416
833 0.992832
834 0.978614
835 1.000000
836 1.000000
837 0.996476
838 1.000000
839 0.996416
840 0.996476
841 0.992951
842 1.000000
843 0.996416
844 1.000000
845 1.000000
846 0.996416
847 0.996416
848 0.996416
849 0.985723
850 1.000000
851 0.996416
852 0.992832
853 0.992891
854 1.000000
855 0.992832
856 1.000000
857 1.000000
858 0.985723
859 0.996416
860 0.996476
861 0.996476
862 0.996416
863 0.992891
864 1.000000
865 1.000000
866 0.992951
867 0.992832
868 1.000000
869 0.992891
870 0.996416
871 0.996416
872 0.996416
873 0.996476
874 0.996476
875 0.996416
876 0.996416
877 1.000000
878 1.000000
879 1.000000
880 0.996476
881 0.989367
882 0.996476
883 1.000000
884 0.996416
885 0.996416
886 1.000000
887 0.996476
888 0.989247
889 0.992832
890 1.000000
891 0.996416
892 0.992951
893 0.989247
894 1.000000
895 0.996416
896 1.000000
897 1.000000
898 0.996416
899 1.000000
900 0.992891
901 0.989367
902 0.996416
903 1.000000
904 0.992891
905 0.989307
906 0.992891
907 0.996476
908 1.000000
909 0.996476
910 1.000000
911 1.000000
912 1.000000
913 1.000000
914 0.992832
915 0.996416
916 0.996476
917 1.000000
918 0.992832
919 0.992951
920 0.992951
921 0.992832
922 0.989247
923 0.992891
924 0.989307
925 0.996476
926 0.992832
927 0.996416
928 1.000000
929 0.985723
930 0.996476
931 0.992891
932 0.989367
933 1.000000
934 0.992891
935 0.996416
936 1.000000
937 0.996416
938 0.996476
939 0.996476
940 1.000000
941 1.000000
942 0.992891
943 1.000000
944 1.000000
945 0.996476
946 0.996416
947 0.996416
948 1.000000
949 0.996416
950 1.000000
951 0.996476
952 0.996476
953 0.992832
954 0.996476
955 0.989307
956 0.996416
957 0.996476
958 1.000000
959 1.000000
960 0.985783
961 0.992951
962 1.000000
963 1.000000
964 1.000000
965 0.989307
966 0.996476
967 0.992891
968 1.000000
969 0.992951
970 0.992832
971 0.996476
972 1.000000
973 0.992891
974 0.992891
975 0.996416
976 1.000000
977 0.996416
978 0.996416
979 1.000000
980 1.000000
981 0.992891
982 0.992951
983 0.992891
984 0.985842
985 1.000000
986 1.000000
987 0.996476
988 1.000000
989 1.000000
990 1.000000
991 1.000000
992 1.000000
993 0.996416
994 1.000000
995 0.989247
996 1.000000
997 1.000000
998 0.992951
999 0.992832
