0 1.000000
1 0.993011
2 0.996416
3 1.000000
4 1.000000
5 0.996595
6 1.000000
7 0.996416
8 0.996595
9 0.996595
10 1.000000
11 1.000000
12 0.996595
13 0.985842
14 0.996595
15 1.000000
16 0.996595
17 1.000000
18 0.996595
19 0.996595
20 0.996595
21 1.000000
22 1.000000
23 0.996416
24 0.992832
25 0.996416
26 0.993190
27 1.000000
28 0.993190
29 0.996416
30 1.000000
31 1.000000
32 0.989606
33 1.000000
34 1.000000
35 1.000000
36 0.989427
37 0.996416
38 0.993190
39 0.996416
40 0.996416
41 1.000000
42 0.996595
43 1.000000
44 1.000000
45 0.996595
46 0.992832
47 0.996595
48 1.000000
49 0.996416
50 0.996416
51 0.996595
52 0.996595
53 0.996416
54 1.000000
55 0.992832
56 0.996416
57 0.989427
58 0.996416
59 0.992832
60 1.000000
61 0.996416
62 0.996416
63 1.000000
64 1.000000
65 1.000000
66 0.996595
67 0.996416
68 0.996595
69 1.000000
70 0.996416
71 1.000000
72 0.996595
73 1.000000
74 1.000000
75 1.000000
76 0.979032
77 1.000000
78 0.996595
79 0.996416
80 0.993011
81 0.996595
82 0.993011
83 0.992832
84 0.992832
85 0.996595
86 1.000000
87 0.996595
88 0.996416
89 0.996595
90 0.996416
91 1.000000
92 0.993190
93 0.996595
94 0.996595
95 0.996595
96 0.996595
97 0.996416
98 1.000000
99 1.000000
100 0.993011
101 1.000000
102 0.992832
103 0.993011
104 1.000000
105 0.996416
106 0.996416
107 0.996595
108 0.989606
109 0.996416
110 1.000000
111 1.000000
112 0.989785
113 0.996416
114 0.996595
115 0.996595
116 1.000000
117 0.996416
118 0.992832
119 0.996595
120 0.996416
121 0.996416
122 0.992832
123 1.000000
124 1.000000
125 0.993190
126 1.000000
127 0.996416
128 0.996595
129 1.000000
130 0.996595
131 1.000000
132 0.992832
133 0.996416
134 0.992832
135 0.996595
136 1.000000
137 0.996595
138 0.992832
139 1.000000
140 0.996595
141 0.996416
142 1.000000
143 0.993011
144 0.992832
145 1.000000
146 1.000000
147 1.000000
148 0.993011
149 1.000000
150 0.996595
151 0.989427
152 1.000000
153 0.993011
154 0.989427
155 0.996416
156 0.996416
157 0.996595
158 0.985842
159 0.989247
160 0.993011
161 1.000000
162 1.000000
163 0.993011
164 0.989606
165 0.996416
166 0.996595
167 0.996595
168 0.993190
169 0.993011
170 1.000000
171 1.000000
172 0.989247
173 0.992832
174 0.986201
175 0.993011
176 0.993011
177 0.996595
178 0.996416
179 0.996416
180 1.000000
181 0.996595
182 1.000000
183 0.993011
184 0.996416
185 0.996416
186 0.996595
187 0.993011
188 0.996595
189 0.996416
190 0.996595
191 0.993011
192 0.993011
193 0.993011
194 0.996416
195 0.985842
196 0.996416
197 1.000000
198 0.993190
199 1.000000
200 1.000000
201 1.000000
202 0.996416
203 0.996416
204 0.993011
205 1.000000
206 0.996595
207 1.000000
208 1.000000
209 1.000000
210 0.985842
211 1.000000
212 0.993011
213 0.993190
214 1.000000
215 0.996416
216 1.000000
217 1.000000
218 0.996416
219 0.996595
220 1.000000
221 0.996416
222 0.985842
223 1.000000
224 1.000000
225 0.992832
226 1.000000
227 1.000000
228 0.996416
229 0.996595
230 0.996416
231 1.000000
232 1.000000
233 1.000000
234 0.996416
235 1.000000
236 1.000000
237 0.996416
238 0.993011
239 1.000000
240 0.989427
241 1.000000
242 1.000000
243 1.000000
244 1.000000
245 0.989606
246 0.993011
247 1.000000
248 1.000000
249 1.000000
250 0.996595
251 0.993011
252 0.993011
253 0.993011
254 0.993190
255 0.992832
256 1.000000
257 0.986022
258 1.000000
259 1.000000
260 0.996416
261 1.000000
262 1.000000
263 0.996595
264 1.000000
265 1.000000
266 0.993011
267 1.000000
268 0.996416
269 0.993011
270 0.996416
271 0.996416
272 0.996416
273 0.993011
274 0.996416
275 0.996595
276 1.000000
277 0.993011
278 0.996595
279 0.996416
280 0.989427
281 0.993011
282 0.996416
283 1.000000
284 0.996416
285 1.000000
286 1.000000
287 0.986022
288 1.000000
289 1.000000
290 0.996416
291 0.992832
292 0.986201
293 0.996595
294 1.000000
295 0.993011
296 0.982437
297 0.996416
298 0.996416
299 0.996416
300 0.996595
301 1.000000
302 1.000000
303 1.000000
304 0.989606
305 1.000000
306 0.996416
307 0.996416
308 0.993011
309 0.996595
310 0.993011
311 0.982437
312 1.000000
313 0.993011
314 1.000000
315 1.000000
316 1.000000
317 1.000000
318 1.000000
319 0.993011
320 1.000000
321 0.996416
322 0.989606
323 0.993190
324 0.993011
325 0.996595
326 1.000000
327 0.993011
328 1.000000
329 1.000000
330 0.996416
331 0.996595
332 0.996595
333 1.000000
334 0.996595
335 0.996595
336 0.996595
337 1.000000
338 0.996416
339 0.993011
340 0.989606
341 1.000000
342 0.996595
343 0.996416
344 1.000000
345 0.996416
346 0.992832
347 0.989427
348 0.989247
349 0.996595
350 1.000000
351 0.996416
352 1.000000
353 0.996595
354 0.993011
355 0.996416
356 1.000000
357 1.000000
358 0.996595
359 1.000000
360 1.000000
361 0.996595
362 1.000000
363 1.000000
364 1.000000
365 1.000000
366 1.000000
367 0.996416
368 0.992832
369 0.996416
370 0.996416
371 1.000000
372 0.996595
373 0.996595
374 0.996416
375 0.989785
376 1.000000
377 0.992832
378 0.996416
379 1.000000
380 0.996416
381 0.996416
382 0.996416
383 0.989427
384 1.000000
385 0.996416
386 0.996416
387 0.993190
388 0.993011
389 1.000000
390 1.000000
391 1.000000
392 0.996416
393 0.996416
394 0.996416
395 0.993011
396 0.996416
397 1.000000
398 0.996595
399 1.000000
400 0.993011
401 0.996595
402 1.000000
403 0.992832
404 0.996595
405 0.996416
406 1.000000
407 0.993190
408 0.992832
409 1.000000
410 0.993011
411 1.000000
412 0.996416
413 0.989606
414 0.993011
415 0.996416
416 0.993011
417 0.996595
418 0.993190
419 0.996416
420 1.000000
421 1.000000
422 0.996416
423 0.996595
424 0.989785
425 0.992832
426 1.000000
427 1.000000
428 0.993190
429 0.996416
430 0.989427
431 0.996595
432 1.000000
433 0.993011
434 0.996595
435 1.000000
436 1.000000
437 1.000000
438 0.996595
439 0.996416
440 1.000000
441 1.000000
442 0.993011
443 1.000000
444 1.000000
445 0.996416
446 1.000000
447 0.996416
448 0.992832
449 0.996595
450 1.000000
451 0.996595
452 1.000000
453 1.000000
454 1.000000
455 1.000000
456 0.996595
457 0.996416
458 1.000000
459 0.996595
460 1.000000
461 0.996595
462 0.996595
463 1.000000
464 1.000000
465 0.993011
466 0.989606
467 1.000000
468 0.996416
469 1.000000
470 0.996416
471 0.996416
472 1.000000
473 1.000000
474 1.000000
475 0.993011
476 0.996416
477 1.000000
478 0.993190
479 1.000000
480 1.000000
481 0.996416
482 0.996416
483 0.989606
484 1.000000
485 1.000000
486 0.989427
487 0.982079
488 0.989427
489 0.989606
490 0.996595
491 0.996595
492 1.000000
493 1.000000
494 0.996416
495 0.989247
496 1.000000
497 1.000000
498 1.000000
499 1.000000
500 1.000000
501 1.000000
502 0.996595
503 1.000000
504 0.993190
505 0.996416
506 1.000000
507 0.996595
508 0.989427
509 1.000000
510 0.986201
511 0.989606
512 0.996416
513 1.000000
514 1.000000
515 0.993011
516 0.996595
517 0.996595
518 0.996416
519 0.996416
520 0.996416
521 1.000000
522 0.996595
523 0.989427
524 1.000000
525 1.000000
526 1.000000
527 1.000000
528 0.996595
529 0.996416
530 0.993190
531 0.982616
532 0.996595
533 1.000000
534 0.993011
535 0.996416
536 0.996595
537 0.989247
538 0.993011
539 0.992832
540 0.989785
541 0.989427
542 0.996595
543 0.992832
544 0.996416
545 0.993011
546 0.993011
547 0.996595
548 1.000000
549 1.000000
550 0.996416
551 1.000000
552 0.996595
553 0.996416
554 0.996595
555 0.996416
556 0.989427
557 1.000000
558 0.996595
559 0.992832
560 0.992832
561 0.996595
562 0.992832
563 0.993190
564 0.989427
565 0.985842
566 1.000000
567 0.993011
568 0.996416
569 1.000000
570 0.996595
571 1.000000
572 0.996416
573 0.996416
574 0.996416
575 0.996595
576 0.996595
577 0.986022
578 0.989427
579 1.000000
580 1.000000
581 0.996595
582 1.000000
583 0.992832
584 0.996416
585 0.992832
586 1.000000
587 0.993011
588 1.000000
589 1.000000
590 0.996416
591 0.989427
592 1.000000
593 1.000000
594 0.993190
595 1.000000
596 1.000000
597 0.985842
598 0.989247
599 0.993190
600 0.992832
601 0.986022
602 0.996416
603 1.000000
604 1.000000
605 0.996595
606 0.993011
607 0.996595
608 1.000000
609 0.985842
610 0.996595
611 0.996416
612 0.996416
613 1.000000
614 0.996416
615 1.000000
616 1.000000
617 0.985842
618 0.996595
619 1.000000
620 1.000000
621 0.996416
622 1.000000
623 1.000000
624 0.996416
625 0.996595
626 1.000000
627 0.979032
628 0.993011
629 0.989247
630 0.996416
631 0.996595
632 0.993190
633 0.992832
634 0.993011
635 0.996595
636 0.996416
637 0.989427
638 0.996416
639 1.000000
640 0.996416
641 1.000000
642 1.000000
643 0.992832
644 1.000000
645 0.996595
646 0.996416
647 0.993190
648 0.996416
649 0.996416
650 0.996416
651 0.993011
652 0.989606
653 0.989427
654 0.993011
655 1.000000
656 1.000000
657 0.996595
658 1.000000
659 0.996416
660 0.993190
661 1.000000
662 0.996595
663 0.985842
664 1.000000
665 0.992832
666 1.000000
667 0.996595
668 0.996595
669 1.000000
670 1.000000
671 1.000000
672 0.993011
673 0.993011
674 0.992832
675 0.996595
676 0.992832
677 0.992832
678 0.989606
679 0.996595
680 0.992832
681 0.982437
682 0.996595
683 0.996416
684 0.996416
685 1.000000
686 1.000000
687 1.000000
688 0.993011
689 1.000000
690 1.000000
691 0.996416
692 1.000000
693 1.000000
694 0.989606
695 0.996595
696 1.000000
697 0.989427
698 0.996595
699 0.989247
700 0.993011
701 0.996416
702 0.996595
703 1.000000
704 0.993190
705 0.996416
706 0.996416
707 1.000000
708 0.989606
709 0.989427
710 0.992832
711 0.996595
712 0.996595
713 0.993011
714 0.996595
715 0.993011
716 0.996595
717 0.996595
718 1.000000
719 0.996416
720 0.996416
721 1.000000
722 0.996416
723 1.000000
724 1.000000
725 1.000000
726 0.992832
727 0.993011
728 0.996416
729 0.996595
730 1.000000
731 1.000000
732 0.996595
733 0.996416
734 0.996595
735 0.996595
736 0.992832
737 0.996595
738 1.000000
739 0.996416
740 0.993011
741 1.000000
742 1.000000
743 0.996416
744 1.000000
745 0.989606
746 0.978674
747 1.000000
748 0.996595
749 0.996595
750 1.000000
751 0.996595
752 0.989427
753 0.993190
754 1.000000
755 0.996416
756 0.996416
757 0.993011
758 0.993190
759 0.993011
760 0.996595
761 0.996416
762 0.996416
763 1.000000
764 0.993190
765 0.996595
766 1.000000
767 0.996595
768 1.000000
769 0.993011
770 0.996416
771 0.996416
772 1.000000
773 0.992832
774 1.000000
775 0.992832
776 0.996416
777 1.000000
778 0.996595
779 0.993190
780 0.996416
781 1.000000
782 0.989427
783 0.996416
784 0.993011
785 0.996595
786 1.000000
787 0.996595
788 0.996416
789 1.000000
790 0.993011
791 1.000000
792 0.993011
793 1.000000
794 1.000000
795 1.000000
796 0.993011
797 1.000000
798 0.992832
799 1.000000
800 0.989247
801 1.000000
802 0.996595
803 1.000000
804 1.000000
805 1.000000
806 0.993011
807 1.000000
808 0.985842
809 0.996595
810 0.993011
811 1.000000
812 0.993190
813 1.000000
814 0.996595
815 0.986022
816 0.996595
817 1.000000
818 1.000000
819 0.992832
820 0.989427
821 0.996416
822 1.000000
823 0.996416
824 0.996416
825 1.000000
826 0.993011
827 1.000000
828 0.993011
829 1.000000
830 0.996595
831 1.000000
832 1.000000
833 0.996416
834 0.982437
835 0.985842
836 1.000000
837 1.000000
838 1.000000
839 0.996595
840 0.996416
841 1.000000
842 0.993011
843 0.996416
844 1.000000
845 0.996416
846 0.996595
847 1.000000
848 0.996595
849 1.000000
850 1.000000
851 1.000000
852 0.989427
853 1.000000
854 1.000000
855 0.996416
856 1.000000
857 0.996416
858 0.996595
859 0.996416
860 0.996416
861 1.000000
862 0.993011
863 1.000000
864 0.996416
865 0.996595
866 1.000000
867 0.996416
868 0.996416
869 0.996416
870 0.996595
871 1.000000
872 0.996595
873 0.996416
874 1.000000
875 0.993011
876 0.993011
877 0.996416
878 1.000000
879 1.000000
880 0.996416
881 0.996416
882 1.000000
883 0.996595
884 0.996416
885 1.000000
886 1.000000
887 0.992832
888 1.000000
889 0.989606
890 0.996416
891 0.996416
892 0.993190
893 0.996595
894 0.996595
895 1.000000
896 0.996595
897 0.996595
898 1.000000
899 0.996416
900 0.996595
901 1.000000
902 1.000000
903 0.996595
904 1.000000
905 0.996595
906 1.000000
907 1.000000
908 0.996595
909 0.996595
910 0.996416
911 1.000000
912 0.996595
913 0.989427
914 0.996416
915 1.000000
916 0.996416
917 0.996595
918 1.000000
919 1.000000
920 0.996416
921 0.992832
922 0.996595
923 0.996595
924 0.996416
925 0.996416
926 0.996595
927 0.996416
928 0.982258
929 1.000000
930 0.993011
931 0.993011
932 1.000000
933 0.996595
934 0.996416
935 1.000000
936 1.000000
937 0.992832
938 1.000000
939 0.982258
940 0.992832
941 0.996416
942 0.992832
943 0.992832
944 0.996416
945 1.000000
946 0.989247
947 0.992832
948 0.993190
949 1.000000
950 1.000000
951 1.000000
952 0.992832
953 1.000000
954 0.996595
955 0.996416
956 0.989247
957 0.992832
958 1.000000
959 0.996416
960 0.996595
961 1.000000
962 0.989247
963 0.993011
964 1.000000
965 1.000000
966 0.992832
967 0.996416
968 0.996595
969 0.993011
970 1.000000
971 0.993011
972 0.996595
973 0.989427
974 0.989785
975 1.000000
976 0.989247
977 0.986201
978 0.996416
979 0.996595
980 0.996595
981 1.000000
982 0.996595
983 0.996595
984 0.989247
985 1.000000
986 0.993190
987 1.000000
988 1.000000
989 0.996595
990 0.996595
991 0.986022
992 0.992832
993 0.993011
994 0.996416
995 0.996416
996 1.000000
997 0.996595
998 1.000000
999 1.000000
