0 0.996439
1 0.992842
2 0.989281
3 1.000000
4 0.996439
5 1.000000
6 1.000000
7 0.992806
8 0.989281
9 0.996439
10 1.000000
11 1.000000
12 0.992842
13 1.000000
14 1.000000
15 0.985683
16 0.996439
17 0.996403
18 0.989209
19 0.996403
20 1.000000
21 0.996439
22 1.000000
23 0.992806
24 1.000000
25 0.996403
26 1.000000
27 1.000000
28 0.989245
29 0.996403
30 1.000000
31 1.000000
32 0.992806
33 0.992878
34 1.000000
35 1.000000
36 1.000000
37 0.996403
38 1.000000
39 0.989317
40 0.996439
41 0.996439
42 0.996403
43 1.000000
44 0.996403
45 0.996439
46 1.000000
47 0.996403
48 1.000000
49 0.996439
50 0.996439
51 1.000000
52 0.996439
53 1.000000
54 0.992842
55 0.989281
56 1.000000
57 0.996403
58 0.985719
59 1.000000
60 1.000000
61 0.996439
62 0.989281
63 0.996439
64 1.000000
65 0.992806
66 0.996439
67 0.996403
68 0.992806
69 1.000000
70 0.996403
71 0.989317
72 0.996403
73 0.992842
74 0.989245
75 1.000000
76 1.000000
77 0.992842
78 1.000000
79 1.000000
80 1.000000
81 1.000000
82 0.996439
83 1.000000
84 0.989209
85 0.996403
86 0.992842
87 1.000000
88 0.992842
89 0.992806
90 0.996439
91 1.000000
92 0.992842
93 1.000000
94 0.992878
95 0.989209
96 0.989245
97 0.989209
98 1.000000
99 0.989281
100 0.989209
101 0.992842
102 0.996403
103 1.000000
104 0.996403
105 0.992842
106 0.992842
107 0.992842
108 0.989245
109 0.996403
110 1.000000
111 0.989317
112 1.000000
113 0.992806
114 1.000000
115 0.992842
116 0.989209
117 1.000000
118 0.992878
119 0.992842
120 1.000000
121 0.996439
122 0.996439
123 1.000000
124 0.996403
125 0.996439
126 0.996403
127 0.992806
128 0.985612
129 0.992878
130 0.992806
131 1.000000
132 0.996439
133 0.992878
134 1.000000
135 0.996403
136 0.996403
137 1.000000
138 0.996439
139 0.996439
140 0.989245
141 1.000000
142 0.992806
143 0.992842
144 0.996439
145 0.996403
146 0.992878
147 0.996403
148 1.000000
149 0.996403
150 0.996439
151 0.992806
152 0.996439
153 0.996403
154 0.989281
155 1.000000
156 1.000000
157 1.000000
158 1.000000
159 1.000000
160 0.996403
161 0.992806
162 0.989281
163 0.996439
164 0.996403
165 0.992878
166 0.996403
167 0.996439
168 0.996439
169 1.000000
170 0.996403
171 0.992878
172 0.989245
173 1.000000
174 1.000000
175 0.996439
176 0.985719
177 1.000000
178 0.996403
179 1.000000
180 0.989245
181 1.000000
182 0.992806
183 0.992878
184 0.989281
185 0.989281
186 0.985719
187 0.982122
188 0.996439
189 0.996403
190 0.996403
191 1.000000
192 0.992842
193 1.000000
194 0.996403
195 0.996403
196 1.000000
197 1.000000
198 1.000000
199 1.000000
200 0.989245
201 0.996403
202 0.996403
203 1.000000
204 0.992806
205 1.000000
206 1.000000
207 1.000000
208 1.000000
209 0.996403
210 0.996439
211 1.000000
212 1.000000
213 1.000000
214 1.000000
215 1.000000
216 0.996403
217 1.000000
218 0.992806
219 1.000000
220 0.996439
221 0.989317
222 0.989209
223 1.000000
224 1.000000
225 0.992842
226 1.000000
227 0.996403
228 1.000000
229 0.985683
230 1.000000
231 1.000000
232 0.996403
233 1.000000
234 1.000000
235 1.000000
236 0.996403
237 1.000000
238 0.996403
239 0.992878
240 1.000000
241 0.992842
242 0.996439
243 1.000000
244 0.996403
245 1.000000
246 0.996439
247 1.000000
248 0.989281
249 0.996439
250 0.992806
251 0.996403
252 1.000000
253 0.992878
254 1.000000
255 0.996403
256 1.000000
257 0.996403
258 1.000000
259 1.000000
260 1.000000
261 0.996403
262 0.996403
263 1.000000
264 0.989245
265 0.996403
266 1.000000
267 0.996439
268 0.996403
269 1.000000
270 0.996439
271 0.989281
272 0.996439
273 1.000000
274 1.000000
275 1.000000
276 1.000000
277 0.992842
278 1.000000
279 1.000000
280 0.996403
281 1.000000
282 0.985755
283 1.000000
284 1.000000
285 0.992842
286 0.996403
287 0.996403
288 1.000000
289 1.000000
290 1.000000
291 0.996403
292 1.000000
293 0.996439
294 0.996439
295 1.000000
296 1.000000
297 0.996439
298 0.989281
299 0.996403
300 0.996403
301 1.000000
302 1.000000
303 0.992842
304 0.992842
305 1.000000
306 1.000000
307 1.000000
308 0.996403
309 0.996439
310 0.996439
311 0.996439
312 0.992842
313 0.989245
314 0.992842
315 0.996403
316 0.992842
317 0.996403
318 1.000000
319 0.992806
320 0.996403
321 0.996439
322 0.996439
323 1.000000
324 0.992842
325 0.996403
326 0.996403
327 0.996403
328 0.996439
329 0.996403
330 1.000000
331 1.000000
332 1.000000
333 1.000000
334 0.992878
335 0.996403
336 0.996403
337 1.000000
338 1.000000
339 0.996439
340 0.996403
341 1.000000
342 0.989245
343 1.000000
344 1.000000
345 0.996439
346 1.000000
347 0.996403
348 0.989245
349 0.996403
350 0.996403
351 0.996439
352 1.000000
353 0.992842
354 1.000000
355 0.996439
356 1.000000
357 0.996439
358 1.000000
359 0.996403
360 1.000000
361 1.000000
362 1.000000
363 1.000000
364 0.992842
365 1.000000
366 1.000000
367 0.985683
368 0.992842
369 0.996403
370 0.992878
371 1.000000
372 1.000000
373 1.000000
374 0.989245
375 0.992842
376 0.992878
377 1.000000
378 0.996403
379 1.000000
380 0.989245
381 1.000000
382 0.996439
383 1.000000
384 1.000000
385 1.000000
386 1.000000
387 1.000000
388 0.992806
389 0.992806
390 0.996403
391 0.992806
392 0.996403
393 0.996439
394 0.992806
395 1.000000
396 1.000000
397 0.996403
398 0.982086
399 0.985683
400 0.996403
401 1.000000
402 1.000000
403 0.996439
404 0.992842
405 0.992806
406 1.000000
407 0.996439
408 0.992842
409 0.996439
410 0.996439
411 0.996403
412 0.989317
413 1.000000
414 1.000000
415 1.000000
416 0.996403
417 0.992806
418 0.996403
419 1.000000
420 0.996403
421 1.000000
422 1.000000
423 0.996439
424 0.992878
425 0.992806
426 1.000000
427 0.989281
428 0.996439
429 1.000000
430 0.989245
431 0.989245
432 0.992806
433 1.000000
434 0.996403
435 0.989281
436 1.000000
437 0.996403
438 0.996403
439 0.996439
440 0.996439
441 0.989245
442 0.989281
443 1.000000
444 0.996403
445 1.000000
446 0.992806
447 1.000000
448 0.989245
449 1.000000
450 1.000000
451 0.992806
452 1.000000
453 0.992806
454 0.992842
455 0.996403
456 1.000000
457 1.000000
458 1.000000
459 0.985647
460 0.992806
461 0.996403
462 0.996439
463 0.996439
464 1.000000
465 0.996439
466 1.000000
467 0.996403
468 1.000000
469 0.996439
470 0.996403
471 0.992878
472 0.992806
473 1.000000
474 0.985612
475 1.000000
476 1.000000
477 0.989245
478 0.996439
479 0.992842
480 0.992842
481 0.992842
482 0.996439
483 1.000000
484 0.996439
485 1.000000
486 0.996439
487 0.996403
488 1.000000
489 1.000000
490 1.000000
491 0.992878
492 1.000000
493 0.996403
494 0.996403
495 0.996403
496 0.996439
497 0.992806
498 1.000000
499 0.992842
500 1.000000
501 0.996439
502 1.000000
503 0.992878
504 0.996403
505 0.992806
506 1.000000
507 1.000000
508 1.000000
509 1.000000
510 0.996403
511 0.996439
512 1.000000
513 1.000000
514 0.996403
515 0.996403
516 0.996403
517 0.996439
518 0.989209
519 1.000000
520 0.992806
521 0.996439
522 0.985612
523 1.000000
524 0.992842
525 1.000000
526 0.996403
527 0.996439
528 1.000000
529 0.996403
530 0.996403
531 0.992806
532 0.992806
533 0.992806
534 0.985683
535 0.992842
536 1.000000
537 0.996403
538 0.996403
539 1.000000
540 0.996403
541 1.000000
542 1.000000
543 1.000000
544 0.989281
545 1.000000
546 0.992806
547 1.000000
548 0.996403
549 0.996439
550 0.996403
551 0.996403
552 0.992842
553 0.992842
554 1.000000
555 0.996403
556 0.989281
557 1.000000
558 0.996403
559 0.992806
560 0.996439
561 0.989317
562 1.000000
563 1.000000
564 0.996439
565 0.992878
566 1.000000
567 0.996403
568 1.000000
569 0.996439
570 0.996439
571 1.000000
572 0.996403
573 0.996439
574 0.992878
575 1.000000
576 1.000000
577 0.992806
578 1.000000
579 0.992878
580 0.996439
581 1.000000
582 0.996439
583 0.992842
584 1.000000
585 0.992806
586 1.000000
587 0.996403
588 1.000000
589 0.996403
590 1.000000
591 1.000000
592 1.000000
593 0.996403
594 0.996403
595 1.000000
596 0.996439
597 0.996439
598 0.996403
599 0.992842
600 0.992806
601 1.000000
602 0.982086
603 1.000000
604 0.992878
605 0.996403
606 0.992878
607 1.000000
608 1.000000
609 0.992842
610 0.996439
611 1.000000
612 0.996439
613 0.996403
614 0.992806
615 0.992842
616 1.000000
617 0.996439
618 0.996403
619 1.000000
620 1.000000
621 0.992806
622 0.996439
623 0.992806
624 0.996403
625 0.996403
626 0.996439
627 0.992842
628 1.000000
629 0.992806
630 0.992842
631 1.000000
632 0.996403
633 1.000000
634 0.996403
635 1.000000
636 0.996403
637 0.996439
638 0.996403
639 0.992806
640 0.996403
641 0.996439
642 1.000000
643 0.992842
644 1.000000
645 0.989245
646 1.000000
647 0.996439
648 1.000000
649 0.996439
650 1.000000
651 0.996439
652 1.000000
653 1.000000
654 0.985647
655 0.996439
656 0.996439
657 1.000000
658 0.992842
659 1.000000
660 0.996439
661 0.992806
662 1.000000
663 0.996403
664 1.000000
665 0.996439
666 0.992806
667 0.996403
668 0.996439
669 1.000000
670 0.996403
671 1.000000
672 0.996439
673 1.000000
674 1.000000
675 0.996403
676 1.000000
677 1.000000
678 0.996403
679 0.996403
680 0.996403
681 0.992878
682 1.000000
683 0.996439
684 0.992806
685 1.000000
686 0.996439
687 0.989245
688 0.996403
689 1.000000
690 0.992806
691 1.000000
692 0.996403
693 1.000000
694 0.992842
695 0.992842
696 0.982050
697 1.000000
698 0.992842
699 1.000000
700 1.000000
701 1.000000
702 0.992806
703 0.996403
704 0.992842
705 0.996439
706 0.996403
707 0.996439
708 1.000000
709 0.996439
710 0.989209
711 0.996439
712 0.996439
713 1.000000
714 0.992806
715 1.000000
716 0.992842
717 1.000000
718 0.996403
719 1.000000
720 0.992842
721 1.000000
722 1.000000
723 1.000000
724 1.000000
725 0.996403
726 0.992806
727 0.978561
728 1.000000
729 0.996403
730 0.989281
731 1.000000
732 0.996439
733 1.000000
734 0.996439
735 0.996403
736 0.996439
737 0.996439
738 1.000000
739 0.992878
740 0.992878
741 0.996439
742 1.000000
743 0.992842
744 0.996439
745 0.992878
746 0.989245
747 0.996439
748 0.992806
749 0.996439
750 1.000000
751 0.996439
752 1.000000
753 0.992806
754 1.000000
755 1.000000
756 0.996439
757 1.000000
758 0.996403
759 1.000000
760 0.996439
761 1.000000
762 1.000000
763 0.996403
764 1.000000
765 0.996439
766 1.000000
767 1.000000
768 1.000000
769 0.996403
770 0.992806
771 0.996439
772 0.992842
773 1.000000
774 0.996439
775 0.992842
776 1.000000
777 0.996403
778 0.992806
779 1.000000
780 1.000000
781 0.996403
782 0.992842
783 1.000000
784 0.996403
785 0.992878
786 0.996439
787 0.989209
788 1.000000
789 0.996403
790 1.000000
791 0.992806
792 1.000000
793 0.985719
794 0.996403
795 1.000000
796 0.996439
797 1.000000
798 0.996403
799 1.000000
800 1.000000
801 1.000000
802 1.000000
803 0.996439
804 0.992842
805 1.000000
806 0.996439
807 0.992842
808 1.000000
809 1.000000
810 1.000000
811 0.996439
812 0.996403
813 1.000000
814 0.996403
815 1.000000
816 0.992842
817 0.996439
818 1.000000
819 0.992878
820 0.992878
821 0.996439
822 0.992842
823 0.992878
824 1.000000
825 0.996403
826 0.996403
827 1.000000
828 1.000000
829 0.992806
830 1.000000
831 0.996439
832 0.996403
833 1.000000
834 0.992842
835 0.992842
836 0.996403
837 1.000000
838 0.992842
839 0.992806
840 1.000000
841 0.996403
842 0.992806
843 0.989281
844 0.996403
845 0.992842
846 0.989245
847 0.989245
848 1.000000
849 1.000000
850 1.000000
851 0.996403
852 0.989281
853 1.000000
854 0.989245
855 1.000000
856 1.000000
857 1.000000
858 0.992806
859 0.996439
860 0.996439
861 1.000000
862 0.996403
863 1.000000
864 1.000000
865 0.992806
866 1.000000
867 1.000000
868 0.996403
869 0.996439
870 1.000000
871 0.996439
872 0.996403
873 0.996439
874 1.000000
875 1.000000
876 1.000000
877 1.000000
878 0.992878
879 0.992806
880 0.992878
881 1.000000
882 0.996403
883 0.992806
884 0.996439
885 0.996403
886 0.996439
887 1.000000
888 1.000000
889 0.996403
890 1.000000
891 1.000000
892 0.996403
893 0.996403
894 0.996403
895 0.992842
896 0.989281
897 0.996403
898 1.000000
899 0.992842
900 0.996403
901 1.000000
902 0.989317
903 1.000000
904 1.000000
905 1.000000
906 0.992878
907 0.989245
908 1.000000
909 1.000000
910 0.996439
911 1.000000
912 1.000000
913 1.000000
914 1.000000
915 0.996439
916 0.989245
917 0.992806
918 1.000000
919 0.989281
920 0.996403
921 1.000000
922 0.996403
923 0.992878
924 0.992842
925 0.996439
926 0.992878
927 0.992842
928 0.996403
929 1.000000
930 0.996403
931 0.996439
932 1.000000
933 0.992842
934 0.996403
935 0.996403
936 1.000000
937 1.000000
938 0.996403
939 1.000000
940 1.000000
941 1.000000
942 0.985683
943 0.996403
944 0.996439
945 1.000000
946 0.992842
947 0.992806
948 0.996439
949 0.992842
950 1.000000
951 0.996403
952 0.992842
953 0.996439
954 0.996439
955 0.996403
956 0.996403
957 0.996439
958 1.000000
959 1.000000
960 0.992842
961 1.000000
962 0.996439
963 1.000000
964 1.000000
965 0.989209
966 1.000000
967 1.000000
968 0.996403
969 1.000000
970 0.992878
971 0.989209
972 1.000000
973 1.000000
974 1.000000
975 0.996439
976 0.996403
977 1.000000
978 0.992878
979 0.996439
980 1.000000
981 0.992806
982 0.996403
983 0.989245
984 0.996439
985 0.989209
986 0.996439
987 1.000000
988 0.989245
989 0.996403
990 0.992806
991 1.000000
992 0.989281
993 0.996439
994 0.996439
995 1.000000
996 0.992842
997 1.000000
998 0.992878
999 0.996403
