0 0.996416
1 1.000000
2 0.992951
3 0.996416
4 1.000000
5 1.000000
6 1.000000
7 1.000000
8 1.000000
9 0.992951
10 0.996535
11 1.000000
12 0.985783
13 0.992832
14 0.993070
15 1.000000
16 1.000000
17 1.000000
18 0.989367
19 0.985902
20 0.996535
21 0.992951
22 1.000000
23 1.000000
24 0.996416
25 1.000000
26 1.000000
27 0.996535
28 0.989486
29 1.000000
30 1.000000
31 0.993070
32 1.000000
33 0.996416
34 1.000000
35 1.000000
36 0.982437
37 0.992832
38 1.000000
39 0.996535
40 0.996416
41 0.986022
42 0.996416
43 0.996416
44 0.992951
45 0.996535
46 1.000000
47 1.000000
48 0.985902
49 1.000000
50 1.000000
51 0.993070
52 0.989606
53 0.996416
54 1.000000
55 0.992951
56 0.996416
57 0.985663
58 0.996535
59 0.989486
60 0.996535
61 1.000000
62 0.996535
63 0.992832
64 0.992951
65 0.996416
66 0.993070
67 1.000000
68 1.000000
69 0.996416
70 0.992832
71 0.989367
72 1.000000
73 1.000000
74 0.996535
75 0.996535
76 0.992832
77 0.996416
78 0.993070
79 0.996416
80 0.996416
81 0.989486
82 1.000000
83 0.989367
84 1.000000
85 1.000000
86 1.000000
87 0.989367
88 0.996535
89 0.993070
90 1.000000
91 0.996416
92 0.996535
93 1.000000
94 0.996535
95 0.992832
96 1.000000
97 0.996416
98 1.000000
99 0.992832
100 0.996416
101 0.996535
102 0.996535
103 0.996535
104 0.992832
105 0.996535
106 1.000000
107 1.000000
108 0.996535
109 0.996416
110 0.996416
111 0.996416
112 0.996416
113 1.000000
114 1.000000
115 0.996535
116 0.996416
117 0.992832
118 1.000000
119 1.000000
120 1.000000
121 0.996535
122 0.996535
123 0.996535
124 1.000000
125 0.996416
126 0.989367
127 1.000000
128 1.000000
129 1.000000
130 0.996416
131 0.996535
132 0.993070
133 0.996535
134 0.996416
135 1.000000
136 1.000000
137 1.000000
138 0.996535
139 0.992951
140 0.996535
141 0.996416
142 1.000000
143 0.996535
144 0.992951
145 1.000000
146 0.996416
147 0.996416
148 1.000000
149 0.996535
150 0.996535
151 1.000000
152 0.996535
153 0.989367
154 0.992832
155 1.000000
156 0.989247
157 1.000000
158 0.996416
159 0.996535
160 1.000000
161 1.000000
162 0.996535
163 0.996416
164 1.000000
165 0.996535
166 1.000000
167 0.992951
168 1.000000
169 1.000000
170 1.000000
171 1.000000
172 0.992832
173 0.992951
174 1.000000
175 1.000000
176 0.996535
177 0.996535
178 0.986141
179 1.000000
180 0.996535
181 0.989247
182 0.996535
183 0.996535
184 0.996416
185 0.996416
186 0.996416
187 1.000000
188 1.000000
189 0.996416
190 0.996416
191 1.000000
192 0.993070
193 1.000000
194 1.000000
195 0.992951
196 0.996416
197 0.996416
198 1.000000
199 0.989486
200 0.996416
201 0.996416
202 0.992951
203 0.996416
204 0.996416
205 0.992951
206 0.996416
207 1.000000
208 0.992832
209 1.000000
210 0.996535
211 1.000000
212 1.000000
213 1.000000
214 0.992832
215 0.996416
216 1.000000
217 0.996416
218 0.989367
219 0.992951
220 1.000000
221 0.993070
222 1.000000
223 1.000000
224 1.000000
225 0.985783
226 1.000000
227 0.996416
228 0.996535
229 0.992832
230 1.000000
231 0.996535
232 1.000000
233 1.000000
234 1.000000
235 0.996535
236 0.996416
237 0.996416
238 0.992951
239 1.000000
240 0.996535
241 1.000000
242 0.993070
243 0.996416
244 0.996416
245 0.996416
246 0.985902
247 0.989486
248 1.000000
249 1.000000
250 0.992951
251 1.000000
252 1.000000
253 1.000000
254 1.000000
255 0.989367
256 0.996416
257 0.996416
258 1.000000
259 1.000000
260 0.996416
261 0.989247
262 1.000000
263 1.000000
264 1.000000
265 1.000000
266 0.996416
267 0.996416
268 0.996416
269 0.996535
270 0.993070
271 0.989486
272 0.996416
273 0.996416
274 0.992951
275 0.996535
276 0.996535
277 0.996535
278 0.996535
279 0.996416
280 0.985663
281 1.000000
282 0.989367
283 0.992951
284 1.000000
285 0.992951
286 0.996416
287 0.992951
288 0.985902
289 0.992951
290 0.996535
291 1.000000
292 0.996535
293 1.000000
294 0.996535
295 0.989247
296 0.992951
297 1.000000
298 0.989247
299 0.996416
300 0.996416
301 1.000000
302 0.996416
303 0.996535
304 0.992832
305 1.000000
306 0.996416
307 1.000000
308 1.000000
309 1.000000
310 0.996416
311 0.989367
312 0.996416
313 0.992951
314 0.993070
315 0.996535
316 1.000000
317 0.996535
318 0.996535
319 0.993070
320 1.000000
321 0.996416
322 1.000000
323 0.993070
324 0.992951
325 0.989486
326 0.996416
327 0.993070
328 0.989486
329 0.996535
330 0.996535
331 1.000000
332 0.992832
333 0.996535
334 0.989367
335 0.993070
336 1.000000
337 1.000000
338 1.000000
339 1.000000
340 0.989247
341 0.996416
342 0.989247
343 0.993070
344 1.000000
345 0.996416
346 0.989367
347 0.989247
348 0.996416
349 0.989367
350 1.000000
351 1.000000
352 1.000000
353 0.996416
354 0.992832
355 1.000000
356 0.996535
357 0.996535
358 1.000000
359 0.996416
360 0.989247
361 0.996416
362 0.992951
363 0.989247
364 0.996535
365 1.000000
366 1.000000
367 0.996416
368 1.000000
369 0.992832
370 1.000000
371 0.989486
372 0.985783
373 0.992951
374 0.996535
375 0.993070
376 1.000000
377 0.996416
378 0.996535
379 0.996535
380 0.989486
381 1.000000
382 1.000000
383 0.996416
384 1.000000
385 0.996416
386 0.996535
387 0.996416
388 1.000000
389 0.985783
390 0.989486
391 1.000000
392 0.992951
393 0.996535
394 0.996416
395 1.000000
396 0.992832
397 1.000000
398 0.989486
399 1.000000
400 0.996416
401 0.996535
402 0.992951
403 0.989486
404 1.000000
405 0.982198
406 0.989486
407 0.996535
408 0.996416
409 0.996416
410 1.000000
411 0.993070
412 1.000000
413 0.992951
414 0.989367
415 1.000000
416 0.996416
417 0.996535
418 0.996535
419 1.000000
420 0.992832
421 0.992951
422 0.996416
423 0.996535
424 0.989486
425 0.996416
426 0.996416
427 0.992951
428 1.000000
429 1.000000
430 1.000000
431 0.992832
432 1.000000
433 0.992951
434 1.000000
435 0.996535
436 0.996416
437 0.996416
438 0.996535
439 1.000000
440 0.989367
441 1.000000
442 1.000000
443 0.989247
444 1.000000
445 0.996416
446 1.000000
447 0.989486
448 1.000000
449 1.000000
450 0.996535
451 0.989606
452 0.996535
453 1.000000
454 0.996416
455 0.992832
456 1.000000
457 0.992832
458 0.996416
459 1.000000
460 0.996416
461 0.996416
462 0.996535
463 1.000000
464 0.996416
465 0.996416
466 0.996416
467 1.000000
468 1.000000
469 0.992832
470 1.000000
471 1.000000
472 1.000000
473 0.996535
474 0.996535
475 0.989367
476 0.989486
477 1.000000
478 1.000000
479 0.996416
480 0.993070
481 0.996535
482 0.996416
483 0.996416
484 1.000000
485 0.992951
486 0.986022
487 0.996535
488 0.992951
489 0.996416
490 1.000000
491 1.000000
492 1.000000
493 0.996535
494 0.996535
495 0.996535
496 0.996416
497 0.985902
498 0.985902
499 1.000000
500 0.996535
501 0.992951
502 0.996416
503 0.982318
504 0.996416
505 0.996416
506 0.996535
507 1.000000
508 0.996535
509 0.996535
510 1.000000
511 0.992951
512 1.000000
513 1.000000
514 0.996416
515 0.996416
516 1.000000
517 0.992951
518 1.000000
519 0.989486
520 0.996416
521 1.000000
522 1.000000
523 0.996416
524 0.992951
525 0.992832
526 1.000000
527 0.996416
528 0.996535
529 1.000000
530 0.996535
531 0.996416
532 0.989247
533 0.996416
534 0.989486
535 1.000000
536 0.996416
537 0.996416
538 0.992951
539 0.996535
540 0.989486
541 0.996416
542 1.000000
543 1.000000
544 0.996535
545 0.996416
546 1.000000
547 0.996416
548 1.000000
549 0.996416
550 0.996535
551 0.996535
552 1.000000
553 0.992951
554 1.000000
555 0.996535
556 0.992832
557 0.996416
558 0.996535
559 0.996535
560 0.996535
561 0.992951
562 0.996416
563 0.996535
564 0.996535
565 0.992951
566 0.996416
567 0.989367
568 0.992832
569 0.996535
570 0.996416
571 0.993070
572 0.996416
573 0.996535
574 0.996535
575 1.000000
576 0.985902
577 1.000000
578 1.000000
579 0.996416
580 1.000000
581 0.996535
582 0.996416
583 0.996416
584 0.989486
585 0.989486
586 1.000000
587 1.000000
588 1.000000
589 0.996416
590 1.000000
591 0.996535
592 0.982437
593 1.000000
594 0.992951
595 0.996416
596 0.996416
597 0.985783
598 1.000000
599 0.992951
600 0.992832
601 1.000000
602 0.996535
603 0.992951
604 1.000000
605 0.996416
606 1.000000
607 0.992951
608 0.996416
609 1.000000
610 0.996416
611 0.992832
612 1.000000
613 0.996416
614 1.000000
615 0.996535
616 1.000000
617 0.992951
618 0.992832
619 1.000000
620 1.000000
621 0.996416
622 1.000000
623 0.996416
624 1.000000
625 0.992832
626 0.996416
627 1.000000
628 0.992832
629 0.992951
630 0.996535
631 1.000000
632 0.989247
633 1.000000
634 1.000000
635 0.996416
636 0.992832
637 0.996535
638 0.996416
639 0.996416
640 0.996416
641 1.000000
642 0.992951
643 0.996416
644 0.992832
645 0.996416
646 0.996416
647 0.996416
648 0.996535
649 0.996416
650 0.992951
651 0.992951
652 0.992832
653 0.996535
654 0.993070
655 1.000000
656 0.996535
657 0.996416
658 0.996535
659 0.996416
660 1.000000
661 1.000000
662 1.000000
663 0.996535
664 1.000000
665 0.996535
666 1.000000
667 0.992951
668 1.000000
669 1.000000
670 1.000000
671 0.989486
672 1.000000
673 0.996416
674 1.000000
675 0.996416
676 1.000000
677 1.000000
678 0.992951
679 1.000000
680 0.996416
681 0.992832
682 1.000000
683 0.989486
684 1.000000
685 0.996416
686 1.000000
687 0.996535
688 0.996416
689 1.000000
690 1.000000
691 0.993070
692 0.989367
693 0.996416
694 1.000000
695 0.996416
696 1.000000
697 0.985902
698 0.992951
699 0.996535
700 0.996535
701 1.000000
702 0.996416
703 1.000000
704 0.992951
705 0.996535
706 1.000000
707 0.992832
708 0.996416
709 0.996416
710 0.996535
711 1.000000
712 1.000000
713 0.992951
714 0.992832
715 0.992951
716 1.000000
717 0.985783
718 0.996416
719 0.989367
720 1.000000
721 0.993070
722 0.996535
723 1.000000
724 1.000000
725 0.996535
726 0.996416
727 0.996416
728 1.000000
729 1.000000
730 0.985663
731 0.992951
732 1.000000
733 1.000000
734 1.000000
735 1.000000
736 0.996416
737 0.996416
738 0.996535
739 0.996535
740 0.992951
741 1.000000
742 0.992832
743 0.993070
744 0.992832
745 0.992832
746 0.996535
747 1.000000
748 1.000000
749 0.992832
750 0.996535
751 0.996535
752 0.992951
753 0.996416
754 0.996535
755 0.996535
756 1.000000
757 0.996416
758 0.996535
759 1.000000
760 0.996416
761 0.992832
762 0.996535
763 1.000000
764 0.996416
765 0.992832
766 0.996416
767 0.996416
768 0.992832
769 1.000000
770 1.000000
771 0.996535
772 1.000000
773 0.982198
774 0.996535
775 1.000000
776 0.992951
777 0.996416
778 0.992951
779 0.996416
780 1.000000
781 0.996535
782 0.992832
783 1.000000
784 0.996416
785 1.000000
786 1.000000
787 1.000000
788 0.989247
789 0.996416
790 0.996416
791 1.000000
792 0.996535
793 1.000000
794 0.992832
795 0.992951
796 0.996416
797 1.000000
798 0.992951
799 0.996416
800 0.989486
801 0.996416
802 1.000000
803 0.996416
804 0.989486
805 1.000000
806 0.989486
807 0.992951
808 0.989367
809 0.989247
810 0.996535
811 0.996416
812 0.996535
813 1.000000
814 0.989367
815 0.996535
816 0.996416
817 0.996416
818 0.992951
819 1.000000
820 0.996416
821 0.996416
822 0.996416
823 0.992951
824 0.982557
825 0.996416
826 0.982437
827 1.000000
828 0.996416
829 0.993070
830 0.992951
831 0.996416
832 1.000000
833 0.996535
834 0.992832
835 0.996416
836 0.992951
837 1.000000
838 0.989367
839 0.992951
840 0.993070
841 0.996535
842 0.996535
843 0.996535
844 1.000000
845 0.996416
846 0.996535
847 1.000000
848 1.000000
849 0.996416
850 0.996416
851 1.000000
852 0.993070
853 0.996416
854 1.000000
855 1.000000
856 0.993070
857 0.996535
858 0.989486
859 1.000000
860 1.000000
861 1.000000
862 1.000000
863 0.992951
864 0.992832
865 1.000000
866 1.000000
867 0.996416
868 0.996416
869 0.992832
870 1.000000
871 0.996416
872 1.000000
873 0.996416
874 1.000000
875 0.996416
876 0.989367
877 1.000000
878 1.000000
879 0.992951
880 1.000000
881 0.996535
882 1.000000
883 0.996416
884 0.996416
885 1.000000
886 1.000000
887 0.996535
888 0.996416
889 1.000000
890 1.000000
891 0.996416
892 0.996535
893 0.996416
894 0.996535
895 0.992951
896 0.996416
897 0.996535
898 1.000000
899 1.000000
900 0.989486
901 0.996535
902 1.000000
903 0.989367
904 0.996416
905 1.000000
906 1.000000
907 0.989606
908 1.000000
909 1.000000
910 0.996416
911 0.996416
912 1.000000
913 0.996416
914 0.993070
915 1.000000
916 0.989367
917 0.996416
918 0.996416
919 1.000000
920 1.000000
921 0.996535
922 0.996535
923 1.000000
924 1.000000
925 1.000000
926 0.996416
927 0.989367
928 0.996535
929 0.985783
930 1.000000
931 0.993070
932 1.000000
933 0.992951
934 0.993070
935 0.996535
936 0.996535
937 1.000000
938 0.992951
939 1.000000
940 0.992951
941 0.992951
942 0.996416
943 1.000000
944 1.000000
945 0.985783
946 0.996416
947 0.996416
948 1.000000
949 1.000000
950 0.996416
951 0.992832
952 0.993070
953 0.989486
954 0.996416
955 0.996535
956 0.996535
957 1.000000
958 0.996416
959 0.989247
960 1.000000
961 0.996535
962 1.000000
963 0.996535
964 0.996416
965 0.996416
966 0.992832
967 0.996416
968 1.000000
969 0.993070
970 1.000000
971 0.996535
972 0.996535
973 0.982198
974 0.993070
975 1.000000
976 0.996416
977 0.993070
978 1.000000
979 0.996416
980 0.996535
981 0.996535
982 0.992951
983 0.996416
984 0.992951
985 1.000000
986 0.996416
987 0.993070
988 1.000000
989 1.000000
990 1.000000
991 0.996416
992 0.992951
993 1.000000
994 0.996416
995 0.996416
996 0.992951
997 0.993070
998 1.000000
999 0.989486
