1148.577368
1161.761412
1148.555779
1213.747559
1174.312481
1154.032471
1172.840750
1178.525574
1245.805765
1217.813526
1259.189515
1186.292235
1258.948735
1163.478912
1149.021616
1203.401721
1153.352926
1193.784956
1222.035735
1033.313147
1185.288500
1021.015441
1036.037691
1181.625794
1193.995236
1171.425721
1186.807750
1171.403471
1099.329941
1204.587841
1274.980088
1219.650368
1214.565662
1172.425044
1069.251974
1111.800735
1221.136103
1204.274632
1288.700103
1095.716137
1210.234706
1242.507294
1205.665647
1208.782029
1053.808095
1186.302044
1162.368941
1133.814618
1115.754353
1169.247243
1221.592044
1199.780471
1273.489338
1186.216735
1150.384039
1104.597382
1260.981397
1185.096676
1238.258309
1065.389687
1140.712721
1152.262471
1144.389691
1260.039735
1186.336585
1092.831750
1238.916618
1172.849750
1185.167118
1149.655469
1146.753765
1266.077897
1210.968368
1148.332500
1144.298603
1272.073221
1009.133632
1188.605294
1161.589662
1120.521810
1209.474044
1110.063838
1246.467118
1164.018147
1150.185679
1134.255088
1133.883706
1200.612985
1258.080985
1149.663460
1258.804147
1228.980559
1159.309044
1279.520515
1162.089285
1126.673471
1228.638412
1133.942985
1239.825176
1177.705654
1231.546353
1169.554353
1245.395015
1106.311382
1120.369479
1164.417765
1204.771941
1182.432500
1151.861088
1189.818010
1146.895971
1234.998956
1228.164059
1199.226529
1067.810217
1185.823779
1145.469191
1132.841676
1152.680000
1179.381586
1195.022912
1218.591456
1186.224735
1220.929853
1152.148617
1208.528779
1139.539544
1180.021794
1165.708353
1191.444912
1231.647574
1163.314132
1133.915971
1230.065118
1136.219296
1175.812765
1187.323294
1234.833088
1174.186456
1202.696518
1166.695544
1233.623176
1202.729015
1163.335191
1177.476299
1266.251015
1166.892206
1180.626309
1196.400368
1108.875991
1203.705971
1146.993059
1165.873676
1201.035162
1220.078110
1160.931618
1173.976132
1172.437574
1179.137691
1113.927876
1160.485779
1204.159324
1190.421044
1257.467721
1219.877848
1221.738603
1161.474426
1235.846750
1224.372838
1151.264659
1158.517794
1168.968147
1201.971088
1225.185176
1197.963233
1145.232368
1183.649971
1166.687721
1222.544574
1267.301558
1181.944456
1157.002382
1229.722015
1160.840324
1152.814854
1181.717985
1224.556235
1295.105294
1129.652103
1189.484135
1163.442426
1171.535588
1195.061574
1216.152265
1092.119210
1299.762632
1203.655397
1135.210691
1184.610897
1186.686961
1136.839956
1163.747882
1202.991324
1192.411618
1067.971403
1163.930676
1227.486765
1066.186853
1215.183941
1156.321758
1206.196706
1207.534221
1103.696647
1160.987691
1059.050480
1142.913235
1164.369309
1253.994706
1177.120838
1138.614834
1217.814809
1049.656662
1190.222912
1123.332426
1110.138968
1220.383706
1162.988426
1264.153574
1140.505706
1115.356807
1246.317338
1126.795191
1191.689250
1184.326676
1188.124456
1227.086618
1178.260779
1238.292235
1273.389206
1140.739354
1188.307059
1180.880074
1259.471632
1180.568426
1272.431456
1134.859826
1168.690662
1247.245382
1168.909824
1249.314838
1178.329695
1193.572559
1200.003897
1175.122824
1159.539324
1170.993623
1186.055647
1100.971779
1198.265971
1209.261147
1148.979713
1141.230265
1254.791324
1112.027794
1115.560765
1188.120420
1221.940456
1149.379662
1189.704912
1093.289926
1220.407142
1192.670221
1151.306309
1147.765353
1162.004809
1241.100143
1291.134412
1140.904338
1182.523132
1250.419779
1100.923395
1211.312397
1167.952029
1140.978426
1238.492015
1090.194999
1178.960412
1183.610221
1214.711676
1152.140691
1200.729545
1176.327176
1181.036603
1226.094000
1195.623500
1174.908134
1145.326926
1208.101735
1132.946074
1193.228529
1062.147959
1140.873176
1216.392765
1204.948382
1153.305941
1159.663975
1173.901765
1182.906118
1223.683647
1197.066735
1175.158388
1159.062515
1223.986191
1237.550338
1187.807250
1246.351434
1103.277279
1212.958765
1177.798162
1205.702250
1135.901847
1193.703721
1107.305074
1163.326956
1198.788382
1035.798260
1186.126897
1208.720456
1209.609632
1257.070868
1152.174703
1183.764162
1211.905559
1289.175118
1095.589147
1103.126366
1124.327868
1217.930971
1299.035706
1197.477059
1210.144441
1127.905618
1236.530471
1234.513162
1153.401059
1173.485486
1235.946338
1263.377809
1157.570088
1115.134206
1090.055414
1196.911044
1141.890074
1165.209250
1176.679985
1140.548165
1302.187206
1162.406632
1176.838250
1171.213824
1242.496240
1146.565191
1266.606529
1167.662456
1134.910103
1084.465359
1160.748735
1141.461162
1260.666750
1184.753588
1055.031317
1176.243691
1132.559103
1216.533838
1215.212809
1255.460936
1169.195765
1267.068838
1190.573147
1197.788191
1098.898584
1139.937309
1215.168441
1224.961250
1152.675897
1078.220335
1171.206338
1180.894941
1105.468221
1165.107794
1133.421925
1093.737868
1203.241353
1173.147132
1221.939294
1238.749824
1205.933441
1200.182529
1206.879926
1167.680338
1129.249398
1172.396809
1246.551838
1251.638132
1290.172838
1199.509326
1135.692221
1104.412676
1178.448471
1154.957765
1214.442298
1160.146941
1179.175147
1205.667853
1232.279750
1122.727270
1181.065000
1214.398897
1185.141765
1238.868632
1226.872036
1223.317294
1180.759471
1223.607618
1142.372471
1034.292758
1209.179750
1103.486853
1180.398103
1250.215971
1173.186127
1221.304559
1175.837500
1161.641750
1202.705279
1134.241423
1150.706088
1146.293603
1175.941015
1234.621456
1137.489159
1206.585147
1187.859735
1190.346044
1182.037221
1244.637646
1147.100426
1173.140588
1168.464574
1197.166853
1146.730265
1266.514618
1200.859500
1093.119103
1141.556456
1114.774414
1291.433309
1212.772324
1203.339044
1098.083103
1153.057665
1241.983338
1212.943735
1103.051235
1232.935382
1092.492902
1291.155559
1137.036000
1132.641397
1115.190706
1080.494197
1137.145765
1169.080941
1150.057956
1210.776309
1126.753949
1230.036147
1243.056324
1160.734412
1247.133824
1186.444376
1252.291559
1177.285574
1224.240500
1252.158309
1151.286290
1183.915809
1244.454559
1214.232971
1205.722735
1098.768114
1106.262956
1121.343559
1195.190412
1284.416912
1234.595381
1186.803132
1252.594897
1338.604368
1131.639515
1172.822911
1134.716691
1239.123868
1169.802500
1155.420162
1116.323883
1103.236221
1160.537721
1150.903015
1193.477765
1148.701679
1189.746000
1137.299412
1133.910294
1175.465750
1269.417857
1226.597559
1231.996721
1228.631662
1101.576029
1120.307652
1277.182485
1173.522647
1094.926324
1184.222515
1144.184330
1230.698985
1130.345838
1105.025794
1250.400338
1143.026787
1157.409471
1216.253662
1198.050235
1176.013912
1106.261362
1225.984750
1154.417544
1291.327912
1206.781000
1150.077202
1138.997221
1236.876838
1238.156750
1175.447456
1129.308703
1174.154147
1135.244250
1219.514279
1143.540206
1159.562190
1225.486500
1215.698559
1086.133382
1144.360794
1213.334706
1208.499191
1250.050412
1220.269294
1225.130588
1185.159663
1156.068221
1235.457618
1230.008897
1177.155515
1104.046797
1180.820632
1210.663235
1162.212485
1178.068618
1128.542210
1190.522103
1244.110647
1156.933882
1293.761015
979.743667
1174.124015
1329.758853
1242.130706
1168.462368
1196.289272
1147.543162
1180.499500
1204.982471
1147.708412
1151.195861
1153.513412
1159.758118
1175.600779
1205.449265
1109.215127
1194.604868
1247.264485
1190.755074
1104.563338
1144.309040
1283.709676
1126.968324
1236.622221
1186.145103
1115.921262
1205.843221
1145.619515
1177.188132
1226.442206
1165.971720
1198.703676
1160.066044
1122.930000
1329.488868
1160.317059
1155.429074
1156.603632
1242.167971
1121.922279
1148.994664
1215.425676
1210.200029
1193.515265
1224.062265
1164.154136
1182.336485
1141.498853
1186.902368
1142.761529
1060.712519
1207.261926
1151.071735
1173.207971
1107.358118
1118.570300
1196.589544
1176.421147
1157.675985
1168.686176
1177.432669
1217.036059
1220.827221
1224.355235
1072.879882
1078.913656
1211.832544
1210.887971
1244.747588
1183.850632
1124.580966
1175.080029
1222.646485
1206.071059
1225.135294
1209.995306
1186.564868
1214.114044
1183.100353
1092.202471
1174.592557
1182.807103
1152.059941
1155.781574
1060.022044
1104.236852
1148.104235
1278.817588
1205.843176
1216.097809
1220.703177
1165.819603
1123.103279
1131.659882
1232.159162
1172.839385
1161.079779
1205.619721
1217.684235
1148.373603
1147.825312
1156.655676
1231.407809
1159.315412
1212.890059
1158.158549
1157.483382
1091.169368
1195.880132
1119.451265
1115.184595
1164.371191
1173.458074
1173.647706
1234.119147
1135.044625
1238.320000
1241.124985
1178.209824
1124.068059
1184.160921
1301.737250
1171.090176
1247.058353
1179.203926
1135.537364
1217.492824
1135.541324
1275.778912
1187.246206
1130.915644
1275.309353
1221.380235
1140.958235
1134.666750
1111.736116
1225.127500
1160.374147
1187.910794
1167.265029
1183.980382
1159.187500
1071.207853
1280.560941
1145.540632
1029.879840
1172.174088
1221.347912
1296.695735
1150.623956
1133.470356
1341.876059
1150.213368
1230.795941
1161.486941
1166.575578
1174.733206
1224.105397
1189.499118
1167.390647
1152.831770
1274.434176
1192.566632
1181.735824
1158.541397
1162.758757
1191.061162
1173.076412
1131.587603
1153.755309
1180.380332
1268.219985
1152.796206
1215.142235
1248.854779
1132.914274
1274.625044
1132.065000
1208.683750
1216.179309
1219.683643
1158.214456
1226.204206
1094.729235
1068.806206
1133.090807
1112.388368
1164.493456
1219.456015
1270.524441
1187.817984
1143.410044
1236.518397
1225.550515
1176.595941
1192.255398
1142.506265
1232.257971
1187.079103
1161.908618
1208.127972
1220.959294
1191.163721
1278.284926
1184.086515
1139.803165
1061.499324
1174.127515
1145.195500
1245.797382
1139.695608
1120.531706
1213.375809
1151.427426
1075.553265
1120.893565
1120.370603
1179.471691
1185.342191
1218.478382
1162.947257
1171.402574
1232.696618
1191.930265
1256.235015
1131.373509
1273.107706
1195.539074
1151.748956
1279.160059
1131.439775
1168.601485
1131.267897
1147.744015
1274.404382
1238.508114
1179.892353
1160.670162
1204.410647
1243.195103
1190.880925
1302.204500
1166.299221
1226.948059
1270.473132
1080.348705
1249.726015
1172.478574
1255.299971
1173.462853
1180.480236
1208.588485
1183.849971
1131.101279
1138.231956
1141.456399
1136.706515
1201.827853
1178.417706
1232.703338
1169.499901
1163.020279
1253.782103
1179.051132
1137.035544
1140.880755
1163.218029
1204.634000
1179.502368
1164.731162
1182.711198
1228.251676
1175.496338
1254.249985
1175.558147
1142.809037
1130.958559
1200.419426
1134.174956
1195.404176
1101.016847
1263.093824
1148.458691
1180.670588
1139.177529
1206.724290
1153.722412
1129.030765
1069.454029
1183.743706
1169.879865
1173.866544
1214.999279
1257.030279
1163.731074
1192.473557
1200.737853
1170.847235
1176.609235
1199.152074
1123.655588
1091.709956
1156.521765
1184.388000
1259.671397
1053.889825
1154.543941
1139.774824
1139.059176
1187.486074
1048.157738
1285.690544
1191.442574
1195.025265
1224.028176
1143.726828
1248.458015
1211.524574
1170.011559
1149.140397
1121.638873
1266.479765
1204.364221
1177.001412
1256.753162
1139.608727
1170.562647
1200.617029
1192.505397
1178.494147
1158.200685
1134.361191
1146.756662
1205.389735
1159.089412
1103.795877
1181.534912
1232.136191
1137.286235
1222.966735
1107.516776
1125.473162
1214.580735
1187.680118
1148.172279
1143.932012
1227.378471
1093.271691
1169.752882
1174.679544
1150.154823
1186.736412
1215.425647
1229.252868
1223.629750
1161.072971
1188.535353
1127.915838
1145.396338
1120.271015
1246.480222
1144.496132
1089.817735
1215.715750
1199.731191
1213.890547
1181.685132
1274.854279
1249.046235
1127.775162
1151.753931
1094.366985
1163.408603
1202.914779
1130.172647
1118.539830
1077.008029
1186.563941
1110.427441
1207.681368
1112.817493
1216.851779
1307.328235
1142.178368
1097.309162
1157.667170
1147.383882
1190.295044
1186.689897
1184.214191
1012.739804
1196.896074
1236.797324
1124.184882
1191.026500
1097.216291
1193.705029
1178.376250
1185.762971
1099.329029
1212.112366
1181.999691
1159.954971
1162.514485
1201.971603
1119.137352
1191.095147
1195.984632
1120.599294
1095.741206
1091.076633
1136.501941
1192.062500
1107.550603
1177.890147
1105.936870
1152.392397
1105.842162
1157.422647
1119.231074
1119.686621
1285.743618
1186.017000
1096.546265
1147.845926
