1115.317015
1036.857118
1025.718500
1009.455956
1099.557731
1049.574206
1093.705176
1055.117676
1054.023206
1037.946835
951.243426
1077.775471
1058.677176
1051.414368
987.892704
1126.665691
1100.492765
1177.255382
1088.577868
950.912485
1176.580426
987.216971
1044.209868
1086.995721
1055.642854
1119.629412
1090.419941
1080.058324
953.718059
1050.997885
1104.455882
1101.990485
1127.280941
1017.896324
977.051960
1039.136279
993.315382
1053.343603
1046.889779
1078.929799
1099.941382
1142.109941
1035.041735
1089.967279
1021.516153
1071.272368
1060.402338
1065.911853
1086.355235
1034.264802
1067.764779
1026.789162
1072.015044
1064.235441
1041.117671
1076.938971
1090.316779
1118.122265
1032.279294
934.904981
1089.846412
1021.469103
1156.758426
1081.755309
1090.193335
1064.127382
1109.091103
1057.218574
1002.831779
1020.698646
980.055059
1081.492500
1035.891603
1139.643074
1087.442985
1118.260794
979.985838
1055.937353
1125.955765
1115.630354
1016.165147
942.457647
1154.476044
1043.501897
909.308694
1066.647235
1132.065824
1067.517471
1061.141882
1113.600460
1083.386279
1070.783868
1102.085324
1096.245721
1066.515608
1099.484368
999.442235
1105.609191
1105.568691
931.492889
1080.600515
1078.154132
1120.462265
1103.178162
1012.732714
1059.019868
1102.093485
1074.884029
1099.740279
995.408613
1020.698971
1086.767691
1142.281206
1047.052750
1085.624835
1042.053015
1021.176206
1032.675426
958.370015
1003.173512
1034.559676
1015.514250
1087.511294
1062.268574
1005.572455
1067.428647
1083.311485
1109.109882
1139.727088
1032.599824
1104.346926
1098.172632
1035.082853
1085.195353
961.624399
1057.349588
1086.650088
1043.741265
1046.362294
1066.076444
1046.873088
1051.976015
1076.176265
1106.617779
1018.107931
1030.084162
1069.734000
1121.527485
1144.041676
1064.726535
1092.650250
1040.232279
982.438309
1088.148515
1050.721640
1022.383691
1153.327515
1066.248206
978.550397
1071.319523
1027.922353
1107.513647
1098.819103
1038.719471
1092.687128
1043.552118
1095.268265
1030.392647
1088.125691
1055.223923
1169.345324
1095.708794
996.255559
1105.811706
1043.225351
1084.140544
1031.198382
1079.902441
1089.699382
1037.439264
1054.291676
1036.838029
1187.157971
1077.127059
1044.540824
1033.433691
992.521000
1079.375662
1020.381103
1024.046855
1007.501059
1008.321971
1137.776735
1025.518250
1020.790268
1041.812338
1094.389588
1032.964676
1080.841338
955.234829
1068.760794
1051.343338
1065.512515
1009.156882
1022.286712
1053.322441
1068.381221
1092.629941
1032.736882
984.459464
1098.989132
1039.748294
1094.075971
1064.623471
1020.605392
1058.970147
980.344662
1031.373206
1150.425176
956.016716
1099.157500
1066.248059
983.323897
1097.795382
869.982556
987.775176
1028.357765
1085.205250
1081.458765
980.203807
1053.656500
1087.240103
1045.550015
1172.796956
1055.951500
1164.428265
1060.885426
1029.639368
1063.553676
1028.179207
1029.452044
1089.374221
1067.976118
1097.563456
1100.005353
1006.393429
1014.990471
1069.004853
1080.995456
1006.667294
992.582872
1023.741500
1136.137147
1141.984103
1146.345353
1002.280506
1059.516088
1024.090515
1131.132059
1119.947838
976.850051
1036.687897
1075.780485
1059.902676
1020.122500
1046.182552
1101.913353
1036.470338
991.930088
1109.508456
1071.973818
1089.272632
1069.883838
1050.196309
1076.182897
1103.509026
1063.448353
1113.550456
1119.452088
1057.120515
962.541292
1031.894868
992.836206
1062.524794
1044.458206
947.472028
1100.430588
1099.563015
1086.905353
1036.647706
1021.057765
1038.924985
1029.932897
1066.790941
1043.924750
1030.536355
1007.530059
1174.314676
1079.159074
1059.499588
1028.032841
1081.399000
1175.798471
1068.907221
1024.463176
983.120652
1098.970956
1036.742191
1088.229618
1104.698824
935.352697
1023.443044
994.073235
1043.520044
992.051529
999.757507
1118.624765
1098.611618
1149.577309
1131.474088
1049.200450
984.293029
1099.005368
1076.463324
991.671853
991.230981
1049.270353
1022.778191
1076.546515
1157.393000
1040.167953
1126.631147
1131.652779
1051.545721
969.335368
987.732689
1037.237971
1053.465706
1098.240676
1078.593647
950.713397
1120.805338
1011.008662
1078.406618
1004.194985
1043.212207
1081.935162
1099.131515
1069.381471
994.827926
1026.034635
1061.168529
1104.719206
1072.286529
1137.881235
1068.883268
1115.866074
1092.247853
1098.619926
1176.234824
1031.238417
1116.907338
1114.652074
1100.372250
1114.503015
949.207198
1087.647176
1027.856912
1040.233088
1033.585662
1061.414861
974.599353
1107.914985
1073.727029
1167.956691
1096.281553
1036.440838
1015.531015
1125.813618
1107.247044
966.706731
1099.380397
1029.848868
1098.688412
1156.395956
1051.424027
1061.368618
1062.877838
1137.726294
1054.189721
1073.262587
1164.687176
1110.464029
1133.106162
1109.361706
1078.540441
1103.640059
1037.299118
1087.242676
1083.501632
980.937795
1067.250676
1066.667412
1050.893485
1073.398471
963.936047
1064.222750
1072.787029
1066.037206
1036.826574
1015.971181
1056.357176
1001.768706
1008.491559
1049.676338
956.326094
1075.920132
1018.814368
1055.050162
1095.211412
1052.460801
1050.960647
1054.327750
1061.565279
1052.337176
985.790126
994.140132
1029.853485
1067.444162
1149.215779
1009.626568
1098.646456
1035.082618
999.333338
1023.867956
1048.469393
1093.563706
1048.926147
1019.928794
1092.535250
1013.046748
1104.371368
1051.982853
1112.830926
1054.255147
1113.463896
1127.340897
985.874088
1177.944721
1130.160250
965.887030
1002.899676
1039.574441
1077.579294
1062.319088
962.324693
1036.729750
1133.351676
1056.895176
1109.529485
1030.840503
1056.399412
1112.596015
1080.607559
1039.280691
1031.265137
1067.798176
1059.657603
1004.860912
1120.187912
1003.002712
1060.597397
1043.546971
1092.101397
1143.685368
1092.187537
1066.317618
993.203059
1032.838162
1101.828926
1013.521523
1111.263676
1054.503721
1024.536147
1095.248647
1022.517010
1098.086632
999.734853
1082.395162
1059.438250
1148.042350
1129.323279
1040.387088
989.675706
1062.974338
954.297910
1063.284618
1056.948191
1104.290015
1087.731029
999.068250
1067.336191
1084.219500
1060.809824
1001.043324
1065.217354
1051.582926
1145.267294
1085.963559
1063.467647
1003.635267
1058.925265
1131.875632
1111.407559
1088.667471
1023.400783
1113.989971
1004.944824
1061.734471
1063.333779
1051.691123
1114.386000
1057.626294
1004.691618
1121.347382
981.738198
1047.135456
1028.446015
1136.290485
1094.197603
1032.622699
992.102765
1179.801132
1070.268044
1041.772103
984.628200
1081.906750
1071.441162
1059.832441
1048.240294
1011.815628
1068.936868
1049.511074
1090.278662
1090.088515
992.884718
1121.959206
1090.417147
1087.979544
1109.878044
1042.409602
1086.985074
1045.312559
1010.323103
950.272118
1054.569456
1101.376471
1093.300647
1066.192485
1083.503176
1005.125957
1053.337956
1010.268853
1029.556250
1094.473544
1010.659929
1124.401529
990.091750
1019.137529
1065.266074
1000.604151
1098.884324
1021.326206
1073.253515
1012.270897
1095.605123
1049.419118
1061.382368
1087.761838
1042.913926
962.270389
1000.835882
1090.016456
1082.491926
1083.987647
943.804391
1064.884088
1187.212103
1168.787897
1027.734265
1021.015892
1030.541809
1036.388515
1089.273500
1134.449956
1009.141129
1033.655382
1001.866206
998.832088
1059.378868
1021.638498
1009.240485
1033.579132
1064.623544
1065.381118
1029.682587
975.075603
1061.650750
1092.527000
1040.015088
1082.308353
980.661926
1070.015471
1025.508500
1033.911691
1010.211075
1013.289676
1033.595588
998.721441
1103.508662
1023.095386
1023.995544
1033.433485
1019.553691
1129.701456
916.041975
1043.308324
1091.732882
1083.325132
1045.895441
980.627153
1085.007897
1018.040735
1080.935618
963.405309
908.928875
994.151985
1068.882132
1115.063176
1066.897912
978.788979
1093.904588
1069.374574
1024.461912
1015.619235
1013.997716
996.705574
1096.806500
1074.646029
1036.564206
981.869217
1051.419515
1078.664221
1089.647382
1174.227368
1044.029954
1111.854721
1148.786147
1098.369500
1057.334000
1049.908470
1129.142956
1022.677721
1031.276809
1152.600471
958.138883
1023.395206
1061.651074
1082.843618
1123.851897
944.806032
1087.478456
1107.340662
985.576250
1135.004559
1055.485401
1091.883206
1122.186353
1069.130500
1010.012985
1039.416329
1127.653059
1060.897559
1095.068574
1053.644368
1012.780815
1095.218382
1150.201118
1125.791338
1082.266662
1066.304640
1052.783676
1009.462926
1062.723221
1043.356015
1061.091200
1038.446397
1023.505544
1027.671735
1072.500162
952.997908
1020.242574
1116.782338
992.636588
982.614676
1013.255953
1020.524221
981.805809
1064.384294
1075.382044
1022.374852
1082.059206
974.667956
1056.686485
1058.439765
1030.621676
1058.508250
1011.600897
1115.409029
997.855132
997.355148
1057.502118
1106.898191
1092.612926
1059.990868
919.895885
1110.472882
1067.339265
1104.966015
981.469868
1058.820136
964.895691
1013.080353
1092.763382
984.172765
1091.675123
1129.520088
1065.355206
1021.157118
1089.175250
1010.352227
1039.801441
1148.707000
1113.407721
1027.713779
1003.147155
1073.754559
1040.936794
1055.615956
964.507088
1017.301480
1070.274500
992.005529
962.173441
993.807044
998.227776
1043.419471
1060.008779
1048.547544
998.564412
1054.334174
1213.490118
1003.829603
1102.784088
1072.059956
992.905852
1066.520838
1090.724485
977.014441
1034.339985
1103.004280
1001.569103
1091.935147
1034.286279
1066.197029
969.949855
1041.532500
1087.020456
1092.864132
1026.184838
1019.442709
1156.650412
1079.071162
1078.448397
1066.741221
1057.970299
1090.134309
1002.252397
1100.078015
1003.001382
996.317903
1132.319529
1075.150721
1124.919721
1177.269147
982.340890
1030.754662
1006.619868
1096.037485
1041.053971
992.174803
1031.663926
1089.512426
995.237838
1013.054191
1030.642995
997.149868
1096.678294
1013.757632
1147.472206
1010.012732
1020.653897
1037.776559
1144.706574
1071.309897
1056.553910
1042.140882
1038.547676
1069.169765
1087.313000
1003.297941
1036.040515
1075.202471
1046.311412
1069.295515
996.844986
992.853309
1004.870103
1014.299044
1056.797000
1101.429238
1077.944294
1089.189706
1030.663735
1048.783265
1016.433136
1015.421441
1069.597647
1081.499500
972.806632
1013.976623
1031.644103
1069.494368
1058.222441
1092.564235
1073.513580
1047.661338
1143.903706
1071.343279
1055.464779
1074.974655
1107.789074
978.872059
1143.727147
1110.275559
994.328392
1085.468515
1191.034397
1121.210676
1041.542559
1074.763158
1098.775147
1141.949647
1119.815691
1070.720088
1010.347850
995.024118
1020.450765
1057.625574
1099.256632
1075.858675
1011.376426
1072.665206
1105.772588
1108.414221
1114.492324
1093.627015
1095.473309
1135.602794
1163.394721
1019.173840
1007.257956
1035.509353
1008.105750
1093.277191
1039.012341
1047.082015
1087.454515
1050.488956
1116.619382
954.411754
1074.230074
1186.215941
1122.606956
994.210353
1072.433314
1001.303000
1028.743897
1041.029132
1092.290838
948.148227
1036.814912
1038.570926
1061.258971
1023.463000
1097.409067
1016.805735
1094.863309
1028.102971
1064.275618
1049.249892
1160.638015
1137.058647
1133.829338
1045.064868
976.411614
1123.103971
1032.288221
1102.820338
1057.752132
1010.435527
1034.416941
1072.231044
1077.790765
1054.561529
985.496793
1098.424353
1086.269735
1095.091088
1118.468147
964.338383
1022.442544
1027.898721
1123.737853
1067.015971
1041.934075
934.182162
1104.621162
1100.367838
1062.958853
953.927283
1098.707294
1063.259779
1018.691118
1086.908500
946.497372
1075.007412
1118.110456
1198.882206
997.424044
1010.908859
1105.230118
1017.732412
1022.721765
1061.053897
1037.960228
980.423456
1007.801926
1129.634221
1116.700029
1062.909994
933.291809
1038.819176
1075.448000
1076.748368
1007.764657
1017.526265
1075.743603
1066.075706
1007.471985
977.882217
984.162309
1139.148044
986.863618
1059.788029
950.606969
1084.004588
1013.368912
1115.284868
1032.792132
1084.757955
1039.058662
1092.604721
1107.822985
1028.461735
1084.249722
1046.545353
1134.230044
1092.621162
1072.046912
1035.432326
1060.037162
1052.840250
1045.340118
1074.584162
1049.967915
1065.417059
1046.645662
1087.564559
1031.603044
