904.818221
809.977544
811.884294
774.271044
777.930275
757.973647
894.948765
823.791765
871.046279
790.678835
798.551412
845.188515
813.492412
808.499044
765.643410
815.334485
839.448574
852.589368
852.145103
691.079117
876.020162
837.330368
788.072647
752.389471
831.147486
880.518294
816.196382
828.510162
820.322765
717.285355
892.712294
821.771735
792.291044
836.025515
721.866342
781.397441
779.317324
862.101721
846.296426
796.212593
873.216662
809.667721
771.404515
830.118456
760.082051
783.910397
842.685721
815.082647
846.657897
794.597170
821.435618
806.050221
861.976176
951.599279
882.991215
799.231721
848.375412
851.182294
833.253279
732.649349
861.626868
843.434691
868.274279
799.208000
846.245968
813.704118
835.165074
886.102426
851.151632
776.842822
704.997294
869.783279
844.264441
812.824897
772.268794
821.663059
807.426265
800.135765
852.444750
776.145178
775.321868
753.821559
869.970412
800.824706
757.023665
851.682662
832.883015
818.608088
895.857971
822.788651
793.376074
825.181368
836.705632
853.656632
779.861535
828.816941
813.343912
762.538147
777.396191
752.737977
807.701074
849.735529
880.605794
798.532015
798.027802
901.863103
844.097544
801.745912
808.184603
731.868892
771.361235
860.694397
858.211074
779.377647
807.494790
864.204176
840.978250
836.551368
805.620382
824.582012
742.033397
811.192074
818.282912
828.385676
782.917058
829.742706
904.426191
881.184368
828.197147
771.459280
866.956015
839.157603
823.236691
879.049382
876.166855
824.110162
860.867721
835.508221
763.683103
795.379341
835.760662
807.931015
867.620706
830.906162
842.714902
855.935000
821.486809
845.022588
824.391809
788.929888
850.908824
814.558897
788.050662
842.546294
818.728037
825.141368
826.465044
845.387735
749.384632
756.960759
739.311838
729.698206
840.757515
785.638353
725.913084
783.862103
832.020544
793.897676
866.327235
752.726085
853.641324
831.528029
882.589529
822.484279
799.226483
877.754529
739.880529
898.434868
826.212765
760.513500
853.353647
853.338897
936.445397
835.375868
759.682148
817.524559
750.319191
818.526412
837.056029
763.260032
841.693191
816.184853
812.273162
782.516926
807.735313
795.024956
792.798059
854.814221
778.499809
714.988549
784.675412
780.999588
809.233324
806.673103
687.698036
870.346794
884.167176
851.816662
785.931191
854.407581
882.359750
897.995118
863.726676
829.025324
776.508377
825.897235
842.039676
894.673721
853.043985
741.119540
863.774500
779.063824
799.166750
869.390191
729.583880
749.362471
812.914721
850.440471
796.322191
729.495410
827.114735
783.673559
872.670515
814.171191
788.646926
888.429397
818.855382
810.069941
788.308147
735.674869
831.639015
895.514882
770.790206
749.078691
745.806926
816.156120
759.846000
842.822206
834.857206
795.636676
680.486798
818.966662
825.350353
854.926721
845.040132
669.840373
840.828206
809.844000
835.614000
809.508529
820.795625
757.336015
826.043324
812.832338
797.228265
773.941038
786.807132
784.434000
808.988044
788.185515
800.595980
778.785426
890.855662
752.072721
852.342721
732.947820
787.703559
813.493544
814.459897
804.716235
743.085748
792.231779
785.830618
851.375132
827.185794
713.455999
832.583515
855.058015
800.827265
852.847029
805.323442
778.913000
811.711926
802.350235
853.787294
824.317943
797.552603
856.013265
833.949456
788.278544
798.642194
883.852029
775.240941
841.750882
714.856103
802.610858
806.694956
891.406485
865.188176
804.801029
707.854580
821.722294
870.948412
824.820397
787.291529
748.449022
855.221676
769.601794
854.519265
798.175250
761.563126
822.353824
878.031221
817.661779
841.524309
748.743760
800.135353
855.270059
885.091941
882.038809
801.164438
802.721265
847.509250
820.401985
809.313515
764.884822
826.104426
840.902265
860.019103
843.238088
784.252661
823.436809
761.645721
813.590250
768.519662
795.451560
788.888515
788.446824
810.206926
866.005559
804.402399
838.937279
852.362721
791.574750
827.707735
830.570857
807.132279
826.204485
819.089456
803.138441
800.999490
786.918221
857.040544
809.390706
801.183824
768.365286
860.458162
918.242985
830.990676
772.367456
804.866758
823.671926
854.591412
824.305529
813.114618
712.510406
820.649265
826.199500
883.818029
892.294147
819.438966
775.072132
705.051721
820.549485
836.951338
799.064321
831.525118
819.921985
852.176529
845.220206
862.858116
835.910618
807.352926
713.947706
803.189309
819.235632
822.938544
770.400147
889.411485
825.258912
762.708531
845.741882
804.026412
781.974779
835.902382
754.844723
799.482721
812.885118
798.388868
783.204029
819.104636
826.491691
817.799118
826.393029
797.574471
739.700329
773.613029
766.843162
845.312838
815.289691
793.686669
807.268676
867.165544
773.898588
804.716206
773.571376
818.652588
859.138000
787.162985
807.351088
746.599333
853.925941
847.574618
821.993309
847.176279
776.603423
777.459544
774.443118
752.679324
844.286809
732.161424
840.104353
846.427897
891.925691
808.718515
847.685161
811.275265
812.114368
795.989985
885.336529
684.886089
875.466176
805.561706
837.663338
850.273309
759.532855
765.594471
806.521926
852.650000
798.492618
832.464797
824.311074
832.578603
813.482368
789.248324
753.927255
798.317088
795.506882
769.847500
817.385015
785.572800
878.679324
802.405897
789.058647
894.917471
839.196096
793.398647
841.309632
777.331074
801.593221
796.831700
821.257265
817.752176
810.235044
825.645500
852.173981
788.242750
781.804029
748.973897
774.375676
811.948203
758.164779
772.263162
895.080603
843.575853
784.634336
768.501485
781.505912
839.368515
792.352632
722.033617
853.825279
828.886059
809.785765
824.130794
728.023133
815.562735
754.880000
783.395074
829.837029
833.333723
863.267721
839.450324
848.642059
865.919191
812.929989
889.963441
839.857603
787.474971
846.468897
798.660814
752.641618
738.637706
825.214426
842.087265
768.879609
850.650515
836.533632
772.070721
831.954706
845.635331
796.181853
838.536588
819.419618
836.468926
819.493303
829.875353
805.179574
795.593574
760.735191
773.368025
813.786132
826.307500
836.547603
861.507412
845.316012
873.079309
758.761426
797.360735
823.797941
800.320278
821.906044
838.294191
764.320647
754.693559
815.037735
780.981574
823.952471
803.084206
869.330588
768.443031
796.568059
815.033559
781.020647
850.854853
759.782488
814.483471
801.181838
790.314132
831.661000
775.819725
822.425529
820.619647
819.598574
890.318485
778.599373
848.906559
813.723147
809.705676
886.737176
838.558669
810.052485
836.989971
793.662088
832.558426
825.859920
823.511176
865.823882
859.812632
828.476691
792.517377
806.427721
775.790971
894.203838
795.794059
821.466114
798.982471
770.441956
792.320750
842.128103
839.783130
771.592985
840.115897
818.273765
822.436941
850.403161
758.188838
812.091824
765.407103
870.459309
837.443265
777.064559
869.405338
817.172647
824.506162
715.789075
817.735706
855.222221
791.386441
880.712338
766.950121
772.566103
824.746529
819.099765
883.247574
729.556784
870.171985
822.307412
833.315941
781.847191
738.989506
921.137956
771.175721
853.534397
796.585529
734.294140
835.517706
820.351382
833.351721
806.025044
742.358538
867.576956
846.974926
852.901162
863.000471
745.453113
764.535809
755.202515
813.399618
822.248574
785.601320
836.264603
771.163338
868.585500
794.163544
768.167395
818.376206
833.771853
931.460515
776.165574
710.761294
857.189941
820.375471
832.998485
836.017603
747.282369
889.094824
882.025971
836.871735
820.774147
760.270517
851.141368
838.671544
787.129824
832.740956
748.178312
889.465691
823.927706
755.443779
847.864662
790.659755
774.262074
815.684603
824.692294
823.995382
790.749139
821.788824
874.835324
863.785338
806.446632
764.686390
866.749485
793.847441
817.993088
815.345765
858.280847
785.900118
815.126176
866.345588
849.583647
751.081893
907.675103
832.600765
817.885368
812.884632
819.362953
789.860706
816.977868
755.705794
806.005500
733.113631
757.911235
803.812956
853.012029
931.447412
767.884868
877.173779
827.227368
819.182382
819.834074
788.009031
799.862044
859.467426
814.370044
923.396147
769.057694
770.045426
774.854176
821.415794
729.931485
748.008798
757.736735
872.159471
834.501353
752.280515
771.688314
798.730309
875.127882
824.519250
742.065706
749.146977
787.163941
800.190456
759.874676
859.504721
788.686714
781.064368
792.616015
845.837088
847.696588
791.618407
821.480824
724.694971
839.336162
796.457015
902.985129
797.945544
849.265618
816.310882
797.228412
757.172204
877.664088
780.470662
811.745809
811.979838
729.432161
794.731103
746.718118
806.740838
819.419191
761.077986
824.667176
799.163794
740.033235
836.132000
755.776061
804.760765
757.426750
808.629029
824.630338
776.816636
819.892809
862.060706
809.060618
785.918368
793.178622
848.929691
796.676441
786.523162
800.759794
756.548535
807.013971
887.848485
827.428132
887.441485
709.246360
813.236676
837.234897
809.906897
762.850059
705.338420
818.001426
805.549956
861.899147
852.131412
789.043598
784.519118
862.741956
785.312588
799.842941
763.348688
804.390044
832.215603
854.035544
803.893853
706.275748
758.278368
869.765779
814.326338
867.603632
762.483911
792.461412
922.094265
784.551794
852.494868
776.737780
803.887956
782.119103
807.241088
840.369059
777.814282
774.022426
842.810926
755.120000
818.869765
777.571577
814.933353
808.777059
815.582206
836.259882
824.584534
775.847103
793.685588
811.579529
860.859956
847.259992
786.962912
900.221221
860.682647
795.935294
826.099214
847.837309
778.935941
849.669162
835.272559
773.892921
811.713485
875.198559
781.579559
797.850750
760.231025
819.832632
865.640368
851.437368
840.182338
764.321997
799.236485
822.309324
865.894515
879.477221
800.832278
818.074809
836.783588
854.351926
808.096412
773.308441
863.172265
792.231868
887.812176
858.321353
774.163075
814.302956
798.140603
837.207515
780.681103
772.233091
811.126338
818.055426
771.190176
831.555559
814.786754
862.896559
845.670324
856.621059
817.626132
770.304976
838.628426
834.272941
833.020426
790.092412
759.280963
785.777191
779.949118
796.847221
791.542412
842.222244
736.279338
891.642412
784.334750
837.990897
766.572024
891.803485
959.336103
847.637956
851.725765
673.711496
850.102809
840.020162
809.647147
745.698985
753.517424
835.575221
804.841147
853.693588
780.036338
769.448984
776.090588
787.188412
787.944044
815.746324
728.660265
815.031132
819.940103
829.671853
840.774382
830.464325
825.463029
798.727044
797.176897
849.606250
697.979003
838.106588
742.378265
861.206103
892.145544
715.961240
748.657971
862.781544
796.125279
792.883147
766.054153
840.194603
847.017632
795.294574
845.567221
850.752949
791.332456
826.849426
856.581485
859.782824
762.562023
744.083662
842.812838
875.047441
847.554706
737.200172
851.619103
810.734176
817.758397
833.802441
746.240070
828.654838
904.270882
813.826382
791.051824
715.358204
774.872309
772.141500
790.224838
878.596706
827.161323
737.917235
824.060118
828.871912
852.855294
848.342795
766.090324
766.682706
865.816691
859.476176
827.187429
837.358500
841.276265
815.717456
762.213647
790.595592
822.003544
816.901044
765.499662
762.439882
