732.209647
756.806500
681.894779
719.375750
698.344657
662.948676
688.917515
640.253956
748.513838
672.633276
699.778926
797.732397
711.293838
742.847647
664.635616
668.560853
694.344926
800.136132
767.122015
632.700514
723.284794
670.385235
700.444868
699.479059
645.674295
765.190706
675.436147
747.552529
702.581647
657.686193
723.394485
705.031206
762.754588
783.667500
605.610548
635.887882
692.466029
695.326691
726.989544
612.463858
695.257897
701.278926
695.647338
749.385515
648.724756
720.726647
673.873441
675.179132
760.293441
631.958081
697.777588
703.620279
727.808706
703.930574
656.262892
690.237132
730.411162
703.293794
683.278147
652.081628
677.196485
670.997618
813.687574
765.034971
675.947659
666.976691
709.332235
644.062029
679.421265
658.457557
573.975838
756.368265
656.261824
674.060015
618.324088
766.635794
593.056368
704.056176
783.540103
672.862898
709.222735
756.424412
681.329250
664.239765
674.032944
676.928956
806.310765
738.281103
721.700015
678.934225
709.936162
756.588485
692.504088
667.602368
588.939638
642.941309
734.633250
674.551147
747.723147
635.801110
684.723824
667.000647
675.780250
738.521162
669.736758
681.191485
661.131691
628.949735
672.187485
672.386186
661.869574
687.602485
726.145985
672.332912
595.833643
710.698926
702.023294
727.892088
687.787103
663.472248
677.234824
735.110059
663.164912
711.223309
634.646367
698.368132
653.506368
749.720294
717.329632
580.106456
674.632882
704.500779
615.202279
735.006809
682.699855
652.486912
745.275588
694.038103
685.017382
693.885136
730.904000
752.970471
704.949691
687.174912
690.923225
694.659382
724.346676
724.387515
669.680059
636.142815
748.494015
669.319632
704.103941
759.481588
695.402184
736.855074
676.001074
749.984809
650.904779
680.401097
706.469559
697.528000
670.099235
737.661265
683.845892
678.122088
765.114779
656.557029
724.532838
595.089732
745.047809
669.057353
684.808956
704.381368
562.309660
743.607941
681.429941
753.951824
706.868132
648.717485
640.930691
734.688176
792.525809
660.719662
699.218722
666.483779
724.744221
732.909897
705.535162
649.116973
678.106162
696.992000
728.400985
779.979456
625.520033
702.447868
675.792485
632.168029
719.922397
627.430226
684.040765
764.110132
653.922765
719.992779
660.887521
645.819059
752.323235
719.175029
702.937794
582.321331
754.167603
724.266059
753.921397
635.047191
592.698156
685.964529
687.145265
696.978500
702.179294
664.265834
706.853088
662.543779
706.945015
707.239412
599.514953
618.190985
697.928235
665.200971
701.110706
618.428440
702.210309
661.570309
745.444956
729.578912
716.017853
812.029294
685.246926
742.955618
697.602868
609.759090
731.364044
730.775235
704.948441
708.276956
661.884926
584.579944
684.572412
751.702515
679.556382
707.489250
638.784254
745.104176
724.236294
782.102206
690.628603
638.179373
779.442676
723.764574
712.472912
709.802485
637.066654
698.888324
709.763574
633.342456
651.133309
701.958905
676.828441
727.162132
704.522912
671.811412
665.014466
643.616176
770.243485
662.523544
742.913074
678.150629
760.794176
682.617912
699.330912
635.984588
661.020807
708.890868
687.828882
722.668912
701.052015
592.557587
709.312529
717.328794
675.916750
651.400750
678.194015
656.455838
710.056662
704.677515
629.334750
638.626325
680.188118
737.258221
756.202676
702.796809
590.856856
670.863162
721.331912
746.341897
710.763544
649.667828
711.443324
727.511265
669.288676
683.791132
622.548800
655.841779
681.343794
705.662824
728.556647
670.838287
694.211647
705.060353
666.240147
720.029824
650.006626
761.754235
669.671412
699.386676
642.023118
684.397054
688.309515
688.112529
784.713162
636.526221
724.459570
761.910029
740.351912
722.477294
647.725691
643.162292
726.438485
705.678485
679.273721
717.980485
629.938264
693.759853
703.235324
700.702338
685.333750
715.650619
752.721103
721.433206
698.667868
665.493309
678.367899
707.575824
705.432309
721.066574
760.972015
729.308533
715.135044
740.015074
768.213324
717.731838
640.211564
675.229162
750.594588
714.276882
672.272912
644.984712
698.837206
776.272868
714.555882
705.414647
659.185478
725.383574
681.721941
742.274941
705.557015
725.441244
722.802088
672.373735
721.692044
701.073250
663.510349
782.238397
638.578706
645.647515
772.107868
699.378144
726.989809
696.073882
686.126897
726.652029
678.759190
710.940221
715.544412
747.934059
756.822324
686.250912
692.537162
717.685471
689.000912
703.209985
608.615957
631.460118
646.079382
687.661809
698.386132
561.130782
717.070588
762.144088
706.073544
678.119485
658.620989
714.879044
673.925426
707.819103
685.051691
600.413108
680.000750
675.274000
762.900779
718.125426
642.336786
688.817779
726.413853
709.524397
689.653588
688.337479
719.620162
716.948309
681.127676
782.974824
678.114466
655.359368
695.131206
752.467559
675.903603
632.964511
691.842897
661.647176
667.448132
698.178632
628.236865
656.569971
678.619676
751.967529
667.207324
695.449676
738.857750
681.966441
639.199074
735.813382
612.215545
663.434118
764.866000
691.337971
673.496471
593.478369
752.028471
742.767926
711.288221
678.041368
635.864783
725.897515
689.444000
766.759779
664.852265
744.726402
620.862809
714.604706
726.738912
693.886221
680.218388
698.280250
743.158794
728.059353
777.821103
652.989890
708.173574
609.809044
766.824338
708.939176
626.640553
693.849691
723.599309
756.029765
737.017691
661.267628
724.123926
756.310574
697.979015
706.731897
688.798688
691.147735
720.792015
743.616324
745.895662
685.346601
674.575559
677.705912
720.210162
722.526456
642.625441
712.258029
742.563574
751.116441
755.494574
709.068472
681.736074
744.037515
672.787485
640.853265
655.049605
705.555206
692.738191
667.199971
724.797676
653.545680
702.472882
709.256691
706.472676
702.006324
653.783255
672.639603
716.675485
783.860750
717.098324
654.974683
750.154426
745.836735
726.946147
691.643029
671.499743
672.262574
726.865574
660.707632
707.172588
594.027612
683.811235
644.984691
664.403779
725.009118
662.025731
693.590132
680.223456
703.965662
754.558132
702.428027
690.136912
670.748118
687.285926
712.706574
627.059616
685.389529
714.274426
654.927500
724.990985
641.047162
735.052529
691.436088
706.366309
647.859956
643.493369
683.724132
754.701324
754.845000
690.085574
616.308282
705.423176
727.725574
663.684897
699.474338
691.722431
700.840765
807.117500
675.971809
684.418676
657.418961
654.332147
721.818368
741.478985
647.696088
679.710713
720.908956
747.321588
691.485441
714.667368
688.687008
695.240647
743.481191
747.889412
710.887294
716.316098
656.365868
667.042956
676.212676
614.600691
604.344658
735.556882
679.792250
640.389206
681.504309
660.557659
669.852044
704.970015
741.125603
700.418529
645.102205
704.355015
667.082441
666.598662
678.801353
597.811177
674.382750
782.443544
749.850897
678.851074
654.421811
675.545397
749.272985
729.297485
677.990676
693.409959
770.416662
754.863324
687.778382
731.323574
593.165843
702.182500
736.325588
692.322794
662.939132
645.795094
697.280691
746.534324
713.871324
750.918162
580.027610
710.894794
663.320118
736.037544
685.360574
631.832935
728.712809
700.870382
768.145897
667.258235
585.766848
714.311368
661.569162
723.400353
733.013574
683.120923
719.525706
725.605529
778.712221
669.113250
716.189042
633.579074
765.927309
709.521309
742.247868
616.221514
736.760941
730.594412
698.171103
750.571471
583.635766
623.195794
696.885132
705.578941
762.910294
622.110870
718.420632
731.049603
711.076632
805.346618
672.796518
704.824544
674.874809
671.587544
728.627324
660.183843
740.838868
704.772118
766.766309
689.022574
598.179036
676.385412
715.236647
714.492176
760.706824
647.432773
682.125103
637.408824
718.445647
670.756662
685.246906
723.321868
688.032235
753.656456
711.449162
581.114922
753.352735
719.787235
679.753118
605.776735
613.832218
719.590382
661.178206
659.847750
635.456588
661.409881
712.013309
742.909382
689.370809
735.510662
701.973926
720.398412
688.511941
699.440324
593.605353
647.765207
676.094882
715.587471
698.565294
727.967824
600.387576
691.496897
732.657265
712.919706
662.520794
637.868004
731.289985
702.618000
725.904338
696.091838
633.975770
771.118353
709.309441
634.647588
734.001397
682.881477
702.707676
696.431221
714.315838
768.253059
655.522023
686.970485
671.867338
676.021353
629.476662
632.707774
674.033132
674.667926
657.329412
706.835971
668.205437
661.703794
748.418956
714.929059
734.175838
702.323218
762.158809
660.180368
742.044985
672.983676
648.730455
701.657206
677.472118
677.282250
653.129044
692.622795
685.365824
679.944044
711.475794
765.808647
678.057928
710.624235
734.394559
669.415206
715.094162
686.799400
673.606779
685.739426
677.802397
681.704985
634.662255
717.680868
692.356103
722.973221
635.166015
603.712109
641.552279
685.892676
732.815912
687.322221
659.181625
722.006456
706.267574
649.309059
694.302250
642.080185
699.874279
694.404500
771.391794
696.919412
651.514231
726.500853
683.593559
683.819956
739.850588
594.890423
755.471706
726.581779
708.504353
641.386529
640.301895
794.574471
691.663926
708.730279
698.726147
669.552132
691.297265
687.067088
724.566662
735.026029
634.176060
710.521147
715.301059
634.124676
729.575485
699.617032
700.619588
643.167338
688.785971
691.654191
709.983239
726.436500
683.690500
674.811294
634.723897
625.778226
727.332265
748.927882
612.886309
705.585147
676.089536
637.590456
701.607897
715.416838
744.272015
672.451508
718.217147
648.812794
683.675926
707.882206
663.459847
754.233662
705.419088
754.974632
676.058544
636.433466
705.384912
767.437735
741.149265
718.111441
628.178424
688.242956
721.545971
692.107574
720.133309
652.527513
702.294632
644.028632
657.092338
699.357971
698.031353
640.552029
690.269647
602.259088
787.569809
638.357957
790.014956
746.254794
676.243000
725.334191
648.485429
691.299765
687.489838
659.646044
674.154897
634.037563
661.917456
742.941338
701.852559
712.228632
613.084050
763.335206
678.735279
690.682368
705.955235
587.216389
639.964132
756.106265
656.721882
728.332794
631.463479
765.451632
655.195809
692.080221
674.485397
631.181245
792.784706
719.071941
793.430338
646.663985
628.448982
673.061294
766.836985
636.393044
700.064235
656.734630
651.893162
756.494029
745.702912
660.591779
650.631631
714.740559
701.857676
667.893221
688.368118
683.151427
748.263941
677.230118
645.008176
705.283574
712.937884
680.387397
732.513059
682.160309
682.548912
595.502209
745.381441
652.404515
726.365882
669.835956
646.466460
689.076324
739.363868
750.579971
733.672676
683.205388
681.362074
653.275779
653.338529
734.580956
626.680154
612.038074
698.942824
691.251897
725.971691
678.780200
645.665044
764.299676
697.056059
654.229324
655.014995
675.226618
677.605794
758.756191
664.791382
588.067703
685.649412
741.164000
775.082132
714.012265
625.255410
710.216059
695.645426
735.476338
710.012132
790.088500
709.673368
763.056382
708.320221
671.509191
692.889310
708.460088
655.175647
730.801044
734.592912
687.070179
698.029353
747.492118
648.128544
716.631279
607.023386
699.288838
715.395882
692.618412
632.025544
