1445.366088
1438.481603
1432.491485
1459.015794
1426.319981
1411.178779
1412.304000
1529.841279
1508.633088
1373.653570
1493.153265
1487.620588
1487.862206
1383.629676
1376.402983
1488.514941
1415.046279
1467.294191
1406.244176
1397.113911
1444.781765
1382.501809
1346.918118
1395.031941
1411.060398
1416.272176
1498.463338
1490.354221
1324.204529
1415.604546
1559.033721
1393.566500
1322.418250
1434.518456
1420.007504
1350.461309
1364.557853
1473.860574
1549.039118
1381.322402
1356.145574
1432.536235
1430.692221
1437.089368
1231.752536
1378.313426
1328.628868
1355.747941
1351.433750
1431.958155
1439.742485
1507.779838
1518.635353
1450.169985
1458.195803
1487.394647
1433.193941
1419.692103
1359.129926
1324.026996
1377.283662
1350.809147
1466.518221
1542.748794
1343.071453
1350.453147
1342.200250
1392.872176
1475.061956
1332.673793
1361.790338
1434.385176
1469.897632
1406.798588
1459.165015
1630.081926
1380.993103
1396.279309
1373.018824
1401.203457
1436.955191
1337.934485
1531.734662
1393.445147
1411.039812
1392.911029
1393.138735
1412.451029
1591.377118
1445.689666
1560.591426
1459.829971
1404.179324
1490.556559
1436.271256
1355.389176
1458.102824
1401.697074
1410.339338
1402.828801
1468.092794
1379.050324
1533.400853
1363.872118
1353.786008
1576.557015
1397.689191
1370.576235
1434.037132
1438.294098
1364.259147
1463.483015
1497.626485
1400.609397
1339.200967
1440.160368
1441.972647
1398.986485
1414.272529
1369.898248
1454.376750
1368.558368
1452.225868
1370.052985
1370.713161
1394.237338
1432.887309
1432.727088
1342.853515
1350.831339
1365.037235
1425.099441
1391.126897
1516.832471
1333.141722
1460.332382
1356.119412
1465.193956
1391.686147
1407.469150
1474.848441
1377.237412
1514.668779
1477.465471
1346.742740
1501.659765
1416.206176
1372.742324
1417.894471
1358.003506
1455.576824
1297.184574
1461.576074
1324.438971
1436.182537
1380.718441
1442.435647
1438.159735
1450.796118
1439.205435
1456.362735
1467.775426
1444.096868
1494.265485
1494.788216
1523.033294
1506.232603
1413.080941
1387.946426
1318.674438
1432.414206
1459.509235
1305.497426
1377.135235
1431.795336
1435.725485
1480.105529
1492.494809
1503.145471
1465.110735
1458.239265
1420.721265
1441.086588
1470.412647
1412.943163
1536.346662
1454.655779
1419.273706
1355.526515
1468.693693
1470.170338
1446.354471
1440.567706
1428.732765
1333.292915
1557.108279
1395.432559
1430.108338
1391.551147
1361.446137
1421.331397
1324.584132
1492.889426
1436.354985
1363.236948
1432.332647
1472.518368
1387.904279
1592.392397
1348.668684
1499.299265
1448.399265
1407.577985
1438.466529
1370.017377
1400.502721
1516.795618
1417.022971
1483.605485
1433.113643
1503.313191
1419.772324
1401.672676
1414.251985
1388.138644
1420.837324
1431.993103
1507.589176
1421.095926
1330.769881
1505.354353
1348.898824
1414.650721
1413.443412
1390.884765
1359.663632
1514.336059
1455.581868
1447.203662
1280.261766
1443.506559
1415.670618
1458.295088
1429.048618
1430.574544
1303.993944
1459.051662
1431.026574
1429.897750
1456.851794
1398.739666
1481.969618
1450.835735
1429.812735
1437.755485
1405.717756
1464.538265
1371.819735
1464.746324
1447.711691
1403.493080
1460.531824
1455.179368
1326.706779
1367.823162
1368.983170
1429.202353
1474.532838
1428.634882
1348.144882
1361.611671
1441.844221
1409.814941
1405.634397
1347.741324
1547.949702
1491.232809
1391.333147
1366.209706
1561.594529
1407.790042
1463.845809
1339.698000
1378.069176
1478.373162
1303.014764
1412.449176
1377.502706
1510.943485
1394.471279
1421.344500
1472.691985
1410.285794
1457.643838
1386.101500
1546.627737
1463.344044
1397.625368
1347.394397
1471.803294
1334.372400
1356.681662
1446.627897
1450.240456
1463.409162
1396.969608
1332.146309
1472.388338
1360.339750
1427.224382
1437.629168
1421.744103
1471.189765
1454.575485
1381.298103
1497.114257
1369.537676
1387.720603
1413.463206
1445.133338
1345.038935
1406.721485
1391.930941
1336.810044
1393.600235
1366.999716
1437.284103
1316.950221
1392.543471
1557.269118
1454.026791
1455.628971
1412.812779
1385.304574
1441.129588
1331.052116
1404.324235
1392.551471
1447.656706
1451.962074
1417.041808
1386.165044
1437.718676
1448.349456
1363.355735
1414.549457
1425.643338
1590.749676
1440.432015
1324.618191
1262.444149
1419.155824
1395.803500
1505.351750
1453.553941
1362.773504
1452.181971
1342.354309
1497.073926
1390.143471
1406.179711
1393.290632
1542.798985
1503.057176
1378.020529
1315.051786
1380.502603
1478.437147
1615.023897
1501.529412
1425.207317
1408.014221
1451.857044
1464.334059
1514.613809
1479.912494
1469.543897
1424.110441
1366.584618
1449.698647
1378.224231
1386.814971
1407.769794
1501.702265
1467.438074
1244.831483
1459.606485
1400.051471
1441.281868
1425.171603
1425.465719
1363.550412
1449.366015
1438.105603
1462.020691
1460.403647
1399.545868
1371.550132
1465.727588
1470.132059
1300.682987
1451.763279
1408.280941
1485.444647
1491.320471
1424.547915
1357.722456
1293.110147
1515.258912
1339.755824
1432.443034
1394.416676
1446.184559
1418.227074
1468.490794
1438.194829
1485.007529
1455.946985
1453.431456
1547.714353
1506.974154
1429.209912
1427.311250
1533.549176
1358.721029
1289.316376
1482.887853
1440.737029
1502.875265
1442.567147
1383.465436
1326.230779
1431.088000
1389.594456
1497.280059
1395.151776
1412.721221
1499.175441
1420.130750
1478.563074
1441.272645
1416.099353
1386.947632
1421.581765
1493.375765
1477.342940
1278.012118
1437.745882
1395.023853
1417.947809
1334.331868
1500.936176
1481.511956
1338.370000
1371.840338
1272.512208
1502.717456
1432.827926
1512.591456
1422.331618
1390.599400
1514.274338
1396.912691
1367.031074
1549.667353
1411.732637
1572.673941
1420.061647
1391.048882
1396.197294
1431.354888
1376.539647
1316.289971
1500.493515
1389.550853
1417.852860
1475.880324
1562.707176
1506.301132
1485.228941
1389.036038
1481.317103
1410.635603
1385.617206
1445.818765
1390.795790
1358.997853
1435.310515
1382.891471
1523.594824
1426.754835
1468.106074
1346.760441
1361.329485
1503.087544
1429.132145
1376.411412
1580.589412
1460.700044
1386.825618
1400.601470
1382.260132
1442.292647
1382.637853
1408.962735
1409.206177
1410.547029
1480.698471
1442.862838
1458.782059
1333.539326
1386.927632
1453.728162
1378.734485
1490.540250
1566.288254
1522.628632
1446.918471
1535.845618
1258.799456
1328.580417
1411.571574
1371.148309
1272.898750
1436.263147
1386.981977
1534.935309
1421.995456
1442.180882
1488.182706
1468.344361
1407.556676
1572.869853
1535.377029
1505.571544
1404.404877
1430.082029
1353.939735
1446.905471
1454.687309
1396.106187
1419.671294
1495.213015
1435.962662
1444.257118
1419.335644
1442.085618
1375.527191
1386.074029
1392.604559
1341.640969
1500.892500
1448.989118
1401.852471
1351.751485
1418.078441
1377.018985
1536.229691
1474.018574
1436.718529
1393.851031
1469.399603
1506.126662
1472.975074
1358.246779
1412.064576
1404.494118
1483.833529
1341.613235
1387.974132
1372.682239
1445.202765
1364.076221
1503.862309
1488.257544
1280.619006
1387.186279
1493.829926
1484.947794
1350.957265
1446.227477
1453.916265
1445.447441
1372.674824
1496.965103
1420.583538
1493.326309
1430.499294
1323.604956
1498.744441
1358.916921
1413.208603
1513.439868
1468.186471
1363.769368
1383.729335
1472.067074
1385.578206
1531.042662
1445.438691
1328.838365
1306.769309
1519.379838
1474.966618
1402.146912
1415.490102
1476.425206
1366.729265
1437.641971
1519.516338
1499.600486
1434.155088
1312.662118
1406.395691
1343.025118
1322.740472
1477.804353
1387.019191
1399.483853
1435.926456
1382.312297
1525.485956
1441.992103
1413.230618
1360.519279
1322.531813
1371.543588
1409.455515
1500.614838
1336.477044
1335.055050
1436.428074
1423.278265
1430.680176
1405.162912
1397.972169
1435.765162
1476.025029
1431.097456
1329.470456
1305.245494
1364.014309
1417.436559
1504.863956
1362.389324
1350.241142
1430.585147
1453.612309
1519.183971
1472.400324
1482.871997
1416.655206
1376.934838
1476.272338
1369.852147
1351.502336
1433.865529
1425.341574
1440.681647
1311.858500
1362.231058
1323.502103
1450.603765
1425.809412
1411.813412
1422.468913
1454.781088
1327.714353
1386.565353
1426.022074
1404.761149
1534.766824
1430.379941
1404.531103
1480.916088
1374.388063
1467.951750
1492.693779
1420.816265
1428.638985
1428.936740
1367.967368
1389.970676
1368.545382
1381.810794
1389.008036
1460.478985
1423.436338
1458.822926
1492.651132
1378.818684
1418.640471
1373.281397
1531.712912
1410.408147
1497.930186
1510.955632
1414.681382
1490.122824
1567.915324
1434.783378
1472.761000
1465.256588
1492.753971
1350.797029
1391.492733
1504.324956
1392.883809
1384.860515
1401.052632
1368.925484
1530.474779
1431.929088
1370.165162
1380.867132
1314.389044
1265.794074
1395.161294
1440.256765
1481.752529
1370.782251
1383.717309
1526.110544
1511.875926
1497.267353
1505.731326
1509.098279
1480.162000
1421.535235
1345.722456
1358.584504
1349.169574
1467.810618
1509.287132
1450.595132
1428.965829
1549.976044
1403.474618
1424.806912
1448.438103
1353.451992
1420.432882
1453.854632
1466.564368
1450.735721
1376.201185
1419.795221
1343.494000
1411.844368
1462.658441
1308.025098
1410.083015
1387.834559
1386.289279
1395.459221
1502.640408
1394.978485
1473.696868
1373.719250
1426.570897
1401.494527
1372.519603
1445.099265
1489.480221
1534.340044
1484.434058
1323.050368
1491.207059
1512.575338
1382.423250
1427.583515
1399.166338
1473.961706
1461.556059
1412.925279
1529.937472
1449.523794
1513.421603
1550.428324
1520.350471
1466.447930
1423.233044
1363.953235
1413.427147
1414.773441
1283.199784
1405.806721
1452.940191
1398.519294
1245.309676
1355.432668
1327.522588
1477.198441
1310.816750
1456.073353
1303.869316
1482.125074
1452.361456
1319.708176
1467.079971
1327.456994
1591.582838
1450.208132
1414.501500
1375.504912
1333.802172
1487.465926
1437.857426
1403.655926
1520.640676
1459.841232
1463.144471
1432.021294
1440.739353
1446.728882
1475.183983
1485.367221
1396.646647
1415.145471
1557.473765
1417.249632
1506.238176
1331.859500
1488.325588
1448.149897
1390.146045
1532.167735
1457.842618
1363.660456
1335.331853
1400.747164
1494.357191
1433.123750
1403.084706
1365.488176
1473.420048
1410.061794
1552.951382
1453.483926
1327.906853
1341.181137
1390.512853
1427.018603
1438.062794
1397.270868
1367.406183
1473.210103
1520.680176
1478.367000
1400.574074
1294.829361
1409.600574
1364.667324
1407.969779
1373.440162
1378.983818
1513.300456
1346.834250
1415.412897
1419.428118
1455.829452
1310.190338
1407.827926
1321.690485
1372.739897
1388.426850
1414.428956
1454.137809
1486.327118
1408.081985
1377.488116
1440.053088
1455.685588
1352.677647
1450.890515
1377.419765
1262.390588
1413.183397
1492.887721
1302.687779
1290.814840
1472.808441
1432.704574
1306.068691
1409.612338
1363.947326
1459.765765
1412.160074
1489.450794
1458.277750
1448.533284
1442.076279
1507.469265
1362.164471
1391.706441
1258.235123
1459.431456
1512.485456
1371.497176
1511.986838
1425.812492
1502.020088
1510.559015
1468.952044
1435.980588
1360.161449
1351.504279
1366.409132
1376.476676
1387.968353
1364.637936
1396.317029
1437.893632
1417.804574
1510.085647
1313.180658
1342.369765
1378.092382
1400.213971
1354.132676
1366.606762
1412.118059
1413.543691
1493.552897
1391.765206
1328.882146
1458.391162
1370.433897
1360.374118
1469.162897
1445.471162
1340.378574
1409.195868
1389.083588
1415.975941
1447.402869
1446.997676
1302.259853
1391.494412
1384.729074
1407.145694
1437.945765
1519.486500
1487.520176
1428.233838
1412.879637
1449.264882
1462.004897
1449.204853
1468.255897
1442.283021
1363.962147
1417.193647
1326.168941
1441.998838
1391.610860
1357.746397
1513.902691
1413.436044
1426.492235
1399.565553
1452.104603
1583.242309
1593.373000
1450.779250
1307.528598
1527.884176
1397.717897
1290.492412
1365.977176
1388.683379
1394.560309
1480.851279
1386.424941
1427.015926
1368.411498
1590.292250
1470.520132
1463.909132
1453.181676
1304.540808
1491.586706
1486.675147
1345.738338
1437.081574
1391.958751
1388.768779
1442.655118
1435.112971
1417.708544
1362.766223
1476.731838
1439.073676
1412.385618
1456.301441
1307.430121
1378.664250
1436.247338
1373.794544
1520.401000
