707.761294
663.451574
664.572618
654.618824
595.189628
609.196294
669.804353
620.392353
630.706838
535.940409
617.817456
613.747162
667.359294
620.230382
661.236248
602.856044
651.467662
589.613779
667.742074
584.449602
603.946368
670.571735
605.381588
575.744750
563.324574
640.405015
660.273485
642.802456
663.137985
658.006708
693.083309
677.531074
638.168235
705.453779
548.735195
705.408221
588.452074
676.715868
638.831853
556.660476
609.767118
611.650485
635.192441
649.580544
520.635506
602.142926
643.426485
597.862147
700.545574
527.539420
649.504382
695.925382
624.172515
734.334971
574.397553
636.506265
623.769235
637.272206
571.768721
490.789672
624.291765
698.960706
614.687000
628.742809
607.615571
635.516853
632.020941
664.874691
580.406206
602.971602
630.452441
670.855735
564.075529
688.336662
579.814000
559.670882
611.828868
569.060074
705.001515
585.238531
581.547294
640.010868
715.218956
625.967162
582.287650
627.007456
580.528132
588.585265
657.717676
607.416416
686.384794
781.490544
690.014926
516.468088
628.816432
670.364647
626.595412
666.571103
613.953074
629.903463
651.926074
628.814735
621.656206
675.069294
519.196891
617.172985
625.408912
603.194029
678.644574
621.998201
590.550868
684.390294
703.027485
706.423735
602.015055
600.491824
667.386176
646.755603
670.915868
577.348248
653.191750
711.514000
542.681618
605.339632
496.741837
586.810971
608.446324
656.659985
652.983941
551.857515
661.576662
592.714029
605.370529
651.651294
594.467811
624.908132
601.197147
653.076632
594.351044
610.974827
588.448956
645.090706
759.107588
668.562647
623.547402
605.521353
703.197324
675.229074
728.107338
656.712168
671.677382
583.061118
625.286074
691.960485
594.745654
670.188294
741.535853
669.002382
620.303956
549.920391
543.558882
628.965691
545.501235
721.896971
574.501863
614.519044
704.121515
528.094353
597.762985
546.542835
697.430074
625.909338
604.407985
608.156265
558.698675
640.538471
647.705294
669.156824
714.021191
643.224455
626.246029
622.638632
750.665221
676.702500
575.978545
571.066647
655.062529
675.738985
663.189765
538.759708
637.609324
581.005500
634.231632
564.967294
633.261504
660.024765
652.171765
642.982941
589.090029
574.417829
619.196324
567.638794
683.897132
614.545176
580.414065
568.026147
700.223059
598.997912
587.450765
556.064214
627.259147
657.192971
631.302074
607.880368
545.870656
640.256059
626.891971
599.737647
643.156985
644.096084
594.073191
669.387324
654.194353
605.370250
518.380218
598.911956
678.925074
675.578426
661.344338
594.522646
633.209176
574.741118
645.758500
662.908529
529.984368
619.520162
590.522926
596.089647
623.032015
551.135325
641.414324
639.789191
626.681015
571.641706
593.509191
635.390532
575.925662
658.464147
638.421735
671.724191
576.601019
586.738632
657.828882
655.664691
714.395338
568.420756
578.783235
546.193941
652.479191
636.526809
608.533639
627.255471
642.562074
593.737574
620.527706
623.006641
680.343074
614.810794
600.991426
600.545426
571.706804
701.056309
604.832691
611.837588
676.858471
584.519599
660.915103
705.273868
660.178588
732.762191
625.541262
645.859515
581.773632
599.817897
662.799603
634.025926
609.884485
674.577279
662.637897
662.530824
587.835633
603.925794
627.644118
673.300426
625.684324
588.471531
636.352206
612.583735
650.378618
661.426206
537.780547
681.771853
707.662279
645.454088
625.502897
645.025063
662.057794
713.156191
617.242044
576.469235
588.384609
603.137000
676.759397
658.096221
591.163353
549.557257
561.661809
677.784500
669.956559
606.025838
559.224156
696.157426
666.770588
671.830088
606.480441
628.145613
624.136941
640.567897
683.457559
662.581618
575.697644
691.334853
637.996088
617.277000
596.983088
583.005616
591.171265
605.020044
670.560206
607.532309
658.242676
629.564074
639.302588
657.952868
709.463294
649.816707
677.264426
661.433044
757.182618
653.473985
612.766958
684.755471
635.932426
649.555647
670.366382
620.196636
609.425868
607.191691
651.049603
608.225632
576.238623
648.164132
628.944162
625.477574
682.984574
632.048639
607.982382
604.429794
670.920706
657.721985
598.560214
551.337103
701.102353
669.089250
627.434500
625.035877
599.577132
622.087485
591.049412
678.142897
624.171158
644.932882
623.834500
684.278485
659.290574
667.563100
529.491706
558.717574
585.818765
677.945662
648.845822
629.076588
669.245441
646.566368
654.977853
567.297441
633.938338
590.170441
682.123941
709.906147
584.890075
598.638853
585.445147
736.655044
710.749603
555.072370
683.645309
608.859206
688.812206
624.260647
548.254372
627.672794
579.492176
682.207779
560.975044
577.194917
642.834088
594.280309
620.043985
675.401824
595.059757
623.069059
635.134015
614.938706
661.137985
539.634273
654.231412
625.032353
653.385574
695.398721
608.822921
646.756926
620.994221
687.825118
613.954544
580.762908
673.090279
603.986000
656.426897
664.824338
537.689483
634.572500
593.840162
661.851912
702.593235
599.402426
669.063382
646.384324
643.872015
677.916191
619.579971
572.521485
605.552647
635.887706
722.270691
607.303002
651.298456
629.069676
618.859706
638.270574
543.938047
644.823897
597.260162
699.735588
608.797235
602.609255
646.062456
689.140824
678.722059
687.512897
631.708447
604.637515
598.541941
667.738235
704.128250
715.646934
644.037088
648.025706
643.149971
641.764750
619.539303
624.204647
663.982750
624.963000
590.787441
633.033672
571.311500
578.393926
637.121559
622.488721
613.912688
629.839015
573.153250
579.459515
632.590029
513.258366
625.069882
564.989353
658.641838
637.807265
657.465014
638.773118
659.903235
623.007809
573.954368
612.259472
590.559794
635.111118
628.394471
700.002882
629.165546
592.365574
645.513853
586.825294
567.468279
632.448254
697.282603
662.490456
644.132632
647.744235
616.521623
646.148441
718.370426
632.485059
640.261132
644.278021
669.562000
628.383765
638.186632
689.847632
609.199949
590.879632
651.085176
606.537353
676.158515
534.712186
628.933676
631.948721
646.877632
686.689779
520.529525
660.652132
668.704294
682.088441
696.174044
601.411821
639.616426
720.224324
649.315721
561.107750
611.565410
660.608706
661.352382
663.563868
629.470147
581.943897
697.539676
607.971985
718.445706
588.593647
588.165045
623.106912
584.976059
674.748397
659.752397
624.179885
659.490353
696.319779
730.286471
664.562618
605.531195
635.752279
641.530059
716.180794
594.606103
698.964241
627.253206
603.569706
662.657309
664.041162
568.369286
592.833132
647.579779
711.353088
670.062868
604.887979
681.041353
625.866544
647.758632
631.004221
647.339451
571.932765
626.351588
668.481147
635.148735
595.568526
676.294662
577.998456
642.859309
722.976926
606.018483
615.362074
589.985471
563.817588
592.796926
545.669455
583.033265
592.203632
621.205515
620.517779
630.773118
605.261853
603.916279
693.437441
636.688662
628.343649
646.137588
597.816853
640.413750
640.983265
558.597739
640.731779
579.672265
541.949676
602.250147
584.780416
647.640426
583.286103
657.696941
585.548809
544.441050
638.516074
580.394735
611.854544
598.792529
574.982301
699.298118
612.161500
658.050882
556.194426
525.919965
580.446912
602.034926
555.877912
657.789956
581.501642
639.785368
689.899985
633.724147
612.809338
685.280276
687.669985
557.938118
623.234809
659.492338
533.701542
624.086985
702.193985
616.861735
681.350206
510.984500
665.585956
643.794926
593.743500
606.459029
514.144560
688.474691
723.542147
628.655838
744.718824
573.648561
689.423941
671.058500
594.165544
688.712824
561.186165
604.723515
618.087544
653.948382
690.925176
615.356887
723.134382
668.912647
698.724221
703.407029
609.822668
682.141353
679.527294
605.546015
701.961485
621.239478
694.693971
641.102132
622.842441
642.768147
556.066656
701.394691
674.983941
641.450662
675.386632
588.741614
644.011544
598.957324
638.594059
632.950985
579.928953
644.404853
644.081471
606.199588
622.749103
589.250322
647.147162
611.654456
606.157456
582.773221
650.323368
609.974618
626.762353
655.893544
577.743221
569.881957
632.839956
638.219765
628.107397
650.126647
601.501415
640.841132
622.203382
666.533250
649.821868
567.484872
661.509603
682.126956
623.086765
608.490809
533.343623
766.633426
739.822103
617.532941
673.711735
606.919492
715.825750
626.062882
615.185956
583.573074
586.833170
644.551618
644.458162
639.089647
564.151456
590.327392
652.464309
619.465441
658.382103
743.289676
711.213114
663.521794
638.236721
623.864721
646.131691
607.739762
673.809397
634.017618
596.485426
617.172868
587.467764
723.506779
574.898368
641.965235
592.083985
641.802324
619.987647
595.845059
643.484956
629.636279
587.767619
671.804971
583.795368
592.836382
587.304147
631.594518
725.061956
570.735559
589.438882
611.022206
524.564858
678.910618
633.793853
631.232941
588.124456
569.462565
670.191324
658.471706
691.320794
652.340853
593.683640
604.929382
657.192338
641.662559
637.728647
620.668303
623.556059
606.275309
588.584985
632.422956
613.391907
613.369412
653.337912
678.590721
660.193544
589.675835
584.857971
627.353132
693.036088
735.745853
575.974454
645.095676
638.060456
644.962676
732.103588
513.524867
584.081456
631.708044
578.974809
661.858706
578.641648
617.561279
667.026471
621.566868
666.626809
578.587443
746.930074
651.620868
648.309382
707.693853
580.378621
674.948882
576.179000
724.558221
704.295324
634.298196
650.277559
668.386794
635.070103
759.940721
668.016433
547.793221
683.567279
608.310985
626.774632
672.938008
689.923721
601.419456
620.974882
585.439338
606.321921
575.244853
562.223838
707.164088
613.038897
628.259790
615.126044
782.624353
624.927676
676.698221
526.333997
596.066868
603.711912
587.165441
627.759750
593.165057
651.511838
694.794735
640.336735
675.182691
627.674588
671.607368
637.155250
644.249926
634.497397
572.633207
724.418868
681.825882
619.935471
625.811882
576.557782
646.124206
625.826015
637.024912
592.661824
612.136710
658.298544
634.260118
659.893265
612.443868
598.687726
670.819985
657.826515
728.645926
675.749485
553.939433
664.237618
651.286647
638.181059
574.880618
604.308229
630.968794
714.661912
588.675926
680.275397
690.187701
676.179588
580.233735
699.403588
597.309618
593.490805
631.305588
674.871382
601.907853
662.707912
496.092851
659.895250
662.924897
654.251750
597.525603
606.427337
561.041838
604.273824
585.308559
731.539721
609.639280
665.881515
600.272882
675.620588
678.650250
555.175987
695.843853
617.245397
646.221074
599.775324
555.310268
608.355191
677.520000
619.649368
688.892632
628.630519
650.902868
688.349059
639.434309
613.596029
629.346594
686.406221
732.200868
574.768971
597.970529
562.987125
635.916588
676.245338
569.319574
621.260853
562.500803
581.483912
700.814206
539.317382
679.300397
627.282981
646.995118
666.640838
748.376794
633.097838
548.247953
593.518765
670.856353
599.171471
564.994868
569.313381
670.831926
685.149912
640.547176
601.175000
596.413147
630.850926
716.062265
621.494956
549.417971
537.020398
615.419338
691.060441
607.989691
667.276824
622.678208
598.173912
690.435176
651.885485
563.718338
583.911783
683.854059
667.249250
609.298294
554.634456
