967.246882
1009.307324
922.439368
954.992471
919.360775
915.421765
1061.044279
972.230676
940.143338
889.152894
882.275529
955.793368
974.851588
877.238853
866.679866
943.486103
912.696309
965.494324
934.856500
884.897617
979.711956
934.862632
907.168044
937.309500
920.001339
971.722779
956.964059
931.891353
884.527324
891.136752
967.384147
915.212559
999.603471
1007.783794
861.244974
884.112088
815.876897
1013.777000
982.926412
906.045387
987.649838
858.221824
989.731529
926.144309
937.475698
963.305132
895.251412
930.485338
920.207338
872.406567
961.239500
933.800103
953.691456
905.291206
919.302818
871.118750
941.147647
912.103750
897.622647
899.483775
997.523103
966.624515
1034.420809
939.786882
847.387880
957.019485
960.556221
970.485588
885.633147
945.230337
984.215971
1033.321853
976.451235
907.407397
816.650838
1028.268706
935.642691
910.736706
980.805029
931.585751
918.751838
882.864250
1049.852221
912.504765
855.400900
952.094250
921.924662
973.532809
896.185059
960.548901
970.034632
917.557000
988.301015
968.206412
865.220550
915.973779
967.558676
948.135544
972.512618
869.662566
948.043471
965.006750
959.422588
1005.654588
915.909420
970.644912
935.542471
935.665647
901.065426
900.154848
835.207912
965.559912
975.954132
894.742382
941.649982
1001.088206
893.051118
942.599265
963.259794
850.243998
922.654809
996.001176
976.243662
956.251471
865.571999
993.319853
947.929324
898.449353
924.099515
899.671236
901.224059
968.931794
884.108809
940.531000
907.133237
909.354382
941.237324
928.194456
932.557206
898.536371
900.105926
937.357338
975.461574
927.853338
861.529093
991.542588
960.389206
1005.335206
1009.669265
923.339080
995.717191
869.680838
890.011338
920.063735
910.408640
991.636294
1019.191206
946.027338
925.876471
859.939965
901.182588
912.668662
1006.751162
913.470618
918.711319
989.481676
1019.052676
970.585985
959.787118
935.869526
920.314603
995.121632
972.196471
911.190779
851.730278
968.120471
960.711426
926.833853
943.787868
931.870014
861.862529
962.504868
1062.415618
927.721000
901.411927
906.213015
897.515279
972.498456
933.835338
921.225208
918.979765
932.527735
979.790044
959.732368
824.908371
952.090029
909.384118
948.591074
951.045074
841.722990
937.278397
942.647397
1046.235088
985.871721
889.550006
1004.827103
933.545412
907.873809
926.608956
909.501905
954.973485
998.085015
916.705603
981.754897
847.463700
963.252632
915.213956
938.775897
977.463588
906.455290
963.246015
893.107691
927.519250
938.756250
901.311306
901.435897
1007.549662
983.280485
942.230735
904.937602
984.946765
930.529324
965.550206
965.650897
900.592044
1042.454368
955.025824
924.155941
941.559471
880.360869
972.823574
924.322985
904.353897
901.064485
941.556206
867.240870
889.452456
892.012471
985.536456
945.851588
859.074431
983.613441
915.147779
946.785632
951.416603
811.624800
903.656971
919.225029
962.413485
959.726147
897.326522
937.544544
923.220515
889.449485
956.889221
908.646523
982.365441
965.205309
914.115176
953.877206
942.763671
915.082103
923.047779
852.762059
950.724176
830.483879
943.468338
921.492029
962.209441
917.551132
804.642512
937.017088
957.245706
965.543809
926.691794
804.710499
974.423868
958.858971
849.919662
950.678559
921.969721
940.262515
898.570485
979.510456
990.446632
887.594178
889.283265
978.640485
952.488735
925.204147
853.629224
991.582926
946.885559
901.834485
882.820353
874.957799
1034.178956
880.484721
892.474574
901.729353
888.480153
837.565368
914.429309
870.380647
909.153088
905.083051
936.843779
931.662162
918.175574
950.024956
934.182979
898.037750
939.134794
995.260735
906.315059
874.533407
940.992853
865.676353
971.515412
958.498794
886.446791
1005.278941
981.882382
989.304735
993.320721
868.791381
956.344794
1004.924441
943.216279
963.589706
854.872147
971.335250
954.906868
941.388103
897.724088
951.741383
894.991956
940.883235
973.241529
858.837309
923.098267
878.635691
975.456632
911.993544
955.690000
912.767239
926.467265
905.211941
974.879147
928.248662
888.754270
961.067750
946.665926
926.707750
996.235015
916.985948
1017.884412
973.333397
973.333250
939.062235
914.792890
869.616382
1013.911235
941.741956
1002.500088
917.799906
904.677147
934.343206
964.621176
919.739794
925.105819
1028.123926
922.983794
905.665191
987.415279
948.602085
995.065676
859.670603
1004.677824
875.297088
952.535484
994.459662
977.072338
889.583324
942.260279
912.744779
990.173353
933.712412
893.315618
959.286147
926.140795
960.853103
918.563676
929.771632
912.896868
839.735194
931.724309
961.510221
919.346029
950.634838
966.410916
928.078912
862.467794
951.680529
868.972176
831.525947
922.207441
935.897706
996.169235
938.027853
921.312316
923.589559
996.920147
958.876853
1002.352868
917.529802
932.851471
954.301765
934.718912
1039.893397
939.705010
970.209162
931.841941
969.610735
886.138029
831.341555
905.865074
922.153074
898.825779
974.490588
925.064909
963.011500
947.681912
866.661750
874.863221
902.722087
1011.635088
870.928603
971.769794
895.793162
902.519471
898.143765
1017.082603
932.507544
911.199500
870.836575
914.791279
907.481147
983.284838
986.435824
938.382371
986.674338
955.298956
972.810735
943.943574
833.460681
934.848191
939.766971
973.916765
922.169603
903.063874
880.371662
834.898897
953.182750
1016.838426
910.594757
960.889500
925.702618
925.172971
1012.964368
823.037685
870.658544
935.453235
892.583015
967.050074
922.731687
1004.824838
906.825441
913.856956
943.168515
926.177364
1000.053559
1020.604397
987.451353
965.855647
911.903733
895.508471
957.652456
994.117412
945.077662
863.863073
918.259132
929.140132
919.289603
931.120838
936.952927
1054.449000
977.240853
878.058897
949.855059
912.265296
955.348603
1003.307221
1003.696426
925.217059
889.472254
964.081118
949.055838
994.625779
928.272853
874.061696
989.224412
911.227044
849.991324
885.676353
842.653109
1000.035529
957.616382
933.800529
947.208515
919.057067
928.853294
958.661044
909.859206
1011.566529
909.819347
920.646588
923.760382
945.406544
933.086926
926.623893
958.303647
904.391397
971.396794
951.471941
856.757688
978.810676
979.350485
949.525294
907.863176
882.645484
923.470618
990.040015
907.170382
952.856765
910.816324
995.186941
983.353029
941.783162
936.937838
883.801928
944.850794
973.718618
955.843985
913.562294
821.527973
1016.448618
933.691500
948.500176
1044.224029
923.695504
889.077176
925.972676
1009.890294
908.296074
886.137138
915.629647
883.969059
1029.527294
918.664441
878.574022
915.734103
976.497971
944.460147
966.879191
863.021273
970.079750
1050.506500
970.960647
935.377574
947.710010
897.925338
888.115779
1036.073897
921.783574
899.786158
918.139588
863.429074
952.711279
897.868515
922.917748
916.838309
970.607662
956.309176
948.222353
864.378411
969.592294
977.243926
1015.301529
959.879147
897.121412
908.506382
938.708971
1010.872824
879.290941
888.269561
915.117191
1002.267985
888.894809
1008.280750
905.001841
916.357309
965.616853
865.384147
1013.809206
900.888608
924.264515
954.061632
1004.258118
936.037074
900.510359
955.885221
947.119868
921.634118
926.470838
841.534566
924.673647
895.659382
1035.299250
935.334691
825.780965
986.758882
1033.130985
932.455412
892.632074
810.140716
962.533838
912.385515
996.304471
988.407529
923.441114
972.702000
862.975912
987.876529
1001.902853
922.769822
968.848956
982.450309
934.251824
943.438324
862.008838
971.068426
939.610074
895.078515
923.454765
847.107766
897.889662
980.322956
915.883824
962.641412
845.934252
979.587015
912.457735
877.473397
1041.357353
877.891180
936.050103
1095.350353
962.804324
980.846515
903.608490
898.940868
922.373397
960.892779
907.392574
923.653095
947.233103
944.577662
1006.841118
951.185838
961.429875
967.042368
877.333691
987.900882
920.482515
1005.731112
920.676515
954.718926
954.310735
920.511735
871.964334
972.049603
915.593294
942.310765
900.682191
844.081630
991.153471
881.652971
951.692912
932.180221
871.261484
910.858265
941.512162
929.575838
997.882750
850.686471
932.567279
896.173191
954.099294
941.260412
852.742781
963.696897
1001.208853
983.592971
975.604412
895.203370
1057.387941
927.009324
925.882176
959.367265
895.487239
923.553353
888.375147
916.543632
879.600515
856.689903
965.832750
951.162941
899.662456
979.045132
870.125198
928.068279
875.888971
996.785397
939.088838
891.163788
942.766206
932.979382
894.648441
871.226368
904.940039
915.496368
855.778779
972.860544
922.698338
879.830629
966.194088
990.608000
879.289221
988.950471
901.460233
1012.238941
896.009235
1065.108544
942.593750
837.955764
929.777000
915.689103
893.386794
925.116706
922.668206
905.119912
963.502603
896.310618
897.415529
904.937840
927.791765
911.057324
888.230441
928.131853
915.877856
969.273441
938.036676
895.069074
908.316794
904.627387
975.085044
875.612868
893.005647
937.471029
906.887535
937.661618
967.636485
1009.968838
1016.412691
867.530199
975.397632
873.982971
965.382515
918.114029
910.005450
915.128750
952.164971
943.128088
960.587191
960.050407
859.830309
918.814779
879.037118
942.667647
826.104791
954.238147
959.044574
947.637544
884.382603
878.918086
948.903500
971.128868
972.065529
945.946765
927.450029
950.221574
970.441382
1006.430853
909.367088
907.730045
938.781353
1018.257324
951.930426
899.399279
852.337973
968.242338
958.013015
988.418779
913.587853
871.867357
952.159809
973.284529
961.806279
890.492603
977.052137
901.521735
934.704618
939.017956
994.053853
844.217095
978.870529
976.195191
973.658662
950.144265
895.739008
890.573176
908.835882
999.507074
941.618559
886.487053
980.974706
973.202676
990.244118
907.327103
876.292702
929.679015
1018.710618
916.503456
953.007338
934.565541
920.293397
993.856118
1024.934162
913.269750
875.930146
981.062279
926.044397
957.965809
909.526412
900.485294
933.882794
930.764456
939.927338
1011.453544
941.322178
990.498456
967.956868
926.718074
900.984250
863.867797
899.411603
927.274059
953.963794
963.507000
879.106063
911.247456
958.077956
958.349235
879.579809
912.427770
935.373029
926.721824
991.711809
926.614338
839.102963
909.076706
920.879912
974.965471
960.534588
983.789097
905.977162
988.162382
894.983074
1012.492426
875.371554
927.241118
932.346279
914.639471
922.598868
863.570864
898.247500
912.562588
1006.676147
870.698412
860.929733
1007.390735
903.131044
947.662338
939.520029
920.870896
1003.913235
883.536794
973.330618
964.722706
852.699089
900.425779
1029.593103
946.863206
896.233588
949.416781
931.484735
951.752559
1012.856059
979.402059
842.770106
952.586279
912.784662
936.666397
1000.452838
844.472975
945.826176
1026.012779
1029.173353
943.339176
956.057168
895.548956
924.461529
899.436147
951.300544
983.658551
858.408956
896.791912
927.732147
1011.096309
934.509847
885.954412
954.424735
884.506485
919.277971
933.249025
958.552309
970.383265
949.635868
871.528868
924.151997
978.093015
1025.709853
928.518676
925.809824
848.055175
912.781853
895.765412
939.816706
900.228456
942.609529
927.017515
1038.497956
1025.023368
970.658882
889.602222
900.000662
1011.303088
1005.250176
961.946103
924.762811
913.892338
1042.759794
973.174779
951.809794
903.544974
1045.382559
995.070206
922.262162
873.038588
