612.039309
620.299838
622.633706
681.391971
632.779363
635.405647
666.081706
648.723471
694.642882
522.847306
574.913574
626.273015
619.371956
637.699897
683.936645
604.479074
654.565294
577.757412
636.062956
603.910191
615.850691
602.277691
613.272221
654.742765
548.637663
647.851294
644.477515
642.604853
583.685044
588.233429
653.619412
695.684265
628.647897
669.058397
618.779710
666.943691
603.736471
639.452721
569.236044
552.349211
626.711794
489.897838
623.100971
655.377074
564.414403
628.048088
650.483574
581.687118
583.362676
603.504302
616.834941
658.417353
669.810059
722.757868
535.463068
576.681441
614.596691
594.272324
595.524559
537.137658
612.217882
635.159574
651.823485
609.482000
592.613762
571.314647
629.371897
633.710779
606.392088
632.033484
577.774882
691.368338
618.263088
639.382309
563.174471
656.095000
615.903441
571.044118
643.827632
577.011766
623.800632
587.442132
690.635118
639.590559
575.180385
634.255235
608.013912
608.509662
647.774500
596.091725
676.029029
677.445309
620.894588
592.713074
597.455197
550.605221
556.095676
607.758912
705.661221
577.937066
665.791794
641.676985
651.860441
669.186765
554.251494
628.392471
653.589132
643.026529
674.149529
608.943554
633.545294
682.764147
641.449221
589.634647
617.120776
571.528382
611.770485
677.114426
632.259397
593.520248
605.791735
625.003765
586.165074
606.213015
500.095146
624.636074
564.504029
634.260750
706.049779
568.538692
664.864382
682.175662
543.218500
633.254397
573.048649
641.856588
649.845662
653.853691
642.838794
609.795680
611.545221
669.349559
762.728294
714.810721
583.201049
631.000103
639.580397
632.447235
701.332426
600.427565
647.653853
609.378397
553.200544
617.931059
547.407316
652.417912
643.840397
558.370750
558.912279
586.928626
583.271397
632.949897
621.043926
598.443500
661.400481
619.814044
662.130588
567.240265
688.345603
538.201909
582.784765
642.581426
622.270132
560.484971
558.644910
623.497676
674.865779
621.073250
617.972235
580.082941
657.786500
636.135926
650.121206
622.827750
616.693633
608.010044
598.351603
693.366074
614.899603
612.016208
573.618191
566.339794
578.103279
597.637632
604.964165
603.600676
607.200574
619.402971
623.285103
544.211461
626.475309
647.366941
610.217632
653.215603
547.537624
535.481044
598.868706
621.249279
590.405544
573.704390
619.459250
628.119559
676.066250
713.285162
557.211862
671.418647
603.159309
617.274338
586.888500
587.088731
608.820029
587.903779
646.401294
632.102794
570.133747
640.473853
594.334647
654.442897
665.452838
543.500631
622.584221
577.074279
621.922721
692.258294
648.467250
717.698250
584.269824
606.060603
643.990426
581.045428
678.534441
601.528397
590.743044
573.373529
617.749206
551.065826
540.176441
608.361485
629.954735
672.874324
565.634372
684.638324
568.068206
649.949721
666.638912
623.083682
619.055000
613.453485
643.127456
606.654838
611.168125
613.066441
698.608515
582.919000
623.892412
527.038964
573.053868
648.352603
695.041662
651.107426
556.781554
708.550603
600.092926
592.224868
666.271485
586.969835
639.960676
626.666059
606.315279
682.412382
560.586733
642.626162
631.379426
606.867324
656.429971
577.870087
621.573912
627.055309
654.354265
597.509529
591.855912
639.752632
603.318618
680.846662
617.883162
663.142061
577.575912
660.882794
551.272206
634.358176
577.406371
686.764191
694.792397
626.659721
593.556015
620.309152
640.247426
610.575691
602.256941
634.491294
570.786668
596.948441
622.568853
633.604750
552.715574
612.826449
605.639882
562.660162
591.864735
627.759324
527.934391
629.979941
678.600029
648.543074
655.924088
565.066716
685.081456
589.762132
708.082221
690.878353
606.745747
618.983721
588.263044
631.215956
579.481044
626.797733
590.663324
688.536162
660.114926
626.342029
648.579897
592.632529
569.879015
597.178162
692.297191
604.423883
677.304926
650.011250
721.883441
644.345382
637.736223
646.980941
551.131838
611.340676
679.268147
556.956136
679.943662
634.391985
699.961015
652.981265
560.726402
645.435515
636.184294
595.901029
660.167838
672.525212
660.556338
609.403912
634.121500
657.869941
580.711758
621.088279
645.188353
698.116088
644.997632
587.513774
604.377088
667.168485
655.564029
679.718015
609.270084
649.525779
576.255985
539.499956
673.025059
697.634321
600.263147
599.236191
610.997926
682.773397
610.380366
577.788868
705.355838
597.547206
666.559294
578.693162
620.178162
572.084574
621.852074
614.856265
648.899501
624.019926
694.707221
628.065221
636.282794
547.192238
584.026176
641.448309
628.013426
628.679412
569.666901
606.683279
577.762338
637.519544
614.538750
522.061447
622.777868
604.806250
592.589191
696.784191
533.208904
624.589029
626.320162
707.979971
652.924662
562.665641
627.928265
624.822691
595.362559
699.250250
543.063039
669.722456
629.356279
705.801500
570.005309
567.262011
618.982765
600.667279
679.509632
629.744985
563.467218
617.626868
576.366206
667.459485
638.945426
598.968867
677.713162
565.953324
620.695294
582.112353
637.663398
627.018015
581.638500
649.626750
668.087574
526.801119
610.138735
622.501838
671.994309
643.329059
546.550533
580.361544
578.523515
657.394059
606.868294
618.552328
608.777265
627.997059
721.821838
688.678412
579.874477
636.478750
585.178897
606.418882
599.023809
601.296728
563.019632
596.360750
595.952529
598.176132
605.622156
687.684221
619.278279
651.307721
633.298868
632.952363
611.695294
571.423559
544.463529
629.957191
549.024909
677.131824
647.560632
617.732735
627.319412
596.526645
624.731853
696.172338
624.387118
625.628779
590.270044
603.504618
600.464044
574.330853
611.384897
604.620604
620.205132
561.600647
550.805647
627.935176
541.884164
626.078750
586.770574
637.183691
595.604485
589.876268
635.171206
618.176074
631.304206
629.467191
646.699020
620.546176
657.498059
684.040456
631.171897
573.582301
627.218147
654.439971
624.737206
611.857206
548.093199
654.559632
713.497235
653.104853
714.871926
566.603921
708.759162
570.618574
660.405206
585.115926
618.019540
639.152809
643.014779
644.986706
644.650559
592.256115
607.179132
587.763618
632.419529
588.898353
582.703337
586.491897
652.790074
631.640279
663.833912
625.333044
690.678059
605.765382
652.964412
612.376191
629.150810
633.408441
579.247471
657.832676
656.492868
649.061562
667.756206
642.046882
653.854838
633.513824
630.859078
625.364559
657.526956
642.196353
625.204029
623.656241
576.720941
590.659309
711.668676
600.768044
586.377845
585.838515
628.338029
650.736544
614.771294
566.472052
656.199632
691.033044
660.384176
623.647294
574.566451
597.648015
610.070544
626.946088
638.826471
636.534540
666.484691
586.101118
637.734265
624.796544
578.512748
651.332632
652.734353
593.147574
597.228926
525.438161
632.680588
610.114206
561.178353
632.088750
609.609942
656.822765
644.544088
648.027735
625.004279
559.051619
625.569574
647.958353
614.209000
642.940971
605.553871
632.556529
613.724000
590.343691
625.407824
577.645490
567.296353
555.827206
653.332809
608.317529
496.932565
645.982735
666.249809
603.829353
676.393485
528.373051
646.124941
633.817603
676.395279
571.532191
520.589641
625.581426
609.543176
636.017221
584.815544
542.532201
637.661941
686.686118
565.174588
576.498162
555.759938
634.290926
576.882882
725.983603
584.143941
530.558969
620.152324
667.614544
656.625559
629.133794
530.095338
613.556765
656.960897
533.800103
618.499676
546.602413
644.381809
656.111353
639.534221
687.759279
555.286002
711.532250
628.932176
582.623309
692.520603
559.389607
616.581926
595.580338
608.767500
597.515500
580.544299
642.588912
690.720632
713.241868
703.571574
608.348874
601.428265
660.968956
595.717544
714.109544
592.862787
617.866471
616.431294
639.023868
628.103103
594.595112
734.685824
632.764765
616.796603
641.127382
603.138319
707.745706
642.200544
690.779162
639.991824
585.880806
655.435515
632.177118
597.049471
639.852294
611.766940
632.900912
608.397588
644.993721
650.985956
611.287691
617.651176
625.415632
591.043103
615.387691
633.553913
576.919779
654.074735
632.602926
652.488485
583.301282
587.931309
613.094897
662.739206
606.663985
553.222107
627.673853
585.928735
678.684529
610.342426
566.751741
713.941368
639.554382
619.690985
640.399632
605.144919
664.466765
582.857603
617.415853
634.338338
600.991170
605.429118
605.859426
606.207735
560.129471
642.853098
654.203779
590.341912
612.685074
654.621794
650.104908
623.473324
713.220926
614.277015
603.501941
569.537159
633.491868
660.355206
632.606853
674.072162
552.960881
692.192015
635.640735
647.452632
655.932838
675.110442
614.962088
614.045132
609.472103
590.977118
582.829590
670.591015
586.047662
646.787103
639.886985
554.044871
722.459382
688.871279
580.520632
573.902676
571.366549
585.281412
630.685074
652.507309
633.680794
613.696638
620.514544
643.871176
688.007529
609.485956
613.942272
581.947265
616.121059
595.479471
597.748588
567.374332
554.475882
609.496691
540.303485
698.523750
547.052937
624.325956
616.292956
657.546412
639.241721
607.157379
571.160765
613.296618
722.646191
612.011309
555.962660
582.955574
665.848250
628.857000
676.974691
552.987882
586.635000
613.151353
655.114824
631.897882
573.864030
629.516294
651.292588
572.097882
579.564838
555.859914
738.664515
636.342603
613.817294
622.610235
622.569312
631.827882
563.283059
651.437103
659.989397
603.767902
595.295809
601.408662
615.588000
707.904221
559.622889
593.618162
681.815029
599.126368
593.799059
666.704008
621.651456
578.017750
726.968456
592.164750
576.573406
611.722132
658.803074
641.501676
627.281206
578.256496
621.814647
644.435441
673.292750
635.538603
558.102497
568.203029
636.006662
556.077529
631.938824
628.291690
654.663868
606.973353
620.497412
634.425456
656.438441
574.086176
631.320426
597.807118
683.429662
568.452457
627.276956
643.671103
570.293441
626.609132
549.231444
545.949956
602.532603
636.918735
585.198103
654.361386
559.313265
610.534029
651.307721
648.306206
567.221388
619.395324
661.364824
603.182059
706.332765
613.903227
551.671662
690.842221
598.886147
667.506632
639.039729
612.973868
640.552015
570.580015
633.735059
592.178892
628.562103
612.813691
635.865382
609.913721
564.318496
588.084838
616.740441
586.803824
674.804897
555.733086
602.204206
705.881676
716.616603
621.795853
602.516955
618.740132
650.480000
612.425765
652.321691
579.309589
636.141985
616.809838
615.365000
593.061294
610.714105
671.411309
612.097500
651.860074
661.045191
552.771503
589.975721
572.101294
589.416176
652.780603
548.475416
547.244868
673.404765
622.186353
642.268338
614.218138
635.320824
626.017853
598.071162
642.248500
584.680375
604.729059
555.590853
592.239059
602.477515
620.053082
572.803676
615.202485
596.205559
593.296618
533.679157
664.010338
640.727059
681.706309
562.488529
559.256423
543.849500
585.163191
643.840309
596.063662
530.777542
613.534206
587.598191
684.812559
599.830250
634.876823
539.904985
636.182294
574.835603
606.771412
613.544177
653.543971
629.838426
622.800029
574.551824
627.668076
637.251000
662.219985
660.127471
587.381382
595.107195
675.795544
641.902015
592.108397
657.764588
