1536.568353
1565.747324
1522.726059
1585.699500
1585.084025
1608.968132
1591.193838
1573.100118
1508.487397
1485.828629
1548.046412
1548.379397
1601.904368
1458.186368
1581.025542
1572.450824
1536.804765
1613.721294
1512.310794
1502.891926
1625.341515
1461.253500
1495.152956
1597.878309
1518.423324
1597.056544
1604.626853
1564.834441
1459.788618
1534.010267
1668.671676
1504.564000
1491.903515
1493.777971
1492.704136
1446.828456
1535.468338
1582.834824
1599.250176
1482.950064
1505.282250
1570.994000
1601.924044
1589.339397
1365.048683
1589.641265
1515.754176
1445.556721
1471.498309
1574.226714
1493.159868
1504.837971
1552.546426
1482.128824
1545.536906
1596.734647
1563.389397
1637.402015
1600.482971
1476.872187
1572.830176
1538.720809
1509.303294
1589.388559
1525.466174
1382.307544
1525.293971
1525.020015
1564.699897
1446.628969
1514.291721
1604.597941
1564.532132
1554.984118
1615.036485
1759.918235
1503.058588
1555.472353
1505.084985
1431.347090
1612.913088
1459.755618
1633.712265
1484.649103
1549.960312
1531.333074
1541.388044
1581.461265
1616.574794
1622.507842
1664.233706
1722.713485
1559.795162
1527.237088
1510.311903
1444.626338
1578.336044
1466.354603
1569.832353
1634.302904
1559.290044
1559.176721
1671.287868
1486.287574
1452.317832
1594.141118
1603.491382
1574.202838
1512.367912
1547.989216
1543.522868
1566.997544
1625.555412
1569.446779
1384.513952
1579.431412
1532.892441
1476.248412
1465.434559
1566.934851
1543.402500
1486.491235
1704.364824
1505.699471
1497.404278
1502.090250
1629.879221
1529.587868
1494.934765
1580.221339
1496.144603
1468.232765
1543.278338
1617.038779
1525.155134
1604.120515
1458.347500
1610.432103
1500.617956
1500.684047
1573.399235
1457.246824
1532.625882
1690.762235
1565.456137
1522.052647
1572.275485
1554.008294
1525.757544
1489.381550
1618.967338
1489.735926
1526.906088
1547.802691
1614.589199
1465.209544
1655.990676
1514.717500
1514.502132
1403.075979
1593.460235
1596.675426
1604.273132
1640.541368
1559.424951
1660.977632
1609.648618
1607.113632
1549.186015
1387.618423
1632.047544
1545.300235
1549.905647
1517.369735
1562.475395
1559.526544
1602.430441
1549.540779
1619.129485
1600.216338
1528.662088
1524.702485
1605.385485
1611.304059
1531.247604
1652.213603
1550.557088
1520.649515
1448.737853
1545.111943
1501.255353
1521.796721
1485.474706
1608.584647
1456.902151
1508.801618
1552.545618
1560.124412
1528.622250
1518.245476
1544.827515
1486.293338
1629.888412
1578.048132
1500.577668
1525.018235
1580.601750
1575.352132
1620.236750
1489.418611
1580.441221
1602.813397
1522.939059
1534.428000
1514.418612
1536.334265
1597.829338
1532.827397
1611.546485
1469.643187
1714.079221
1480.374676
1625.685412
1532.642779
1516.634468
1550.035471
1530.315191
1615.652368
1522.598544
1521.587807
1660.878191
1547.886985
1529.934721
1482.440191
1565.269221
1551.957176
1591.377529
1509.405412
1596.234809
1408.992104
1629.264147
1496.032412
1519.496206
1614.411735
1513.832176
1410.148400
1560.700309
1563.137176
1542.641721
1527.970647
1479.352004
1660.597853
1526.364176
1614.899029
1596.872294
1594.489197
1604.326000
1514.567382
1503.620206
1550.903956
1406.280066
1631.695956
1705.030926
1448.895912
1478.291235
1524.409332
1544.873779
1538.179941
1616.311941
1528.940603
1553.773142
1533.388029
1489.709118
1556.745324
1509.631044
1615.991232
1630.146088
1624.380809
1445.725809
1600.096529
1516.065748
1650.084912
1506.418000
1575.544868
1514.050162
1579.602264
1512.407632
1561.586926
1586.908794
1513.809603
1485.101559
1540.608088
1570.626603
1600.267838
1439.699559
1662.165664
1533.484868
1645.497279
1459.338088
1579.653309
1536.499974
1478.469853
1588.257412
1557.156191
1550.003559
1457.495299
1490.076853
1629.596059
1548.805397
1698.455191
1464.012153
1587.581926
1568.221265
1475.778162
1503.569647
1590.400551
1498.903368
1478.038500
1609.892603
1562.318515
1397.409347
1531.799456
1515.638309
1500.785485
1539.075279
1397.573819
1536.632368
1476.660471
1588.993691
1610.626662
1566.246923
1511.193324
1569.129971
1585.320221
1564.419647
1477.460336
1535.928397
1537.090794
1519.666676
1523.174721
1614.324279
1555.857103
1643.480529
1606.630382
1493.853044
1503.151207
1628.284956
1680.813794
1507.945618
1600.194426
1430.956488
1544.728162
1465.501500
1714.330765
1485.821426
1398.380460
1619.843162
1518.148074
1667.983559
1540.382853
1539.959740
1663.548765
1678.010750
1507.522382
1435.233897
1487.573065
1434.059868
1620.277088
1772.763574
1623.962485
1569.223920
1544.873662
1656.278162
1631.898132
1617.132632
1563.575553
1544.812721
1534.576765
1515.498441
1530.706809
1471.373084
1422.518544
1452.001412
1621.981015
1554.635779
1506.320056
1540.461574
1603.013574
1508.847279
1610.473441
1511.769190
1529.270221
1578.262706
1565.989971
1500.470250
1580.399691
1555.415324
1457.682515
1533.909676
1549.445926
1453.878898
1557.770456
1691.738132
1549.909074
1658.336868
1575.646973
1517.224338
1446.276706
1467.315015
1582.175000
1487.279151
1443.170118
1618.275368
1610.382529
1555.920559
1564.767270
1696.288044
1628.062397
1498.502618
1595.220250
1604.943757
1546.301191
1587.518426
1718.927941
1521.502309
1431.069626
1632.400515
1513.773765
1599.826147
1722.900485
1568.066348
1515.408324
1470.126824
1480.310912
1603.127147
1572.019835
1499.728412
1616.630676
1584.659397
1576.105853
1540.201880
1604.759368
1498.488765
1664.348941
1402.480779
1546.478264
1487.213221
1488.385926
1543.323750
1571.697485
1451.673059
1606.570779
1656.659206
1435.046265
1495.864853
1494.695517
1631.396221
1556.284588
1514.192088
1499.327618
1527.761400
1649.866882
1531.459176
1511.932059
1629.985750
1471.611446
1663.075426
1537.105368
1510.136176
1515.075779
1474.059447
1458.841221
1454.002735
1555.814265
1502.385897
1424.794846
1589.159574
1679.212485
1628.597074
1633.700103
1466.973538
1565.465926
1560.830235
1591.147471
1584.809353
1571.988672
1413.774529
1519.768529
1622.871559
1632.487529
1621.026835
1598.485368
1453.756809
1605.435162
1677.733721
1521.617425
1474.209235
1646.616721
1574.851353
1409.254147
1498.736794
1505.486353
1576.221397
1505.166118
1495.538000
1538.584163
1563.439824
1474.848132
1498.910544
1472.581147
1405.403105
1533.552544
1659.903471
1476.529515
1550.489500
1570.406783
1602.038338
1605.433015
1597.874647
1386.770294
1542.162329
1600.656588
1547.179426
1512.432868
1596.025088
1467.134639
1612.881603
1532.811412
1431.428353
1573.498206
1548.778361
1550.329691
1670.304235
1593.098912
1511.425882
1537.917877
1623.270882
1491.458397
1550.823029
1560.824926
1466.835069
1555.668132
1603.594500
1472.063956
1560.398735
1464.761733
1523.979368
1504.008779
1555.469235
1550.852250
1466.056999
1660.194809
1572.175588
1470.924735
1493.341118
1598.073250
1492.299397
1578.497853
1560.012882
1542.089721
1525.323060
1497.795059
1586.605279
1660.176603
1507.163941
1594.477003
1482.106912
1540.249044
1562.208691
1493.520368
1512.640872
1500.240544
1590.850735
1561.575103
1574.147706
1447.381711
1537.500441
1611.407882
1550.523162
1570.014750
1603.998919
1561.750941
1543.115441
1527.791456
1540.809279
1548.416523
1641.294309
1579.400176
1435.933088
1538.196294
1548.772627
1546.377029
1543.862206
1504.393265
1479.688397
1467.214820
1624.044853
1494.360735
1588.077221
1611.408176
1507.990218
1548.658235
1619.327206
1606.648603
1525.273147
1508.449690
1639.899074
1494.149221
1540.609750
1627.749441
1608.245927
1541.026029
1570.573353
1557.410088
1472.041500
1495.157443
1559.521147
1555.675456
1515.513000
1597.470765
1533.913547
1609.126235
1557.298735
1573.265191
1461.327353
1451.633755
1484.986250
1538.554500
1545.789662
1454.527309
1400.494609
1530.803956
1533.791176
1496.141897
1533.650735
1486.866272
1615.397721
1615.525485
1616.877088
1381.400559
1399.642362
1522.853765
1592.955191
1532.439000
1535.781926
1396.866701
1541.870632
1603.016147
1540.092103
1571.607926
1504.321364
1537.512559
1503.209706
1556.046618
1380.730279
1528.999895
1482.425382
1532.192794
1624.204279
1486.598147
1431.006926
1577.591221
1554.249412
1531.394147
1631.961559
1519.146339
1618.975118
1476.027647
1577.273912
1628.260471
1416.635267
1485.154691
1525.653279
1566.186500
1609.193647
1509.080680
1551.732559
1645.749118
1589.674456
1537.813265
1493.068520
1423.418309
1410.108029
1488.031353
1499.628044
1480.721374
1648.363750
1604.060059
1668.713574
1710.586956
1544.751699
1529.276515
1414.899926
1603.757662
1569.403868
1522.436612
1723.313500
1614.502779
1669.624294
1610.184353
1521.371908
1645.155691
1534.467485
1659.367162
1643.462721
1553.335174
1554.292500
1509.795029
1516.244235
1578.257088
1527.823469
1580.660544
1634.744574
1459.657162
1481.359250
1429.309662
1481.304162
1551.626162
1523.471382
1572.771147
1445.438560
1556.302941
1642.452515
1577.272912
1614.489324
1488.244694
1710.726059
1559.861824
1626.758618
1492.986221
1445.907504
1467.373074
1560.968838
1541.353691
1593.726662
1623.145726
1613.012132
1424.807059
1506.341221
1534.371941
1600.473772
1406.788221
1539.030074
1531.501941
1566.536500
1526.957332
1644.527662
1507.141500
1519.943824
1627.156397
1431.261613
1576.420221
1575.997515
1560.750912
1655.940912
1656.080261
1488.949691
1631.125868
1544.836279
1615.092368
1604.921542
1409.485147
1527.066074
1657.707515
1646.742368
1603.671440
1418.774956
1606.368691
1506.115044
1668.318456
1544.136574
1483.269794
1605.417412
1542.468750
1591.932574
1526.475208
1495.306338
1601.645632
1633.566353
1635.220765
1478.153915
1449.744426
1547.404147
1515.865250
1610.518765
1536.477019
1621.665118
1618.690676
1513.912500
1456.194324
1471.727565
1541.288676
1597.117941
1543.176397
1599.553853
1544.316699
1469.420779
1548.956279
1551.648206
1587.654147
1467.256406
1627.101074
1533.960250
1535.030941
1600.750485
1463.281481
1666.908338
1543.511412
1646.363735
1649.979676
1638.797423
1603.090235
1568.195853
1521.145838
1589.119265
1579.143910
1549.051941
1542.446529
1683.703074
1624.155779
1491.580514
1592.871382
1504.528765
1602.335971
1567.933809
1502.376574
1612.605206
1563.259956
1444.099529
1502.605309
1575.300488
1545.685926
1588.966441
1545.818632
1452.708485
1517.937048
1606.596324
1624.115500
1573.736809
1488.200794
1382.745034
1534.624632
1685.591691
1563.939368
1534.592000
1570.964653
1505.259588
1527.091941
1593.799779
1488.290897
1452.690625
1482.277426
1502.534500
1483.477426
1547.763294
1542.474039
1544.479735
1507.004485
1604.312985
1555.849544
1491.373511
1526.887956
1483.156706
1510.185441
1488.585824
1562.647938
1435.336221
1521.363941
1627.872971
1525.503338
1574.647866
1516.975456
1497.868485
1479.721206
1605.453382
1520.020985
1443.475956
1473.661015
1564.892882
1521.157824
1457.994487
1612.457662
1570.733838
1436.419706
1568.852559
1498.194620
1618.868603
1560.556191
1516.524912
1615.373132
1495.887519
1537.773368
1617.587279
1614.487382
1536.019206
1469.124108
1561.744779
1585.050544
1537.257779
1595.373662
1532.919727
1622.768103
1588.055029
1538.920985
1487.428250
1444.044391
1475.560529
1468.977574
1557.337956
1556.510559
1431.404510
1526.374176
1595.818044
1522.586118
1582.959382
1522.586570
1428.414235
1632.581779
1575.885500
1526.776456
1435.923174
1535.318735
1531.691853
1540.786662
1477.815809
1496.842558
1557.597735
1477.272235
1562.020103
1604.529324
1556.873706
1484.175309
1524.059529
1459.943618
1541.402515
1533.111267
1629.746426
1463.997485
1568.977721
1533.975868
1549.979768
1487.894647
1559.407691
1555.419176
1618.299294
1601.821990
1502.064676
1527.856897
1593.249735
1592.310706
1589.258138
1466.343838
1512.919765
1440.747824
1567.265191
1506.355757
1493.316397
1630.112397
1574.709588
1440.583897
1571.501288
1619.171118
1599.322471
1569.403382
1576.794794
1450.697363
1559.240044
1583.188529
1409.790515
1554.120544
1403.510717
1426.522132
1502.783426
1547.991338
1564.141632
1564.808057
1630.011456
1605.122000
1590.474750
1626.071015
1517.214220
1558.927912
1621.401132
1505.804044
1546.057441
1466.865472
1449.937603
1528.309735
1495.280015
1547.142691
1436.307973
1573.041221
1510.283338
1519.704956
1571.827662
1406.593621
1549.907706
1539.135235
1470.740559
1624.721088
