1915.791941
1884.921912
1705.388265
1744.234250
1750.459613
1794.669029
1854.984882
1810.706044
1800.091868
1718.888320
1768.630735
1957.352559
1746.210706
1867.834103
1698.731057
1891.363397
1802.866868
1734.659500
1764.428971
1814.163588
1798.686206
1790.227162
1800.033471
1823.540603
1825.330074
1882.649309
1882.119397
1731.644382
1718.047368
1784.694267
1825.043779
1717.488324
1773.472368
1739.208265
1717.819813
1689.338456
1932.015794
1756.939471
1732.245397
1812.487682
1771.424956
1830.241397
1748.729412
1820.987029
1693.169756
1714.119500
1752.765559
1850.998926
1902.350206
1787.858655
1738.687603
1810.121750
1754.630985
1770.603206
1748.968421
1591.351103
1831.487721
1772.662485
1776.013059
1833.140569
1796.807044
1853.188926
1789.549779
1818.333956
1872.250306
1884.753074
1791.100000
1877.860147
1811.808618
1677.876322
1957.767015
1730.556897
1796.967750
1713.854647
1780.633971
1730.228132
1840.147735
1682.075265
1964.120691
1816.131222
1871.115485
1759.061382
1841.757294
1822.031529
1778.735165
1633.119397
1814.851603
1825.978882
1822.230750
1664.459386
1781.995838
1782.633397
1805.988691
1833.176912
1860.934991
1810.587338
1815.390838
1948.909676
1859.425471
1767.366051
1933.440897
1736.315147
1726.976721
1806.839059
1797.974655
1692.133868
1799.511779
1746.511250
1697.777971
1753.893451
1841.929191
1811.461985
1819.968574
1716.662868
1744.894202
1745.303294
1799.221691
1775.997235
1710.318868
1779.914498
1764.903471
1804.112632
1669.760559
1847.723868
1689.672367
1701.263529
1756.152750
1635.471059
1652.759794
1737.187324
1691.662162
1893.496750
1831.025044
1869.340721
1683.245369
1838.231706
1740.688809
1861.438985
1813.464265
1810.464915
1655.616426
1882.733559
1756.399309
1845.375544
1735.018813
1726.401882
1752.018250
1895.176029
1822.011838
1668.061432
1694.219853
1852.128721
1826.269294
1676.943971
1660.977478
1901.519559
1866.208456
1735.885147
1643.714691
1659.743038
1800.315618
1800.751250
1694.810250
1844.269176
1903.620701
1791.231632
1936.091559
1865.804765
1620.118941
1710.092629
1776.255118
1816.286838
1720.593500
1725.245735
1846.731910
1807.667456
1760.944824
1709.345544
1864.536588
1765.369514
1761.829162
1785.961662
1802.264118
1742.824588
1754.618486
1688.053074
1744.962088
1817.691382
1869.862897
1715.050032
1807.578426
1705.806191
1903.396618
1807.599574
1736.556710
1824.657691
1762.377338
1726.026294
1718.178118
1726.400858
1848.971809
1760.822294
1708.820721
1811.689456
1771.816433
1659.544897
1819.335926
1725.723721
1998.635368
1792.403037
1901.431897
1895.056191
1779.371368
1612.837824
1753.471612
1746.706721
1789.110735
1730.849279
1947.924000
1699.308525
1873.314235
1859.426824
1741.806912
1761.580206
1823.501527
1749.962824
1862.590809
1804.616956
1762.534265
1682.063425
1711.552382
1694.265588
1798.513618
2001.457603
1730.593338
1833.155706
1782.014015
1809.451088
1903.256162
1729.111384
1898.643809
1778.259971
1692.941515
1847.238221
1745.850824
1700.760003
1928.086529
1866.411103
1881.812191
1796.163603
1676.314475
1819.750721
1856.739015
1883.987632
1862.865618
1627.593564
1831.645147
1711.051176
1751.490368
2023.213706
1730.163316
1733.990559
1915.478750
1863.697941
1715.704515
1783.169273
1757.392735
1774.151132
1819.713618
1840.949721
1748.794216
1733.672515
1804.393235
1907.622618
1942.641706
1781.689188
1735.405824
1837.091221
1812.071265
1853.654926
1776.700307
1774.362471
1650.057721
1940.462779
1737.573912
1772.540205
1727.367794
1732.772309
1965.608559
1782.133456
1782.000456
1676.011662
1726.732706
1845.537750
1863.080162
1860.064987
1897.016676
1713.547706
1793.111588
1734.399853
1708.554400
1743.857588
1810.027132
1724.082235
1842.108824
1793.597534
1902.911765
1811.327176
1706.406015
1914.333985
1718.140859
1786.080426
1739.634809
1610.791074
1757.329941
1763.396081
1736.622824
1818.509765
1781.076132
1726.257632
1699.710920
1750.876882
1874.883221
1761.659471
1769.596882
1835.981172
1886.190544
1785.308074
1854.043706
1725.656676
1684.827879
1770.922221
1721.744000
1780.711265
1898.931353
1965.375013
1818.383235
1801.562529
1926.179779
1839.534838
1785.305397
1805.866206
1694.129118
1825.505794
1911.074221
1684.746163
1879.994632
1830.338471
1717.908118
2040.843000
1827.951149
1719.883897
1812.793779
1941.517956
1876.017691
1720.403651
1694.627088
1794.938250
1883.133941
1803.014044
1807.283682
1775.601985
1764.689926
1840.471368
1677.472897
1675.535580
1903.674485
1747.212897
1768.609338
1818.481059
1811.264640
1818.998338
1910.454735
1860.213221
1882.670441
1840.434347
1880.597206
1924.756794
1703.312471
1876.275118
1792.538922
1893.631147
1789.067353
1763.277912
1786.277250
1825.760394
1685.815221
1873.745382
1861.755353
1831.727926
1824.684543
1675.843235
1545.412412
1828.759426
1818.857353
1817.170500
1821.717971
1766.880515
1715.009750
1768.152397
1650.260810
1769.241103
1902.142485
1828.559765
1801.933765
1694.527106
1800.855588
1630.695000
1814.195294
1853.619059
1778.012681
1726.140632
1769.567294
1788.491824
1781.009221
1718.080373
1781.529574
1747.565265
1854.126162
1757.756353
1808.965125
1883.513029
1793.956191
1802.697250
1797.474235
1814.358185
1859.533662
1776.237500
1848.476735
1816.449353
1732.279730
1736.197000
1735.361118
1901.966074
1910.118485
1735.066629
1903.614088
1830.649765
1944.986132
1794.712721
1855.236968
1757.289941
1777.406456
1836.602441
1833.031118
1849.145028
1786.103559
1780.861279
1771.762294
1768.297426
1772.687500
1713.692221
1753.122985
1689.061324
1773.678515
1713.276752
1755.647868
1750.285397
1981.151926
1757.702735
1745.453297
1758.007456
1773.792794
1754.407662
1674.033868
1756.701666
1785.890794
1906.254912
1787.099206
1837.288235
1756.016197
1719.617088
1728.178162
1794.837015
1822.850662
1743.022037
1813.789088
1750.202118
1821.577544
1768.268809
1725.757141
1807.344265
1825.801441
1827.079162
1856.061250
1850.740201
1797.555221
1913.729824
1809.428706
1754.849309
1792.953673
1763.500221
1938.128074
1776.768059
1743.431471
1666.753719
1799.255676
1822.360221
1702.378676
1806.344809
1793.322500
1750.239250
1672.071074
1753.397176
1755.498632
1660.683707
1871.382338
1828.810588
1820.999765
1806.400691
1747.991252
1777.621250
1759.280147
1748.527721
1804.974985
1740.554577
1735.012632
1866.536000
1822.444529
1769.256912
1611.359167
1786.256809
1940.730985
1854.484485
1745.816779
1639.096153
1775.867368
1862.457397
1833.642368
1912.956059
1863.919743
1810.016515
1717.094132
1761.475397
1749.824574
1739.335303
1806.609985
1843.301029
1802.962956
1871.932588
1780.490922
1824.169059
1896.893088
1857.049529
1725.179044
1751.899468
1815.165544
1823.739544
1770.794441
1808.327706
1767.791175
1787.685412
1853.599309
1681.935412
1789.819029
1839.370824
1752.550985
1710.978029
1767.944735
1649.117941
1726.994737
1807.872647
1871.432500
1797.693015
1796.114382
1807.295341
1832.955265
1803.532426
1832.698147
1852.884515
1738.315813
1840.975088
1723.736706
1773.717368
1746.393147
1730.301903
1802.607191
1811.049368
1795.318765
1761.536574
1798.644301
1947.214794
1724.300765
1759.551706
1856.374691
1720.037670
1721.466382
1818.081765
2047.538574
1851.948735
1674.078510
1790.859765
1826.807750
1706.256456
1709.215382
1716.768070
1932.612794
1912.367382
1793.092000
1749.564088
1636.105895
1881.382544
1690.482059
1854.791382
1905.530985
1808.538881
1857.771632
1778.660147
1681.281206
1890.308191
1803.486883
1777.896691
1801.405118
1785.167338
1735.639691
1795.272443
1766.484015
1744.518603
2009.005456
1881.668574
1733.261650
1819.704824
1707.046338
1725.903176
1755.259735
1658.608725
1846.868559
1679.290794
1904.065588
1849.276735
1768.646300
1742.317368
1924.284706
1776.338074
1807.761059
1620.793360
1862.942265
1825.777824
1807.795426
1783.856500
1614.576391
1683.195088
1857.823794
1736.718191
1759.768779
1720.326966
1811.141779
1783.366912
1737.127000
1694.869559
1766.187100
1860.736882
1826.766574
1865.504706
1859.432662
1876.850219
1832.997603
1764.886750
1767.879279
1725.115471
1862.125264
1813.164103
1747.712147
1861.552824
1750.455397
1858.454016
1808.158309
1830.218029
1847.105338
1781.561750
1768.251620
1778.936706
1816.449132
1774.830706
1792.051265
1823.043474
1856.460074
1922.581809
1856.931691
1842.937471
1639.115814
1777.873147
1913.046074
1856.923882
1879.806456
1780.421903
1823.315176
1639.556941
1926.710368
1798.455838
1753.804302
1800.908309
1931.054441
1762.717971
1833.000750
1803.569847
1738.320250
1885.076485
1855.901015
1958.807750
1811.327481
1845.796000
1815.785559
1850.530221
1832.040647
1731.735380
1815.390206
1801.154044
1805.738426
1917.063721
1676.739205
1800.733603
1712.099838
1809.693500
1786.734309
1731.733294
1747.193206
1835.519750
1871.525882
1780.948941
1724.723222
1866.170338
1924.295735
1803.480338
1794.263544
1768.402576
1775.570368
1772.433941
1669.521515
1705.850647
1700.348328
1828.886676
1887.584118
1788.290279
1814.729912
1689.563682
1773.721941
1801.457088
1806.504426
1805.205853
1657.854963
1738.298426
1864.424044
1768.139897
1738.831206
1845.049758
1695.687588
1691.026956
1643.042368
1779.585191
1758.505554
1840.244235
1717.544588
1841.874809
1767.660456
1824.450055
1868.679456
1817.847191
1988.964176
1845.771441
1711.246983
1844.227779
1859.926647
1925.634882
1831.078162
1858.021543
1840.256882
1925.996765
1750.306221
1853.688059
1739.413736
1791.792985
1782.904118
1868.237941
1859.093735
1742.724575
1862.955603
1920.335456
1781.574353
1790.992897
1634.920900
1659.139868
1790.105412
1742.363868
1755.349706
1705.628460
1853.588941
1740.605721
1809.030750
1821.698809
1980.571271
1760.117250
1855.388103
1901.518588
1783.116426
1725.588257
1702.213309
1785.587059
1800.687588
1810.084132
1700.627906
1855.224721
1825.419926
1841.166176
1718.350368
1725.571951
1793.178250
1830.555265
1748.892265
1826.487735
1761.663394
1846.854456
1902.094000
1717.521412
1857.308735
1997.473366
1851.819632
1853.694382
1815.736750
1832.902824
1679.779308
1701.373515
1821.422206
1712.390162
1683.136868
1793.582383
1722.884162
1740.919750
1774.444676
1752.508691
1829.605782
1731.503397
1668.527412
1812.359279
1686.563132
1789.518827
1831.357868
1902.426794
1805.324044
1689.946426
1740.443064
1632.312015
1774.661765
1763.836912
1858.321382
1632.498198
1783.809426
1808.018206
1786.484574
1744.961956
1825.170640
1821.775956
1851.022206
1799.129647
1676.139088
1738.821421
1830.197103
1774.511897
1878.635162
1813.088309
1730.760525
1889.137221
1848.929912
1819.909441
1942.319338
1832.582821
1793.304015
1839.773235
1765.167147
1731.828779
1824.551160
1755.675029
1766.220397
1708.801044
1842.301235
1674.691882
1830.519324
1710.897088
1774.719794
1752.284662
1741.855148
1846.373574
1853.658691
1819.814324
1901.612206
1767.054223
1729.823779
1722.915250
1850.509382
1824.373059
1820.036710
1803.485779
1814.672544
1908.160206
1728.404118
1695.590241
1651.316515
1772.076794
1876.700088
1775.289103
1652.324889
1787.371206
1764.120000
1814.537882
1921.424926
1791.629891
1830.073574
1828.096044
1978.784647
1714.541485
1717.112701
1786.032206
1820.507618
1624.927956
1907.508824
1854.213114
1717.240088
1737.350397
1869.045176
1751.265794
1695.544733
1835.762897
1982.587603
1806.727838
1747.618147
1704.192470
1904.415044
1713.440250
1860.525029
1902.123779
1865.120677
1730.176265
1642.897603
1705.119265
1816.673574
1672.527605
1848.421897
1838.855441
1793.620500
1777.704397
1931.531459
1772.887471
1845.498485
1870.974956
1853.124559
1732.738328
1690.330926
1885.124221
1862.357103
1675.183015
1810.308021
1699.640176
1887.387059
1738.464897
1957.116588
1646.666390
1721.153162
1863.682309
1898.401132
1782.953015
1829.324568
1784.474603
1719.544529
1850.913485
1835.503397
1590.040892
1801.398632
1814.656765
1792.797029
1929.792103
1790.928129
1789.907235
1828.573779
1860.197368
1756.665338
1753.363881
1755.180191
1809.549044
1824.545868
1726.717779
1709.798588
1800.854324
1772.555971
1861.417103
1837.652147
1717.860457
1801.840618
1893.757765
1687.186456
1727.649426
1703.815664
1827.171809
1833.885735
1750.684485
1896.373838
1795.799224
1696.372176
1795.501662
1755.810235
1777.431471
