685.503147
582.527309
709.309044
637.334147
621.649966
645.434132
674.987779
660.313706
688.750103
548.289276
623.966809
692.990044
663.646118
609.253000
595.051895
660.917779
669.070559
633.565412
628.982221
583.774044
616.793794
653.219412
586.959235
559.630324
593.181736
667.398721
623.756559
646.072691
627.339412
604.706649
697.122441
583.375397
647.007750
697.824618
616.808842
688.409456
563.330176
673.529265
660.162971
571.935137
632.104956
578.508779
670.132853
677.232985
584.686933
673.347044
722.177015
643.930235
562.560485
646.273361
670.378971
668.106882
659.063750
720.021353
604.748965
550.484382
596.505426
633.885162
673.629221
524.408775
647.316221
682.241221
615.031971
607.426721
620.018659
609.653044
631.254250
589.331882
584.970676
670.733955
640.548559
636.410838
578.143971
597.522882
606.546294
596.416956
648.729074
556.705676
665.073529
573.373928
665.858235
641.734412
687.237368
692.878309
534.613312
651.179279
619.134015
673.497294
659.738206
589.350445
653.517735
711.457000
628.916985
591.155162
599.857432
588.008853
616.516544
632.960765
636.841912
568.169742
640.306206
589.185235
649.185574
650.762588
566.764979
599.776221
720.821647
671.097338
677.413647
639.394363
649.596044
672.491162
687.624221
677.164471
677.839879
654.872176
619.964059
646.425529
615.739015
504.249659
693.960147
692.478147
602.567294
628.655088
535.774470
590.007632
604.697132
610.611853
681.846676
543.137059
654.558794
697.996912
627.947809
712.403000
585.165267
602.021191
658.507088
581.243794
661.687676
632.778739
683.954603
725.369779
771.302618
704.786529
566.458034
595.729882
649.255926
688.669397
640.990029
566.999109
664.116441
613.311853
669.813912
674.891515
575.902081
686.449721
603.045559
717.712015
586.711353
527.480288
607.980118
638.222029
586.854368
675.762132
660.991995
591.457809
700.240294
561.294235
647.330059
561.344938
659.547265
608.160191
645.333618
628.598765
569.384381
663.780250
726.236750
660.754809
667.747794
599.141588
625.314176
643.694574
626.901809
589.065338
601.623354
610.048882
616.482294
672.677221
679.380985
542.729620
635.291618
603.638000
708.995176
653.512529
598.639474
594.589000
578.101721
631.858044
651.277397
512.472079
566.872059
672.576309
661.577000
679.960618
571.084918
627.586015
651.064235
615.310471
632.436809
579.369067
694.347882
704.823294
673.262882
636.568750
575.105583
654.494176
609.707735
625.415441
671.431838
616.017702
630.350426
676.735191
642.295706
580.776265
531.991983
651.311265
668.334706
688.171368
674.775662
605.940602
651.842206
598.828368
660.029882
702.571426
601.563662
670.640897
657.896809
644.010279
622.295985
634.009648
678.617515
699.801941
603.397882
671.807500
612.994721
560.308532
626.050044
579.756029
678.287441
618.828544
559.398916
649.773118
619.078882
673.463794
632.427882
575.685314
612.187279
576.523235
687.423059
713.459515
617.695125
681.975588
695.856882
641.434250
646.551632
619.167552
708.278338
694.401000
652.417397
636.538412
626.502480
703.340412
619.301985
560.968338
697.434647
627.499952
628.604912
676.749897
579.193206
684.933044
626.375807
631.225912
637.351338
683.780941
672.513500
563.818808
568.767309
682.258412
651.508279
627.613529
659.310618
678.365588
585.252015
626.271471
622.166294
591.428752
642.771412
620.407779
672.183721
676.049750
594.394930
689.478221
653.538279
706.716632
608.737632
587.465108
690.563529
737.441044
639.629662
623.592353
626.015227
671.475324
740.850132
662.595015
608.104044
606.517654
619.448162
660.571426
689.071559
666.342000
631.679229
597.815632
657.517029
664.270265
672.595647
663.985834
641.598382
651.825779
682.228838
659.150912
614.600261
652.377441
642.870721
688.159735
651.529382
589.265836
627.695221
578.317118
672.190294
645.187471
670.508852
635.804941
696.826279
624.489632
632.896206
692.799398
673.151206
674.177338
717.815191
682.124500
621.961296
698.481971
610.766162
705.967779
631.408176
651.652151
601.387500
710.680338
653.613029
646.944000
626.990373
686.408559
680.352191
660.713426
668.792397
643.889168
670.121882
601.241397
627.876221
651.056118
652.127743
567.108956
720.958162
663.329838
595.948265
635.387289
635.566662
751.048721
708.867868
655.937779
608.671996
608.872750
653.476191
637.918015
716.655000
620.311291
614.862794
660.199294
655.066015
696.413191
622.479160
650.594015
648.838044
657.530382
608.345235
607.593368
679.951941
588.033397
679.539515
655.109074
610.104178
648.999000
752.034544
646.994706
622.960809
602.604488
608.702618
645.873985
645.970662
624.946382
580.946475
614.085926
524.162132
621.771029
613.398588
568.612520
658.813412
628.662426
664.215632
653.205147
540.357772
655.020029
593.575368
664.173985
683.673603
597.221435
641.705059
639.912706
568.273074
640.411809
591.480421
630.299500
597.672235
700.864015
629.472574
626.656246
620.391309
609.542588
558.566926
684.295603
564.351601
668.841794
632.457176
652.322191
660.095926
616.880352
643.919382
682.113176
638.270191
617.211706
632.424530
612.090309
621.760985
664.480441
724.421676
570.730575
624.523279
647.387309
658.713765
707.670206
655.854915
610.269353
646.633765
732.131574
638.104147
580.726299
658.547956
657.925868
757.344250
687.391588
580.298550
642.685309
641.692662
639.627074
670.520853
667.832522
571.511691
605.365559
633.528721
616.657265
597.466700
659.424956
687.406985
634.841500
661.370382
554.175260
593.649662
553.251294
564.672603
567.877250
598.626085
688.523500
621.698132
626.887485
669.168721
630.790910
657.815206
645.457500
722.080324
643.923015
630.015367
627.091529
605.243250
621.087353
636.134426
633.831722
635.087103
600.576485
613.596838
603.035868
582.739355
671.905794
637.360706
694.158706
591.243294
606.436710
635.916515
585.802176
729.285838
679.566441
630.223858
693.031603
694.442662
630.052044
663.828426
612.522374
695.897500
710.381956
677.850103
643.405529
581.408817
645.962926
657.778279
652.510250
708.967412
609.200715
636.173632
637.644794
665.773838
648.951838
598.017643
665.467824
682.757559
687.143265
638.045618
583.563924
640.818397
632.277029
664.665426
630.369088
589.282866
686.195338
643.892956
625.398794
678.681809
632.766632
643.823265
644.201868
642.834559
567.269485
621.599648
655.749456
617.591868
633.291221
702.638559
573.187385
685.082691
708.019647
660.792662
703.582500
612.340151
633.002794
656.545015
633.386912
616.596618
659.789653
647.516897
627.727868
588.452912
594.239412
576.089580
565.061559
679.887000
721.166853
675.252750
617.493920
668.708353
688.335397
584.375324
684.066221
568.230407
593.232015
690.756824
719.070471
708.946162
644.366643
644.061456
624.676603
645.540706
717.919059
632.655292
608.413015
600.783176
625.046529
644.607206
618.899940
605.556206
679.969118
627.062397
639.770368
649.526500
576.671515
610.042676
621.953235
660.158721
627.972090
635.770191
609.891559
632.284132
690.295412
611.524621
598.828265
605.581000
606.100324
647.412647
558.464387
609.271574
666.428941
700.882441
594.468603
565.174432
692.912691
642.070309
716.157662
635.579662
559.345140
611.522985
599.005324
637.444765
632.323088
526.679803
675.395397
615.936412
667.894029
603.534809
565.146907
656.283456
642.394676
660.734559
612.526294
560.503629
641.989338
582.747632
651.626221
634.152809
567.839278
682.728206
724.175162
638.476426
577.039191
580.283147
654.817397
665.806897
528.223015
622.359706
581.803722
703.256956
724.643956
640.922721
697.307485
531.304017
696.842750
659.472559
694.897956
687.962471
579.631165
730.576206
661.460324
617.754721
664.821118
588.908549
672.504500
673.374353
745.570588
679.817206
637.392492
663.542103
695.087544
649.267809
717.566162
594.666228
633.851000
643.451662
645.996632
686.325074
586.538759
657.040206
697.968897
709.912574
650.689206
587.499378
669.607029
646.819500
631.730500
686.406044
594.264615
609.330206
642.625294
692.340691
657.354971
548.968793
631.732382
715.038000
646.218221
669.954721
612.335676
589.996176
710.233735
673.175015
652.878691
612.358884
649.683559
699.080206
628.584162
669.811735
658.314679
641.561279
662.421618
643.919044
643.657029
577.565754
652.425074
621.246691
663.880897
660.688353
622.947123
706.500912
669.775926
619.271632
659.137412
557.503742
658.957912
627.828706
643.463897
663.961662
593.204199
599.772574
630.630103
595.533824
579.224765
578.732333
741.804721
595.116691
614.105353
658.372632
653.151143
647.514647
633.791000
667.017721
621.007676
561.559218
715.600294
624.632397
617.053779
653.993618
636.095602
687.865559
653.891912
608.717559
615.964147
579.449177
643.768000
697.665015
638.510294
550.489912
612.455752
668.256279
605.636750
612.698750
612.470044
641.398606
702.771132
692.280235
633.658750
633.457588
635.141931
642.030926
666.743471
690.484471
625.775632
543.416947
630.609456
653.219750
615.410353
598.500235
618.100963
616.037559
651.554897
658.892029
589.291868
603.627715
634.478265
620.327868
619.350382
661.241647
565.429790
647.899588
625.770912
683.980500
667.416265
585.524600
619.444235
655.144735
682.546588
732.429765
602.929998
650.401235
690.327206
721.266868
669.148206
581.556720
629.162750
677.151324
679.465294
686.526588
566.003751
657.929265
672.196221
612.242029
638.569603
577.793899
728.551485
680.534647
643.779059
586.396132
595.752827
695.023515
650.805368
654.415647
671.692441
642.623946
606.788897
611.428191
685.479691
730.180118
568.356742
657.759662
725.760574
659.560426
556.194441
659.314802
677.409206
590.174250
648.052456
669.739000
577.566936
646.327647
675.585294
671.258956
609.192632
555.870643
649.716000
682.026618
644.464691
598.256206
562.785350
602.565882
616.348353
577.589221
650.484235
642.238410
665.555338
631.343529
628.346853
691.708382
642.671132
662.768882
605.766544
579.833074
731.398750
576.188678
628.397309
665.968500
670.122515
707.065691
606.236106
591.174059
653.299397
654.338926
633.112191
616.838254
650.823324
659.812838
643.586265
633.532353
634.688667
675.757882
716.329897
637.706912
635.810176
620.658272
607.652353
664.207353
663.117926
635.801324
684.676111
665.788853
679.277397
606.808397
627.969147
694.928583
715.905147
599.161147
664.149235
637.325574
547.556688
626.977897
669.334985
645.704353
648.460809
542.029439
660.467191
712.156382
654.180926
655.130485
579.033426
703.408118
609.921485
642.759647
708.217691
581.854368
652.722000
649.998956
659.289765
663.504294
667.559017
682.259574
677.321074
619.634103
634.322221
598.473841
613.421500
607.122956
591.069044
643.041029
578.206563
614.897985
668.945441
690.904882
582.034103
606.280359
653.376368
674.015721
607.196515
663.424015
633.695757
656.757529
620.841221
650.161574
644.963206
575.453023
617.729176
626.388647
646.008529
654.797500
579.038348
635.436221
638.297000
709.361397
606.181897
610.948100
636.599000
658.571676
580.696500
678.225603
569.010983
638.544382
664.265544
683.030029
589.918574
585.896338
680.741250
653.852750
614.587132
659.015191
634.239236
641.901559
629.190147
661.066324
668.394676
635.638561
617.399838
697.058471
628.502897
554.559412
580.965165
626.948015
719.021853
565.288162
640.353691
