1333.677000
1289.912441
1238.492868
1365.290926
1358.826319
1280.584309
1300.977868
1371.852485
1336.891809
1198.889835
1361.148618
1295.293235
1373.219926
1243.556191
1283.125645
1375.452618
1220.741618
1278.216721
1350.277574
1181.956926
1310.183456
1255.343721
1231.094985
1357.598574
1244.555369
1334.019015
1315.842809
1316.551206
1178.802206
1243.528767
1379.612265
1260.170059
1279.561926
1377.662926
1249.010151
1220.119456
1369.054706
1346.204794
1360.490485
1249.209049
1304.277279
1244.589794
1287.843132
1324.780691
1232.518153
1335.459162
1273.696750
1257.150721
1241.918706
1291.987023
1350.032706
1375.881441
1333.579838
1270.267647
1255.023450
1314.950103
1390.596941
1367.143368
1245.447338
1225.337319
1295.628353
1218.938176
1280.357059
1333.794750
1307.979571
1350.716618
1372.229691
1379.528809
1312.747412
1173.344234
1243.232441
1378.927868
1319.927809
1234.550456
1230.458721
1413.825926
1234.327632
1266.947015
1316.254382
1258.285781
1273.719176
1293.754382
1380.914471
1258.230191
1264.258429
1344.674926
1268.727382
1267.358074
1314.292015
1171.320136
1398.099294
1414.708397
1320.397574
1348.488309
1229.287608
1244.626382
1361.672485
1246.393059
1392.664324
1266.916169
1388.111368
1363.569824
1506.723162
1228.362147
1264.959861
1373.279618
1320.801044
1245.354338
1265.248897
1308.853848
1241.258147
1388.879985
1345.662397
1276.883515
1313.802732
1300.386632
1264.688956
1277.049632
1257.314750
1350.454218
1344.054294
1296.253279
1452.026456
1212.615926
1254.846367
1302.757853
1298.803265
1337.780779
1263.834088
1268.657692
1349.562574
1368.672382
1311.692956
1348.753176
1259.743825
1254.946897
1279.241162
1367.723750
1290.914235
1232.288180
1374.438765
1321.293118
1354.785485
1407.397000
1287.060269
1345.496735
1255.764750
1243.584824
1244.182676
1218.776609
1318.480221
1358.189059
1336.799250
1216.251265
1369.123537
1255.882015
1346.484647
1328.252897
1304.509015
1258.958597
1366.767426
1325.303897
1321.208176
1310.003147
1343.073672
1334.439382
1409.163559
1339.243765
1271.552544
1251.250673
1345.116676
1324.059147
1251.431765
1331.715500
1265.471719
1276.834985
1349.322647
1366.910721
1341.995779
1267.404250
1274.446353
1295.926221
1325.000324
1335.729191
1346.141574
1330.575632
1348.853779
1322.065632
1254.336985
1296.912341
1282.077309
1237.498471
1348.283838
1313.657265
1182.886195
1423.842897
1321.958971
1284.961426
1314.141206
1279.099534
1227.267353
1277.571235
1328.516324
1312.713941
1214.668859
1289.390029
1245.481074
1286.683706
1343.212324
1255.985405
1346.395456
1321.972897
1276.243441
1293.427309
1210.639377
1307.907779
1297.141279
1302.647956
1287.338059
1262.293481
1427.011500
1189.700853
1305.588838
1247.458824
1355.278806
1335.703809
1315.466279
1304.548574
1347.481176
1259.390866
1346.805412
1247.542353
1304.016059
1324.914338
1252.323324
1331.644676
1344.601926
1403.532279
1402.074647
1273.258340
1364.000824
1370.379941
1314.096574
1364.492706
1339.997691
1237.438606
1287.313941
1375.570338
1365.920059
1318.733368
1306.214181
1407.731368
1278.239000
1385.665559
1391.415603
1235.578756
1374.889235
1294.429103
1322.930471
1298.388382
1195.094683
1308.952765
1312.797309
1217.346471
1260.276074
1296.084538
1284.723176
1281.162662
1344.395691
1264.405088
1327.729627
1255.481206
1250.450441
1275.400882
1313.643691
1391.400835
1460.801456
1306.098426
1334.819132
1345.843294
1302.075542
1316.360515
1178.055897
1271.873235
1321.934824
1215.249073
1360.538353
1249.530941
1350.000985
1323.385794
1287.272809
1341.254309
1317.098485
1258.968676
1315.574824
1336.180340
1334.322265
1377.642132
1186.738529
1418.103250
1281.116003
1303.941588
1360.079603
1364.668971
1251.569529
1266.646460
1178.073176
1380.397941
1317.863485
1305.673000
1237.223006
1249.738265
1332.910074
1317.967426
1357.249779
1354.194346
1273.996926
1288.202691
1341.543735
1269.464235
1287.080788
1353.030000
1260.470162
1224.041265
1261.498676
1244.878510
1346.291162
1281.700029
1307.087794
1517.997750
1341.162423
1290.013824
1313.923662
1322.792926
1349.655662
1197.681381
1273.290103
1266.282588
1331.072191
1215.450324
1266.023985
1250.755147
1279.492059
1336.094853
1282.930500
1307.865707
1292.196235
1422.855603
1284.729235
1275.077029
1201.786649
1333.478118
1329.941956
1334.955132
1252.628382
1325.004739
1330.826294
1297.026618
1342.184162
1298.810662
1323.090549
1357.464750
1302.410265
1224.996853
1220.165559
1304.069727
1196.997368
1237.877147
1391.633324
1386.088044
1211.079817
1277.072779
1325.558206
1358.493618
1394.905515
1234.069171
1337.528456
1319.557750
1250.983206
1272.620015
1216.090069
1266.025206
1325.505338
1326.515206
1291.349706
1120.350585
1351.407574
1259.686706
1331.945132
1260.597500
1300.289425
1243.369529
1294.429162
1250.131074
1354.442059
1308.618824
1246.365515
1207.639574
1319.894324
1280.619971
1183.313898
1341.196368
1425.566676
1341.218426
1271.563324
1324.941459
1222.393074
1278.902971
1375.046441
1301.192441
1162.702298
1200.883618
1380.796324
1333.645853
1391.989735
1265.662814
1366.991588
1409.724015
1319.900485
1445.487250
1226.209066
1358.483603
1410.860441
1506.405044
1294.604456
1132.750008
1408.459721
1274.326176
1429.812147
1352.315176
1296.884142
1339.750544
1285.225235
1262.375088
1390.193574
1300.608599
1250.895441
1424.483132
1260.859544
1362.533632
1376.956307
1329.370191
1249.001779
1355.269382
1291.264529
1347.643264
1284.297897
1277.900515
1266.407029
1285.227059
1280.756133
1301.967824
1408.398853
1241.862162
1258.160647
1231.921590
1288.466324
1253.262529
1207.975176
1232.439162
1248.589871
1386.921603
1233.265985
1200.489441
1350.167765
1161.906578
1426.004985
1253.450221
1376.049912
1215.557735
1198.463241
1392.341721
1228.393088
1344.091176
1256.464103
1227.816713
1300.088176
1315.624250
1312.840368
1329.532221
1306.601935
1256.647044
1313.553088
1259.568353
1370.471235
1356.644672
1280.013603
1352.148015
1337.784294
1378.038985
1284.450144
1311.131015
1154.656000
1275.763147
1364.256956
1350.031336
1220.893382
1391.709471
1385.952397
1249.823574
1334.544176
1324.303559
1322.332265
1183.957868
1314.013559
1221.313824
1325.360324
1330.119118
1266.310397
1298.750368
1133.878870
1267.873441
1424.982000
1262.518956
1304.269985
1321.605563
1384.916015
1351.214809
1433.058941
1171.811912
1238.920608
1298.853191
1301.974206
1182.917426
1264.746294
1256.642536
1383.154265
1317.874456
1315.571632
1350.092279
1207.035302
1260.017132
1362.870456
1297.366574
1271.598176
1298.088333
1306.404971
1309.998868
1290.719485
1304.168971
1184.950055
1305.672250
1311.473235
1258.591706
1249.226265
1312.826012
1305.807191
1234.773132
1315.828750
1254.659324
1228.212999
1381.586426
1335.914809
1262.702162
1294.290721
1283.627206
1279.088118
1393.833941
1270.541441
1369.821868
1273.514266
1242.284309
1399.387456
1356.082309
1317.396485
1266.861915
1229.291853
1229.238074
1275.573765
1297.240324
1184.814004
1350.952000
1336.161353
1321.737000
1383.697794
1165.130756
1298.292838
1328.244662
1327.569632
1155.829044
1373.869698
1274.017956
1318.960603
1248.249853
1386.311088
1286.459655
1416.383853
1232.205588
1264.313676
1354.567735
1260.380598
1296.484029
1348.371029
1173.716103
1190.242176
1257.517099
1301.750441
1256.050235
1346.988221
1271.797338
1233.732733
1315.272485
1407.876338
1284.353838
1304.803706
1217.968690
1325.161971
1251.899824
1284.059926
1396.971015
1310.381398
1232.809853
1246.194353
1315.119721
1227.828000
1183.547355
1284.090632
1356.916588
1301.569309
1342.006824
1301.329371
1344.898118
1302.913838
1344.583206
1245.214662
1229.122931
1308.514779
1308.797691
1304.646382
1269.984735
1258.919403
1316.627132
1305.263765
1294.552191
1306.424088
1227.331581
1305.315015
1350.514235
1377.193868
1221.466206
1231.480685
1279.082265
1339.541176
1362.283324
1234.156941
1280.794540
1243.545853
1383.175147
1361.928912
1324.444176
1276.729173
1262.168735
1265.601309
1374.078147
1276.058044
1335.895013
1270.305235
1254.159721
1323.636706
1217.816721
1280.378852
1289.151103
1356.565324
1327.229397
1400.103294
1267.536574
1349.082162
1306.010838
1408.351691
1342.715632
1203.497914
1329.778926
1349.303838
1272.214735
1315.222500
1141.680577
1308.947368
1431.629926
1301.427926
1376.844691
1311.304093
1214.524574
1303.418265
1236.864088
1230.766103
1170.583051
1276.781529
1284.292721
1250.041794
1344.226088
1353.197905
1354.343191
1215.544971
1317.407838
1291.689647
1319.146450
1401.155088
1324.889382
1341.994559
1317.524147
1237.673908
1289.275618
1309.513279
1404.958515
1321.699029
1207.681968
1341.544103
1346.506044
1403.652412
1322.739824
1297.863631
1426.717279
1340.842221
1270.513235
1273.901250
1193.759382
1195.783779
1212.148000
1360.110118
1390.220162
1219.113590
1297.253529
1307.632956
1314.511368
1289.382794
1328.566679
1410.293088
1297.209221
1424.234912
1214.492838
1266.319239
1357.873750
1340.746265
1309.904265
1343.280412
1298.378579
1408.886676
1357.674088
1303.692000
1302.333382
1276.919786
1273.658706
1227.968382
1241.515382
1293.630868
1234.822905
1431.836118
1287.142559
1294.336662
1275.320147
1162.115554
1361.310794
1238.955824
1244.909882
1304.967838
1319.396188
1205.320132
1314.410000
1271.213250
1330.554176
1372.530351
1169.766985
1297.919956
1461.637574
1387.934662
1211.604926
1191.128441
1402.187500
1367.032647
1244.930941
1324.254662
1297.027176
1414.688265
1238.259574
1290.519191
1250.451649
1250.890897
1278.589279
1371.255397
1300.627471
1222.759283
1348.149544
1247.729632
1206.078015
1308.264147
1273.031975
1338.915985
1393.294074
1383.441250
1211.189632
1214.399462
1205.385235
1377.350088
1241.764647
1317.818206
1218.910860
1150.927735
1296.999103
1224.454294
1354.176044
1239.556435
1420.571235
1359.788647
1333.281324
1259.856353
1184.510422
1282.474838
1229.721574
1257.945529
1378.868382
1398.516511
1371.275221
1351.857706
1327.805000
1339.653882
1292.113528
1284.366647
1363.362853
1355.043647
1352.419676
1210.407779
1368.035853
1197.924500
1329.533647
1327.678750
1324.020736
1397.183250
1270.798221
1245.510544
1235.769176
1278.548693
1388.272132
1330.504250
1286.395632
1328.591132
1354.963783
1274.446162
1353.758676
1363.089971
1283.475235
1289.245049
1278.970015
1335.692706
1327.421926
1255.997059
1374.831065
1279.426221
1283.935353
1354.277544
1240.816426
1260.820875
1262.478485
1221.482015
1220.707103
1369.418074
1226.021215
1380.377338
1272.197603
1275.229221
1286.742000
1297.600319
1198.594765
1268.414382
1199.062721
1324.303574
1316.586468
1284.316191
1338.465015
1372.796941
1284.097029
1274.515131
1298.744926
1327.034735
1288.274912
1335.197103
1238.979632
1260.584074
1206.345382
1357.974912
1274.926426
1210.307472
1323.427853
1225.067426
1264.987971
1354.681176
1254.452297
1426.133279
1311.727412
1258.166926
1366.762279
1300.340548
1287.095706
1317.118618
1305.206765
1218.936779
1206.763844
1366.371588
1267.199176
1284.942912
1361.101456
1271.274080
1265.495956
1398.050368
1354.906397
1232.164750
1227.877435
1171.166500
1286.519059
1329.178294
1319.866662
1301.521554
1291.636868
1293.526279
1355.913985
1339.267574
1193.168570
1221.385559
1296.709338
1382.085221
1285.589279
1222.635689
1263.600838
1277.360500
1344.985603
1228.049353
1195.030528
1293.969162
1218.565250
1309.641265
1325.839971
1271.152030
1272.777485
1240.729074
1241.748735
1251.493544
1366.963914
1274.378603
1223.312515
1396.150426
1274.687574
1265.646577
1269.740485
1328.665456
1299.816691
1335.820250
1247.817813
1331.913044
1328.827162
1325.403485
1322.635574
1253.401903
1289.887324
1284.795074
1327.660500
1270.368912
1297.453390
1267.772706
1350.267559
1267.714912
1267.366029
1317.217509
1299.411662
1334.664441
1327.403544
1298.316971
1197.820628
1317.934353
1388.137485
1253.039176
1333.590632
1154.780688
1378.309662
1324.044103
1288.922221
1320.529353
1343.446881
1419.081632
1246.273544
1318.667088
1405.246721
1247.941632
1287.390132
1308.008412
1263.976000
1230.050147
1224.193854
1295.132456
1359.170941
1270.941809
1303.407441
1284.060517
1353.735485
1305.212618
1317.230118
1433.770279
1189.194857
1293.721471
1386.788132
1294.161515
1281.924706
