1784.909294
1730.398426
1646.834191
1645.513956
1615.437304
1665.961559
1762.662324
1686.989338
1649.744897
1631.886232
1705.100868
1815.820735
1536.307485
1638.408176
1633.897528
1721.746485
1624.890912
1584.763588
1584.104338
1704.177573
1716.031956
1674.225735
1761.528603
1732.869074
1661.954457
1656.221941
1748.296529
1625.659809
1648.738353
1577.730576
1718.095029
1655.406074
1582.266485
1573.748647
1636.754812
1644.266941
1710.267574
1616.408647
1590.712809
1627.617726
1601.427956
1618.581515
1685.893235
1705.052368
1624.817477
1614.318824
1704.055618
1630.521559
1710.442559
1663.784861
1630.421412
1657.984721
1645.409368
1644.086368
1653.720612
1534.553338
1611.018485
1712.196559
1700.937750
1619.217040
1780.572882
1816.050162
1685.071897
1620.514118
1740.455659
1619.537971
1611.321985
1688.393603
1755.738632
1583.667396
1698.649515
1650.411162
1630.730926
1568.137441
1591.080750
1708.025485
1651.640118
1515.832882
1756.577559
1582.634972
1740.710074
1599.933103
1725.966132
1685.278235
1655.287473
1540.339059
1695.229015
1768.765588
1799.707676
1604.674886
1625.453882
1678.851412
1739.706118
1637.857912
1737.201138
1685.151735
1740.110559
1675.675029
1637.918500
1700.311272
1723.896662
1549.619559
1521.121515
1670.647618
1721.740876
1576.836691
1621.728750
1681.965088
1588.628221
1660.510318
1675.634750
1767.099294
1744.342676
1698.546353
1496.500026
1618.284603
1721.368912
1612.745471
1639.795897
1666.660292
1546.002235
1653.803426
1685.750515
1651.463588
1602.115778
1620.222397
1636.068029
1503.678426
1562.595912
1687.419971
1557.110162
1677.299647
1524.997588
1811.084353
1688.141046
1585.871471
1694.119294
1698.051809
1725.510735
1619.774783
1732.805926
1803.028397
1536.174221
1736.833485
1552.249372
1635.134662
1768.821926
1794.364368
1650.887809
1639.465491
1624.452647
1666.480029
1645.422000
1492.526471
1643.359963
1599.793882
1658.853809
1684.541353
1624.578338
1635.659965
1724.075118
1719.113897
1573.115426
1733.123574
1735.653775
1654.176029
1741.226412
1637.133353
1688.206441
1493.665144
1659.876044
1712.879044
1681.509574
1623.889603
1693.780822
1655.784882
1680.305456
1516.862088
1764.126985
1599.502926
1634.664162
1619.447515
1622.692000
1621.263691
1574.543486
1604.888118
1682.629779
1731.766926
1684.145985
1640.439429
1729.707176
1626.716074
1701.509397
1673.255221
1599.619033
1728.777500
1673.427118
1561.965971
1640.422882
1588.299196
1669.438441
1618.505338
1546.508176
1716.127162
1618.983330
1562.075544
1740.404603
1600.711779
1753.369926
1704.004464
1835.019441
1711.143647
1749.875765
1579.387265
1544.693200
1628.924632
1744.456397
1704.150956
1698.250074
1573.966422
1876.122574
1739.225529
1594.837691
1674.741176
1570.450335
1686.390779
1806.793353
1656.869912
1643.206603
1705.693631
1545.657926
1557.932000
1627.473735
1723.322412
1660.718515
1668.488426
1686.437765
1669.779338
1712.021353
1556.221781
1706.881044
1651.944397
1541.044765
1652.091412
1660.662382
1572.655709
1712.636368
1738.106485
1766.811221
1758.006956
1518.681651
1584.153632
1598.442441
1801.633279
1698.223559
1656.681300
1731.004515
1578.678382
1641.569368
1834.966676
1559.638227
1673.864397
1731.206324
1692.136647
1609.539029
1646.911994
1616.443324
1626.475956
1684.505221
1722.906956
1651.310363
1573.546456
1710.546412
1760.123529
1707.267324
1647.403805
1575.047471
1701.828912
1594.342529
1832.015294
1626.562071
1623.551029
1641.882426
1780.884485
1595.488265
1621.737823
1532.732765
1613.789853
1820.808176
1693.627088
1616.786883
1666.430912
1542.921779
1716.601529
1802.109309
1717.969693
1657.543294
1661.927132
1562.626044
1605.159721
1537.961812
1620.509338
1694.785544
1639.000721
1794.863235
1588.851519
1703.507676
1718.592529
1665.036559
1714.438603
1604.581153
1721.461147
1548.838779
1550.112324
1705.540485
1697.697213
1692.225191
1681.917529
1698.342838
1603.851618
1700.710215
1566.948529
1753.687015
1652.341912
1699.694574
1617.859642
1733.666956
1718.787824
1757.435382
1616.226000
1570.482703
1630.953176
1693.963882
1652.471235
1794.013809
1659.314116
1705.895338
1622.485147
1765.538574
1652.608162
1652.620794
1653.486868
1662.890838
1684.647147
1743.680338
1651.751692
1689.807132
1746.399647
1687.712471
1828.574897
1688.652914
1666.906926
1613.261956
1715.775456
1801.282118
1587.319165
1599.034471
1599.735397
1739.214500
1685.708015
1639.142226
1704.825779
1670.167971
1750.545132
1596.205265
1617.864624
1775.051971
1687.694235
1743.475750
1755.671426
1747.772184
1781.007485
1746.009059
1751.715912
1790.931059
1679.372686
1805.348485
1766.540926
1591.085279
1685.084382
1619.077672
1730.884074
1631.917147
1646.085132
1728.448912
1687.517438
1579.291941
1701.640471
1633.951735
1632.976824
1752.048072
1585.711206
1444.267529
1694.891235
1653.905706
1639.249721
1720.638235
1672.879912
1567.578706
1651.909132
1558.626222
1643.543838
1824.514971
1707.914515
1694.490779
1565.962444
1685.047382
1569.487471
1699.466912
1655.528794
1573.119298
1541.859912
1681.491912
1593.395912
1684.427191
1642.347491
1820.647118
1708.021412
1677.554647
1651.020324
1592.373536
1728.557632
1666.813235
1590.221456
1675.871103
1558.711788
1665.951735
1703.025324
1632.374662
1731.375529
1679.177716
1653.212809
1574.606691
1838.547632
1738.284912
1562.850290
1744.029868
1723.892632
1768.938250
1702.246103
1632.296733
1606.122735
1612.026838
1641.450412
1710.058765
1665.455293
1723.383294
1648.833250
1759.229809
1528.061441
1613.836103
1704.482059
1743.606441
1641.852103
1586.600529
1622.999561
1591.299132
1628.251441
1820.362559
1627.678265
1626.910047
1529.389809
1652.977750
1646.603838
1611.607265
1655.962108
1649.988353
1784.248632
1661.191176
1660.624971
1763.298565
1717.304735
1582.562971
1658.432397
1675.758368
1613.095375
1753.056647
1742.744971
1701.261809
1627.748324
1711.528920
1645.983897
1678.435603
1653.186088
1681.452956
1729.971481
1778.175147
1729.582324
1706.636221
1603.440397
1622.828541
1634.105206
1719.154926
1737.379632
1649.805721
1522.046086
1691.418044
1807.500926
1654.772456
1695.957000
1712.682632
1744.310515
1557.388882
1665.794779
1692.370588
1641.846369
1700.023956
1650.223544
1700.827618
1659.779588
1659.677252
1683.478676
1658.656456
1702.752176
1753.577603
1585.529915
1606.643926
1822.142735
1645.301912
1617.229176
1596.727843
1596.202632
1763.078471
1625.855176
1554.197088
1612.056771
1662.600750
1733.410426
1675.940574
1764.483000
1690.800420
1616.872794
1595.344897
1797.693265
1644.637412
1678.561803
1713.211206
1771.479544
1669.256721
1665.667765
1667.330525
1744.676485
1623.497544
1723.446059
1536.281309
1639.300762
1640.226221
1859.848632
1580.232206
1796.996265
1627.155602
1847.836794
1806.777853
1601.538985
1661.371368
1696.271176
1578.114118
1668.002368
1637.953529
1611.049868
1458.387898
1659.810029
1733.646485
1660.936868
1710.469000
1613.957135
1714.014294
1644.693985
1688.656588
1743.629294
1652.582710
1743.604426
1589.475779
1622.227882
1575.848265
1583.861976
1645.292397
1732.564706
1651.926147
1743.773794
1649.466727
1760.918176
1616.563662
1675.005265
1696.315765
1545.193038
1591.611603
1671.620132
1786.124897
1762.881426
1651.260304
1609.728897
1685.499853
1632.076647
1558.202279
1573.818129
1769.357897
1722.560912
1668.331397
1706.939088
1570.477189
1665.035838
1594.147956
1674.760000
1745.062500
1728.383734
1737.793029
1683.752441
1500.924382
1846.883515
1765.616000
1756.078735
1563.076044
1646.352662
1724.288809
1686.493399
1633.388632
1638.324574
1926.628412
1676.856926
1682.258562
1663.995912
1559.680206
1616.128235
1624.828500
1599.468652
1755.420926
1544.104632
1776.052721
1645.466441
1704.536741
1626.705706
1762.770382
1660.630353
1611.347588
1569.699507
1667.846897
1677.983956
1762.126206
1688.418838
1492.873406
1620.890338
1739.295544
1669.213809
1632.292515
1627.437937
1659.163132
1579.899500
1662.167206
1590.338176
1695.445203
1613.408382
1705.615838
1732.949882
1774.348000
1693.247336
1679.077368
1669.929868
1673.647588
1581.734956
1730.481911
1634.110441
1546.599029
1772.128338
1688.626118
1582.742913
1717.328132
1764.365103
1609.715426
1682.817706
1695.975149
1629.614191
1654.005294
1671.053118
1679.338632
1731.334798
1689.707397
1885.191794
1721.268544
1663.363824
1618.384108
1694.365426
1839.014485
1733.285647
1755.681059
1739.411698
1792.641294
1497.037529
1726.218632
1650.354250
1620.865890
1690.733647
1728.736059
1544.359176
1631.845074
1667.440480
1733.095441
1662.875779
1711.148809
1822.265132
1664.067599
1725.952544
1720.209574
1732.446588
1688.923029
1650.121085
1650.046662
1711.143618
1701.510221
1672.344676
1649.927337
1651.019632
1585.812574
1670.330015
1659.195897
1565.612544
1540.893176
1776.504574
1739.883206
1652.563779
1595.349340
1741.681750
1821.486485
1706.285809
1733.784471
1635.872253
1674.714044
1647.070603
1612.811735
1527.906500
1684.326754
1760.053103
1723.653485
1710.711485
1635.597397
1511.924167
1664.348088
1697.200765
1673.057471
1714.791588
1535.608654
1668.399809
1687.836824
1639.292397
1625.006765
1724.080832
1572.551515
1599.403897
1610.686750
1681.294603
1709.135671
1739.184603
1606.888882
1582.590735
1787.655706
1881.821349
1713.684500
1857.159118
1805.930221
1694.499603
1745.231071
1656.984279
1617.000750
1741.149162
1731.856294
1689.355426
1643.267441
1662.188265
1672.699662
1654.557912
1680.904177
1591.709941
1657.935485
1715.256118
1699.155853
1527.488090
1657.631103
1798.713147
1667.349529
1695.797441
1517.399739
1610.410088
1720.840059
1717.845956
1743.454368
1560.443740
1737.275412
1692.709456
1713.266368
1698.267029
1747.597580
1686.910691
1708.876691
1705.717103
1616.419176
1601.223051
1608.691176
1643.410397
1685.220441
1682.829765
1572.167479
1608.762044
1705.284676
1727.611868
1681.557382
1641.701025
1690.349000
1678.831397
1698.469750
1781.344574
1721.491232
1756.828838
1742.040956
1618.008544
1730.768279
1778.108307
1669.687721
1653.302500
1813.947676
1769.708176
1624.295308
1563.560588
1657.846779
1647.510574
1656.182676
1763.364927
1655.290971
1728.975750
1679.794985
1640.524706
1650.023120
1715.064853
1561.832235
1694.082868
1576.374176
1662.738489
1698.001750
1714.298279
1642.101603
1558.062647
1610.288005
1555.098118
1607.089647
1699.771750
1762.499515
1558.744271
1493.274000
1652.507074
1607.788956
1622.220868
1583.561258
1679.181897
1656.793294
1769.725338
1589.391824
1782.005039
1775.064353
1712.373897
1733.936500
1685.285868
1586.582511
1790.975662
1655.390221
1635.429088
1807.459750
1700.749159
1587.474574
1698.561897
1744.706015
1614.557221
1662.371528
1781.984265
1623.487176
1596.128485
1705.946368
1642.908485
1588.947765
1623.357044
1742.921956
1723.405118
1656.662413
1674.014191
1742.985074
1662.870721
1787.291235
1677.208885
1570.365574
1636.013500
1691.880309
1797.214191
1603.164122
1643.949882
1757.368941
1763.220618
1584.088735
1675.474329
1640.963000
1681.814515
1798.420147
1662.951235
1539.275095
1694.768074
1731.550250
1688.660250
1773.120118
1576.937008
1581.091471
1673.599529
1748.199574
1625.359515
1658.029951
1698.209706
1763.779603
1578.192941
1751.855191
1558.396805
1615.392235
1594.236971
1789.746000
1674.044897
1452.676674
1753.380765
1696.592676
1686.998750
1638.542221
1598.886293
1710.760529
1602.685544
1680.363162
1804.697941
1638.641221
1626.538912
1650.869618
1669.366882
1656.608103
1651.354914
1714.183044
1681.713544
1750.112426
1701.402544
1748.478562
1639.519441
1676.522294
1762.466044
1681.738206
1622.144696
1611.721824
1784.923676
1727.396235
1513.453721
1759.704844
1627.028529
1722.965397
1623.225721
1707.152074
1632.461566
1623.479088
1682.536441
1767.785721
1583.975941
1611.472347
1645.578529
1668.207750
1678.883397
1793.293015
1560.838201
1682.261235
1753.013147
1641.015912
1681.610941
1722.632350
1731.633088
1795.896206
1847.637544
1656.765147
1658.848763
1704.097015
1670.431735
1704.369559
1629.617088
1506.913470
1756.130294
1647.303294
1751.031985
1726.252868
1645.668266
1633.325618
1748.571015
1561.567971
1613.473015
1565.761502
1705.023706
1691.917368
1593.718853
1682.916868
1643.206415
1738.739132
1660.742809
1577.019309
1635.686765
