3611.928636
3847.308636
3107.593545
3757.578818
3052.237517
3298.329636
3405.742909
2549.472818
2347.167000
3899.212526
3062.471364
3630.420818
3103.352182
3929.221636
2839.075534
2582.734818
3339.791636
3141.959364
3273.956091
3606.181543
1910.802818
3278.291727
3538.097273
3062.814818
3060.435369
2765.576091
3378.667182
3648.898091
2665.163091
3517.755651
3126.494273
3274.182182
2985.120273
3071.993182
3572.547568
3392.173182
4819.161727
3192.262455
4682.550000
2219.057395
2315.679000
4230.797182
3645.682727
2521.382818
3573.354222
2955.985545
3167.779182
2973.991273
3569.736091
1993.203230
4586.223455
3615.914727
2326.443182
4033.325545
1546.546966
2875.300636
2453.942636
2609.476727
3205.448818
2137.847247
2626.714818
2409.418545
2566.792818
3332.974273
2606.647528
2840.762636
1658.549909
3080.078091
2610.776273
3391.992537
2721.579364
2912.050364
3032.156455
2742.948727
4590.361909
3933.640545
2495.917364
3315.985727
2861.493909
3328.200190
2991.628545
3349.302727
3038.729273
3406.410000
2198.686017
3095.082818
4531.930182
3486.464091
3500.975364
2245.944662
3814.387364
2533.284091
3827.107273
3481.000091
2492.064852
2790.098545
2971.803000
2825.839545
3227.601364
2621.537497
3322.385273
2780.787273
2950.622273
4532.187545
2944.933051
2552.367818
2270.542364
3352.774000
3464.184455
3287.351878
2806.835000
3073.673091
3473.397364
2936.137727
2277.323977
4488.426273
3066.945455
3175.684273
2139.545091
2534.356259
3256.369182
3556.435636
3300.004545
2513.258364
2702.921994
2929.258000
3087.272000
3394.297909
2373.225909
2339.983821
2807.447000
3435.447364
3261.474182
2569.651455
3042.039557
3335.509000
3059.268545
4794.111182
3664.551364
3000.229656
3192.761545
2754.148364
2844.278455
2666.998455
3290.244847
3686.257000
2503.506364
3752.352182
2937.228000
3093.006855
3521.813909
2837.152455
2734.935455
3869.522636
2857.117591
4755.991818
4173.148818
2624.724909
2958.221182
2605.674963
3660.855000
2277.947818
3195.432000
3627.279182
2288.374426
2264.236364
3324.244455
3811.461727
3093.624727
2994.283980
3607.684636
2729.761000
2630.271636
3169.852000
2673.285807
3227.176455
4357.157273
3617.638364
2947.651182
3096.813997
2728.859909
4176.590091
3062.096273
3445.719273
2165.427278
3745.110545
3343.500273
3743.082455
3886.558000
3423.319832
2412.189727
2244.595909
3771.610091
3395.089636
2444.864295
2273.133545
3164.704364
4033.278545
2844.439273
3621.634122
3043.346091
2677.764455
3424.951273
3467.730000
2398.217585
2229.501545
2757.302364
3551.020091
2317.091273
3003.252503
2787.531909
3899.297091
3939.688818
3319.521273
2128.528966
3883.450909
3657.816091
3135.282818
3429.296727
2925.540156
2916.365364
3266.101545
3457.420818
3643.373636
2174.420710
4100.654545
3189.810182
2559.167091
2311.562273
4028.021991
3736.390000
2646.383364
3976.060909
3041.727364
2726.087909
4510.095455
4012.663818
4171.010091
2846.784909
3035.079099
3767.336545
3845.949273
3532.825455
3481.871091
3207.781636
1852.240653
3219.157091
2199.070273
3240.132909
3661.942545
2667.819844
2856.651364
3466.444727
2300.423364
4492.821545
2721.038852
3153.880091
4057.790182
3118.945000
3218.145727
4096.394861
3058.982818
3183.021818
3390.594727
3105.065545
3459.691869
2642.709727
3991.171091
2603.872727
4740.509091
3676.868060
5026.155000
3370.475182
3336.286455
3384.964727
2526.454886
3547.296909
4356.196545
2371.881818
3189.282182
3583.650259
4300.838000
2484.810545
3231.164545
2295.302545
3126.241994
4175.476000
2490.933727
3667.951455
2864.037455
2672.262912
4013.428455
3370.187636
3611.136636
4667.831727
2953.650284
4657.062545
2776.717273
3725.695455
3262.739182
2460.175656
3086.537364
3410.391091
2910.691455
2843.907636
3211.345847
2897.098636
2479.101182
3875.137091
2570.297182
3774.107310
4744.351273
4140.522000
2778.202818
2848.405182
1901.044591
3206.555182
3195.554909
3336.468455
2819.231727
2801.289145
3514.350909
2601.937364
3430.322545
3395.532636
4153.799426
3007.052091
3484.793636
3489.140636
3367.029000
2934.855798
2971.056273
2954.401455
2584.459818
3223.765182
3532.907352
3435.394636
2900.677818
2826.640909
3585.917364
2179.131361
2689.987364
2713.637364
4598.172091
3356.692000
2012.154915
4056.593273
3633.589091
3277.350727
3776.342545
2974.794469
2216.656273
2909.492091
3948.830909
2111.860091
3219.697477
4111.776636
4242.632545
3481.535818
2951.136455
1584.259395
3481.695636
2386.361455
4065.605545
3768.941727
2622.600676
2901.354727
3210.284364
3272.681182
4228.380545
3932.360685
2893.466000
2875.975636
3460.576818
3664.297455
2703.102966
3243.237818
3819.323364
3822.082909
3388.295273
3372.204974
3547.343727
2880.119636
3282.621000
2960.014818
2890.201074
3521.580182
3061.002364
3628.068727
2977.109000
2788.561810
2779.235636
3690.378182
2938.044636
2661.742182
2566.538455
2353.187909
4016.427818
3849.909636
2407.381636
1986.311645
3064.514091
3354.828545
3122.557545
3063.118000
2328.410199
2642.473364
4206.757182
2831.208818
3388.262000
3965.723935
2769.283818
3991.984636
2139.273273
2516.713545
2836.579398
3354.782000
2895.815364
4581.996727
3352.438000
2967.074588
3410.595818
3342.140545
3882.032455
2620.369273
3863.151506
2136.793909
2832.252182
3358.116818
3159.594545
3018.992878
3225.612727
2897.785091
3670.428273
3261.761182
3689.103886
2832.098455
4160.943364
2299.789364
3119.186727
2403.657804
2847.135727
3936.321727
3152.044636
3756.076909
3295.865722
3408.941364
2673.512909
3678.536364
4742.247545
3476.223730
3502.766091
3643.921091
3448.489818
3612.521727
3440.098648
4670.165182
3794.488545
3606.486364
3458.439545
3021.042202
2682.810000
2937.877818
3333.596091
3261.644364
2928.695301
3608.144273
2631.176273
3066.096091
3470.661273
3000.378764
2985.039364
2032.815000
3174.719818
3503.711000
1998.385318
2862.775091
3619.825636
3466.268455
4161.742727
1644.045781
2732.464364
4178.918545
2970.190636
2483.046818
4134.051335
2060.170455
3993.923909
3575.184182
2385.717000
2896.995889
3684.340182
2399.432636
4027.428273
3864.090273
4998.403080
2908.237273
4418.078273
3307.155909
4032.548364
2652.398270
3139.878000
3474.821636
3103.723636
2679.597091
3116.056097
2841.342364
1886.908727
2826.078455
2847.297273
4015.750741
3626.645727
2622.331636
2724.922000
3337.521727
3334.306386
2967.085455
4814.332455
1878.545182
3419.742273
3514.164486
2621.597000
3067.031273
2811.084182
3351.996545
2785.371312
3267.554273
3600.066636
2674.127909
3285.969273
3223.467139
3797.275364
2981.590182
3619.632909
2987.875091
4281.308148
3046.060727
3060.804818
3135.151273
3845.551727
3389.161338
4032.394818
4545.526727
2643.678091
3632.013273
2683.737165
3436.975909
3026.305273
2821.253364
3063.426182
3194.512082
2052.595455
4526.422727
3851.859909
3993.938727
2785.180455
3375.774182
3163.177000
4442.186000
2386.431818
2767.650190
2602.648273
2660.298273
2934.529636
4338.404182
2607.825835
2496.824909
2067.758364
2449.126273
3526.317091
2604.580935
3520.999636
3225.483273
2145.858182
2288.193000
2949.579489
3186.749727
3132.339091
3300.729727
3278.378000
2330.743315
2406.291545
4140.595364
2862.211727
2099.863636
3482.410233
3008.540455
2862.986364
3029.381000
3261.742000
2132.798787
3382.658455
2592.986273
2752.033727
3931.448545
2497.039250
3918.880000
3874.864364
3186.751909
2518.593727
2833.019531
4232.445091
3695.005182
3701.938000
4698.016909
2680.607994
3241.100545
3342.913091
2839.528091
3432.734364
2833.361639
2123.144727
3230.421455
3280.604091
3153.047000
1963.874466
3164.736909
2696.490818
3240.428273
3617.504727
3008.191656
3191.933364
3391.070000
2591.668455
2789.322727
2346.849483
2689.848636
2859.950364
2400.332909
2804.299455
3238.600219
2444.045091
2955.020636
3734.247182
3500.355091
2783.981591
3974.134000
4036.093727
3448.582364
2821.518818
3875.959509
4130.201818
3444.508636
2765.830273
3755.071909
2816.917335
3225.891273
3080.828818
2976.479455
2352.249273
2432.484616
3151.385091
3371.113000
2754.536000
2586.187636
3420.941170
3059.106455
3441.718545
4463.759273
3754.378364
3996.817997
3521.507727
2768.058727
3870.942455
3922.840273
2836.467278
2902.531091
2790.689091
3209.059545
3334.424818
2573.416378
2209.583000
2438.063182
3596.992636
2471.943182
2888.390750
4375.158182
2404.855909
2397.778455
3696.489727
3092.770031
2353.870909
3224.573818
3007.905455
3392.059364
3047.769040
4646.245818
2953.946636
4461.334182
3287.642182
2731.241685
3749.938909
3177.583000
4198.106364
3519.102818
2089.624966
3716.663909
3736.111364
3661.349091
3788.157909
3765.901884
2513.049000
3334.145182
3670.629364
2643.702545
3092.949892
1841.128364
2930.828727
2567.505455
2843.010818
4439.150355
2868.796182
3134.883455
4045.653727
2866.379727
2398.377182
2524.877818
3483.258545
3892.282636
3680.133182
1749.245554
1972.086182
3119.372000
3657.628636
3191.202727
3118.179472
3315.332000
4385.389000
2916.467364
1776.654909
3276.696662
3282.310273
3043.587545
4045.091000
2575.522818
1436.329670
2903.055545
2300.469364
2938.195818
3346.556909
3424.229770
3151.292364
3375.814000
3169.489273
3340.687273
3443.813869
3261.759818
3587.055182
3861.605182
2784.631636
2880.155060
4701.953091
3194.902818
3378.776000
3344.784455
2127.328523
3632.365455
1746.263909
2603.127364
3245.353182
4654.354622
3665.223364
3615.586818
2876.868000
3784.173000
2835.253267
3589.837364
2569.997636
3228.728091
1946.071455
2538.715912
2942.791909
3917.386909
4416.656364
3264.699636
3525.487557
3143.503455
2734.828455
3199.890909
2283.568636
3335.342838
2282.173000
3202.389909
4038.431364
3613.087455
2653.937938
3434.747909
2820.554091
3626.910909
3893.124273
3272.997219
2849.104364
3844.936909
3828.846273
4010.102545
3256.025864
3735.109727
2294.624727
3095.784545
2560.441091
3069.920509
2812.047636
4246.734273
2124.110727
3132.120727
4130.945153
2931.709545
4595.891636
3479.842000
3169.697000
3290.806616
3862.317091
3392.992727
3040.172364
2587.820727
3348.076534
4033.076000
2291.409545
3899.494364
3415.523727
3130.406452
2586.024364
2793.338636
3593.352182
3037.079545
2927.495097
3294.328364
2900.706182
3442.427273
2865.710273
2325.070469
3384.223818
3863.352818
4249.451727
3470.007636
2412.560477
4168.813091
2642.149000
3915.463364
3435.049818
4431.650395
3445.430455
3464.886000
3348.873818
2646.691818
3114.663494
3275.437455
2785.138545
4979.342091
4310.243909
2615.640503
3739.173545
2682.895909
3520.512909
3282.770364
2860.202875
3597.207909
3082.149727
3647.992000
3227.209182
3654.977065
3299.138000
3280.512727
3935.906455
3334.545182
3627.055892
3991.213273
3898.780000
4412.318364
3902.688636
3606.657446
3683.130636
3556.352636
3246.286364
4232.900545
2408.993091
2698.028727
4027.852909
3116.631364
3358.250182
2959.968099
3591.332909
3757.000273
2948.448182
1961.293091
3984.701381
3202.899636
2515.214364
2313.441727
2254.262455
2690.338571
3712.670727
3261.209364
3535.937909
3002.629000
2585.781670
4928.910091
3313.047818
3480.380000
4164.008909
2809.819224
2572.392727
3282.227636
4046.423182
4137.358545
2394.393869
2592.008727
3120.235182
4124.277909
1857.496091
4095.402151
4257.679091
3170.159909
2301.168545
2840.087273
2858.479705
3630.261909
3008.584364
3483.036273
4046.140545
2674.952168
4088.561636
3119.616818
3280.886727
2705.442000
2320.971812
3297.749273
3227.301636
4236.033455
3948.950909
2765.258003
3370.745091
2921.973091
2257.283091
3580.694364
3346.603466
3319.970091
3739.979545
4106.713091
3259.078818
3287.390747
2366.642636
3084.716000
2730.630818
2459.419000
5172.512756
3118.146000
3612.281000
2988.680273
2861.307818
3133.826310
3991.086091
2464.128091
3231.682545
3615.562636
1984.761500
3548.011000
3215.372545
3118.109000
1806.547727
2253.292327
3359.228364
3324.264818
3603.428000
1805.654091
2746.858517
3484.385273
2947.891909
3172.472364
2670.469455
2493.805889
3739.662273
3045.076818
2810.861909
3457.615818
3564.665716
3518.510727
5188.090182
4466.571636
4428.641909
2606.874724
3228.256818
3131.930636
2824.750182
3025.113545
3036.007006
3543.041818
3734.959636
2318.857364
3789.308818
3332.056378
2244.867182
3069.418818
3597.012818
2086.649364
2622.094568
3553.777273
2512.527727
3115.919364
4013.179273
