2667.680426
2733.496059
2715.651353
2594.992338
2678.992804
2484.764309
2786.644676
2696.768118
2912.337853
2502.035247
2626.382029
2891.672618
2797.976868
2693.160735
2558.234748
2738.678235
2644.243088
2754.871235
2876.226353
2558.222823
2599.633162
2839.663265
2723.710015
2647.227559
2519.970604
2978.771588
2350.098706
2554.529647
2570.530309
2690.266693
2658.772971
2598.216250
2695.685794
2509.774074
2886.585415
2532.218309
2863.785750
2505.340000
2721.050471
2525.379608
2914.885485
2506.802279
2749.687676
2884.472265
2847.716448
2654.711735
2903.746882
2894.320044
2853.869750
2692.157596
2536.469176
2674.508382
2625.665118
2845.800353
2643.911597
2612.423015
2633.594544
2859.760559
2773.206353
2586.288628
2854.280765
2579.135897
2689.301574
2644.908882
2878.023527
2712.192824
2643.943588
2628.388676
2606.849132
2492.335205
2596.015735
2746.067794
2715.392162
2795.941515
2593.973882
2610.546162
2847.103824
2645.796088
2714.161235
2591.304340
2507.276794
2543.331382
2645.658985
2630.132676
2550.148473
2940.913618
2701.153662
2753.708338
2736.553426
2803.689754
2847.240632
2642.034735
2655.776897
2772.954456
2724.265314
2611.685676
2848.568368
2804.453662
2438.685985
2724.420772
2660.947529
2792.556206
2685.119838
2777.321235
2613.736479
2458.667000
2976.141691
2785.834471
2810.253191
2684.406348
2958.820176
2561.611162
2847.382809
2816.648603
2437.173173
2606.828103
2700.489809
2715.803221
2840.660618
2676.846174
2988.322632
2681.472647
2586.481691
2715.192147
2745.771837
2703.551103
2684.360794
2522.890471
2696.379412
2696.179500
2558.387235
2727.608250
2711.721882
2801.717529
2797.137134
2732.404279
2799.157618
2945.851118
2765.292265
2699.789768
2729.587618
2698.636676
2731.000794
2508.674015
2620.673108
2715.317206
2835.410235
2819.943691
2848.627838
2551.982447
2558.704191
2597.713603
2865.923765
2742.553206
2657.603757
2749.189868
2840.789588
2571.804868
2775.835765
2797.414862
2411.640221
2650.185868
2658.227250
2616.883515
2658.613951
2947.275985
2733.779309
2662.299397
2619.427235
2742.980085
2645.204500
2565.116750
2737.489250
2718.201000
2896.695057
2803.494926
2744.316147
2504.368397
2851.548074
2613.655720
2647.934676
2842.742706
3001.377338
2636.874912
2699.868839
2727.095059
2953.308897
2565.275074
2718.273618
2677.361311
2689.746412
2813.676029
2632.438029
2883.239765
2641.942504
2750.726868
2737.161029
2718.120912
2826.014250
2615.528682
3133.215235
2872.693765
2496.853074
2659.179382
2648.072992
2558.905397
2520.682412
2748.219426
2811.006676
2781.227037
2551.983559
2891.524559
2480.764412
2733.762971
2654.873039
2441.945147
2782.225824
2741.027000
2629.249235
2700.855158
2718.473250
2777.713426
2780.214088
2587.675221
2791.562497
2779.010279
2721.854574
2741.012985
2908.720029
2725.297969
2683.723309
2728.980412
2745.325971
2753.525794
2595.496162
2628.457235
2708.667059
2567.596118
3053.973441
2483.281634
2749.757588
2660.021338
2740.541471
2943.093000
2634.596353
2714.641665
2689.671221
2850.782353
2702.059779
2622.468088
2479.811739
2840.821000
2679.797382
2751.714794
2750.230868
2597.850579
2833.690118
2629.388235
2753.170926
2861.885338
2544.189463
2783.355074
2974.562456
2700.393368
2671.706882
2514.687626
2703.296662
2709.031794
2745.029882
2729.708191
2461.867510
2623.508000
2693.244485
2705.508912
3044.378176
2512.140364
2678.168838
2748.305485
2659.708662
2891.819485
2639.667924
2707.257353
2863.756412
2478.796162
2635.239912
2608.243102
2762.837779
2893.421250
2874.540868
2638.384706
2982.954515
2467.513059
2637.737338
2702.456721
2658.374500
2571.080414
2681.134765
2837.042544
2644.178985
2475.042324
2709.966724
2754.520544
2506.998368
2690.801118
2612.397809
2894.777108
2515.568162
2796.816632
2665.384147
2589.712118
2610.067771
2648.148559
2875.982897
2631.277544
2793.735132
2518.900875
2745.147074
2492.355691
2680.921441
2529.214985
2672.950935
2940.086382
2671.167397
3053.582956
2562.517426
2540.475245
2536.987765
2858.626721
2786.751765
2897.481618
2650.802217
2641.036221
2873.187765
2751.030868
2727.066309
2511.693248
2707.615676
2592.141779
2529.838647
2537.409324
2545.360426
2964.298676
2692.025279
2732.875853
2702.903574
2637.862751
2595.821868
2790.124853
2678.514750
2453.375132
2885.139620
2772.314279
2586.885353
2671.332779
2648.732074
2708.633092
2582.156706
2540.761632
2775.883250
2432.498897
2657.734358
2810.429368
2777.326956
2771.808912
2685.438353
2721.378874
2702.399853
2614.551603
2690.348368
2719.289132
2712.711978
2923.112118
2951.692662
2767.039250
2479.733765
2747.260362
2677.812941
2613.191279
2942.460691
2760.086044
2666.520114
2808.976838
2613.447176
2742.443765
2890.067794
2613.060041
2633.627882
2638.653309
2733.785206
2767.236397
2603.792160
2409.226971
2653.420118
2813.949338
2868.392456
2879.959412
2548.784897
2570.108118
2512.075029
2696.037324
2579.301428
2801.816985
2737.435324
2472.356412
2867.380324
2637.159282
2719.197838
2692.536926
2828.931221
2648.090397
2502.765504
2574.934868
2654.604103
2769.024618
2572.947441
2605.550050
2563.351868
2730.666059
2733.694559
2766.560471
2739.733683
2380.008765
2783.802647
2887.029059
2494.441853
2858.777126
2707.808368
2797.842426
2855.562500
2917.114309
2749.990260
2616.063074
2866.725882
2712.385074
2609.025206
2576.433085
2844.528824
2731.602794
2642.385103
2638.858956
2397.341218
2692.251044
2502.327706
2915.869147
2540.040353
2782.359381
2719.235441
2624.035412
2584.526103
2689.261250
2730.271089
2481.881544
2668.708809
2593.927529
2660.119382
2510.452046
2415.542794
2719.182735
2750.146309
2856.947824
2744.324047
2789.387588
2839.940324
2630.560515
2940.640221
2673.038975
2677.867338
2706.359809
2698.825735
2668.114426
2441.881418
2599.107588
2650.500118
2774.993544
2898.619706
2620.357331
2644.059574
2752.742588
2514.694338
2613.771985
2616.158965
2675.072162
2603.512044
2823.705235
2660.358191
2567.065275
2415.937000
2656.748044
2490.379559
2840.479632
2662.216217
2907.004676
2658.944485
2591.299265
2689.122265
2804.547483
3011.610721
2847.013338
2633.933603
2600.949294
2777.455882
2674.129647
2591.008750
2810.106956
2730.281618
2818.665413
2699.700206
2772.172632
2606.267397
2668.873838
2525.484061
2831.217176
2789.382485
2650.506147
2656.177691
2585.733298
2602.318426
2844.924397
2667.594221
2702.029956
2655.689696
2631.526162
2878.586176
2730.821956
2766.387868
2686.821418
2794.859882
2848.140559
2678.467426
2601.664926
2671.917008
2945.187647
2768.140574
2503.070603
2734.809265
2552.408671
2548.071647
2678.388971
2828.443309
2647.166500
2489.118893
2737.043765
2697.204632
2599.366088
2494.773515
2512.285027
2604.145912
2630.501191
2622.749529
2466.073779
2709.097087
2678.450074
2706.414118
2732.118456
2685.793779
2872.478324
2729.194588
2768.235485
2896.047250
2619.198000
2582.660443
2613.667132
2603.504206
2431.502338
2854.887118
2532.339003
2699.246912
2732.412103
2854.533941
2781.355206
2624.702019
2677.650809
2768.499691
2636.093941
2678.117044
2694.829432
2630.484309
2570.502471
2593.173265
2567.598088
2665.259683
2588.167853
2821.256706
2919.303500
2860.502206
2557.688714
2712.434338
2592.261588
2809.244103
2914.171118
2546.671686
2586.360500
2565.243074
2573.312500
2532.017147
2679.798835
2680.856368
2827.790074
2690.225559
2815.647985
2834.694865
2893.675824
2743.369897
2703.316456
2583.804397
2604.797440
2723.089324
2744.428471
2396.977103
2762.538500
2696.596912
2733.397662
2660.035485
2680.827838
2644.604985
2584.401752
2515.419647
2656.082309
2740.351250
2835.609647
2628.414371
2640.816221
2380.912000
2774.091868
2447.875500
2550.084108
2741.465294
2634.833765
2799.145824
2637.892779
2778.823506
2708.074103
2790.706456
2745.401647
2717.244941
2664.078728
2634.362294
2626.021279
2923.529603
2637.739912
2770.323288
2777.924353
2808.484735
2900.092471
2724.369015
2678.076510
2603.335809
2767.682500
2752.279044
2832.235750
2741.015909
2666.657647
2712.519971
2663.185279
2962.234132
2774.414057
2720.285132
2607.644338
2670.330985
2583.896971
2790.042176
2716.616971
2685.225456
2577.173706
2519.488559
2771.284780
2433.817294
2531.630500
2775.667279
2649.257368
2529.526061
2743.126809
2659.951250
2710.842118
2878.995132
2598.844136
2568.215794
2754.506221
2614.891912
2701.181809
2774.717152
2567.363588
2720.993176
2579.278206
2695.187029
2658.313580
2797.000632
2759.852809
2561.118382
2750.746706
2588.863273
2662.838824
2923.921838
2725.071324
2486.983838
2405.965656
2960.355397
2825.938426
2679.502015
2775.515941
2621.997790
3008.740132
2624.338765
2911.850206
2949.274897
2515.324865
2585.288294
2635.515279
2817.785500
2603.843574
2674.948587
2817.526529
2537.175118
2752.932338
2486.712735
2785.476868
2798.687779
2661.791235
2672.173691
2672.392794
2555.529134
2757.129853
2761.670338
2649.705147
2882.400838
2682.020870
2401.324191
2504.303559
2682.827779
2454.122721
2600.181122
2805.460941
2687.038794
2727.352456
2824.060324
2543.693770
2690.493588
2894.829441
2804.430941
2562.317279
2704.246492
2779.757882
2758.295132
2672.632912
2737.144103
2764.599464
2639.940029
2633.053676
2757.092956
2575.923088
2909.185142
2591.568544
2590.566588
2648.650735
2653.216265
2490.861026
2704.092368
3139.077485
2689.370456
2594.201574
2733.569954
2809.183059
2685.153412
2615.892162
2722.122103
2589.860631
2898.949235
2688.202794
2744.713544
2868.302588
2958.955250
2561.706132
2592.384500
2619.157162
2540.051912
2758.177943
2554.955779
2722.849647
2708.035515
2679.138941
2568.170944
2852.523029
2814.676750
2709.258515
2897.887956
2586.004108
2645.970000
2690.404824
2793.320279
2576.497868
2772.706638
2766.409059
2653.339029
2752.222235
2801.937735
2675.292566
2701.168265
2677.473544
2839.957824
2773.668706
2673.693097
2559.455574
2660.811897
2663.685088
2730.625441
2578.268878
2557.376015
2585.307603
2736.179103
2573.577897
2875.884335
2733.412662
2769.389059
2606.509662
2561.010412
2532.284351
2485.613059
2742.584118
2681.170265
2386.075441
2439.972485
2649.692500
2479.900441
2933.738412
2881.390368
2565.505030
2572.634838
2733.452132
2525.466309
2406.059985
2469.921841
2893.376618
2581.449588
2584.114294
2707.292735
2871.937665
2619.786368
2576.643250
2777.936235
2606.252853
2773.514049
2871.258250
2767.547662
2699.500103
2670.384676
2827.051227
2863.401074
2668.453559
2694.736676
2601.363515
2468.607287
2565.886779
2803.617676
2742.830412
2667.796000
2542.860230
2689.670647
2560.442750
2737.424838
2635.512956
2708.376290
2638.076882
2763.532397
2460.706368
2987.768162
2544.078130
2707.863279
2705.613912
2760.142103
2757.171235
2589.005925
2736.239191
2651.898500
2646.697235
2659.172426
2748.977926
2542.074162
2732.629809
2713.310941
2782.834000
2750.723678
2786.141500
2534.594206
2624.958426
2653.651559
2667.351032
2573.277485
2777.427250
2700.327662
2562.545309
2720.731989
2523.437618
2606.457529
2758.817250
2644.232029
2704.952094
2761.986044
2572.200279
2832.029250
2871.102029
2539.074786
2359.900794
2801.670662
2648.228750
2731.410706
2542.318552
2705.294941
2852.724985
2793.032750
2860.309529
2632.903024
2708.739147
2647.281059
3033.055662
2569.625853
2456.906952
2632.687971
2603.933426
2593.217441
2897.062779
2528.611821
2544.687324
2811.554603
2864.569044
2609.440912
2728.435940
2576.204779
2696.924897
2809.335206
2727.613868
2682.914089
2611.474206
2602.607779
2628.417456
2748.206279
2541.121796
2909.721294
2647.086338
2595.340750
2692.266868
2642.902753
2773.317324
2721.820588
2881.583456
2553.356471
2593.629710
2601.143029
2614.143941
2654.262515
2730.121059
2607.129785
2831.339529
2576.469118
2619.104603
2741.559824
2831.127257
3072.356853
2528.090044
2693.840529
2699.755971
2554.936009
2531.541221
2622.739691
2907.499926
2585.468765
2704.325084
2771.363426
2608.592941
2734.016676
2607.611000
2477.030364
2702.692279
2861.245324
2757.847897
2662.460588
2730.423954
2715.322382
2686.104868
2851.752353
2649.728147
2735.293235
2616.910235
2562.462265
2677.475059
2761.817324
2730.476236
2660.145676
2896.628221
2830.638824
2556.882912
2612.768311
2710.502574
2792.107368
2769.553985
2641.434735
2646.840268
2971.582971
2809.268250
2475.469412
2623.319603
