4564.613015
4806.539647
4850.365279
4427.543882
4495.892172
4487.650074
4670.494324
4729.202132
4834.219676
4524.547261
4604.891118
4516.596426
4515.743265
5068.165456
4694.858410
4964.501324
5207.854456
4896.663971
4707.887897
4295.193735
4295.788279
4593.753324
4661.324456
4558.498382
4513.700177
3821.463809
4416.488485
4587.728897
4157.474309
4509.973414
4551.800544
4841.675338
4409.460882
4430.362750
4425.535004
4691.331691
4411.322279
4220.361456
4774.045221
4573.861034
4747.313118
4478.203882
4938.313397
4128.049956
4188.692683
4656.334750
4862.798750
4474.934971
4644.908779
4294.351273
4822.688838
4605.455132
5105.469029
4517.795926
4440.955186
4364.195868
4671.898632
4665.716588
4562.091809
4283.669511
4415.149735
4157.378294
4360.261015
4565.316235
4654.937012
4470.924735
4421.080515
4505.331294
4377.370088
4331.457396
4477.019162
4643.356279
4336.026706
4703.443132
4517.869485
4587.116441
4326.447294
4555.544441
4229.667000
4658.356693
4591.340618
4634.187735
4524.049397
4671.794956
4930.193826
4463.378000
4457.437397
4317.882074
4786.714794
4994.796342
4897.474353
5050.215426
4737.127235
4571.991500
4531.331461
4914.744529
4506.938941
4439.292059
4881.888926
4650.171963
4534.611176
4483.258485
4438.517721
4810.942426
4743.146876
4801.223250
4778.369309
4504.475279
4868.276971
4696.064892
4423.974059
4626.646882
4418.119059
4932.610309
4513.254893
4936.434632
4635.007676
4521.240191
4273.433132
4188.353983
4434.540544
4608.628059
4260.627294
4392.182456
4372.869381
4759.816779
4625.603632
4551.121941
4482.438191
4693.889795
4550.750471
4497.517074
4770.959691
5096.781162
4478.083678
4407.640103
4549.811368
4548.802559
4779.268632
4833.630724
4727.992132
4819.248721
4692.835588
4536.198779
4317.745181
4487.596824
4817.013029
4662.083147
4325.661206
4569.734109
4690.960956
4486.041721
4862.159926
4419.443191
4635.513493
4785.842118
4762.614441
4369.963471
4711.543971
4142.685170
4793.765559
4564.643544
4654.135294
4408.464000
4723.894054
4680.663603
4478.612912
4710.830926
4967.196897
4544.371614
5074.510044
4696.158338
4218.620191
4814.046706
4453.533292
4782.793353
4521.287456
4745.901250
4306.008882
4632.204485
4788.131426
4292.258603
4939.530941
4342.033662
4602.588177
4798.404059
4737.014926
4866.840000
4392.603632
4343.508458
4636.349809
4618.281456
4732.766059
4815.685221
4707.399195
4468.408515
4594.418662
4440.557779
4346.387015
4518.061299
4182.954103
4556.738485
4669.255824
4638.854353
4240.265242
4906.290574
4247.521368
4664.367191
4850.167132
4496.229155
4624.253279
4910.347471
4779.555691
4707.752515
4521.286789
4689.457279
4649.896529
4821.188794
4691.220176
4559.474658
4907.115632
4648.640956
4489.147662
4659.735588
4308.458306
4474.432368
5105.042735
4498.775412
4606.130603
4673.393587
4445.365132
4509.866603
4451.605471
4676.869074
4386.207456
4697.631382
4833.410103
4437.751500
4393.069603
4841.633060
4299.731971
4627.764353
4529.762809
4866.733044
4558.169250
4588.006753
4559.626515
4660.306265
4513.294735
4709.859735
4479.424181
4792.359500
4448.876324
5015.759897
4686.384059
4436.347432
4484.549279
4502.657721
4794.668382
4467.961735
4638.409213
4791.264603
4328.794088
4508.571382
4790.111603
4714.281052
4320.224676
4713.570750
4849.663912
4368.686485
4634.889524
4550.444985
4538.536103
4393.437603
4746.696529
5056.111687
4672.358074
4847.106618
4625.686118
4811.238382
4506.445733
5046.769515
4257.459735
5098.780721
4376.354221
4450.111176
4361.976824
4670.321353
4515.428191
4463.926206
4653.283324
4532.738103
4747.240426
4176.141985
5012.143941
4329.070252
4271.433882
3981.721132
4494.934162
4558.036176
4659.047783
4532.694176
4443.053088
4660.806368
4404.354426
4079.146593
4384.850338
4822.893456
4407.513603
4545.814368
4524.839844
4606.561132
4912.106397
4657.916147
4585.239603
4457.237213
4343.090324
4922.988882
4399.383882
4955.772544
4644.526700
4727.304162
4572.918206
4901.176015
4338.421838
4447.923216
4959.660441
4669.700882
4458.206544
4733.607794
4719.861938
4490.274691
4248.875765
4472.766676
4573.414324
4195.201145
4500.527824
4747.760588
4860.419882
4649.644088
4529.302838
5064.259471
4945.925088
5080.551735
4920.763147
4516.887177
4774.115456
4582.697809
4350.585103
4797.835882
4721.363326
4266.075603
4332.431441
4347.514353
4955.981191
4646.595210
4580.179412
4776.105618
4739.505059
4740.679103
4687.667387
4586.895191
4795.441809
5034.397000
4749.333250
4551.204183
4760.781779
4492.162515
4685.954250
4704.783750
4805.361081
4593.418397
4703.287706
4438.882662
4564.999471
4511.872406
4149.363250
4587.038676
4619.705147
4477.021353
4357.572643
4564.252000
4641.217706
4726.239368
4948.741412
4458.998438
4868.242838
4809.309221
5089.033162
4813.606676
4629.307675
4530.375691
4629.960235
4533.465735
4650.663118
4717.734294
4893.627691
4469.971162
4672.544500
4515.786397
4510.909840
4211.439853
4914.257397
4621.487015
4722.557500
4505.180209
4634.971015
4691.637529
4925.860382
4425.337721
4809.813034
4253.106353
4391.405044
5079.688559
4692.384088
4805.581432
4765.543985
4674.137397
4161.552691
4345.775706
4266.488772
4443.829735
4771.650632
4467.190206
3990.285441
4640.430538
4275.795529
4774.387882
4489.130529
4641.540265
4449.676627
4766.084559
5119.382250
4902.344662
4805.330059
4809.536379
4358.454147
4577.332529
4683.198544
4728.933191
4644.244189
4474.349588
4838.499735
4597.670706
4781.308044
4680.739440
4502.526456
4454.841206
4708.380941
4486.314132
4486.825603
4840.237294
4261.459971
5002.297265
4480.117294
4442.713002
4721.490647
4610.527456
4757.478206
4242.245544
4316.248489
4602.414000
4758.216485
5332.114118
4417.311838
4427.238343
4539.110235
4779.522529
4559.772382
4739.571471
4652.088609
4798.564500
4714.997706
4766.459912
4923.413132
4491.647993
4748.521353
4253.208103
4912.533500
4679.591059
4784.261744
4576.449632
4185.681574
4316.323574
4416.164059
4480.447642
4597.972691
4619.544412
4431.259529
4338.103706
4569.231394
4173.775735
4321.964956
4610.281971
4931.449309
4333.468586
4523.493103
4251.681824
4615.304794
4274.086809
4504.575676
4596.710985
4371.825706
4487.281926
4658.278235
4592.899942
4605.368603
4297.589324
4775.231574
4608.196456
4337.143326
4146.027706
4923.231279
4695.932397
4447.271059
4273.305460
4430.561985
4715.523706
4987.150588
4401.645706
4575.775343
4954.353971
4501.681147
4664.087985
4802.361162
4529.049536
4772.695721
4658.402691
4523.940324
4859.943515
4549.116758
4862.486559
4779.068250
4618.336971
4520.738265
4491.909436
4308.457059
4319.816985
4747.818603
4572.390868
4861.295452
4634.302779
4348.290897
4571.799324
4532.981765
4625.487247
4335.897206
4418.720000
4763.804926
4235.434809
4719.674749
4465.677588
4641.870515
4530.307515
4456.105544
5000.997926
4426.780926
4640.148559
4587.314529
4380.907941
4489.622207
5103.824603
4742.902441
4654.980824
4478.809500
4557.854017
4597.482221
4784.956721
4541.322529
4440.965706
4513.776754
4769.305706
4438.673044
4401.724265
4622.534221
4483.281050
4407.122926
4491.976206
4466.569412
4474.986956
4538.420977
4594.469471
4502.659971
4339.109765
4910.174662
4760.101861
4384.595559
4545.649294
5070.463926
4269.183765
4330.581466
4624.204735
4571.661338
4458.654500
4774.098912
4392.191761
4942.767853
4865.975853
4550.864603
4733.682603
4244.709424
4255.218882
4502.512338
4270.825897
4714.940294
4387.545690
4445.032721
4878.702147
4824.554000
4440.360676
4494.789486
4697.474824
4756.045176
4873.214897
4393.250353
4325.813781
4389.204235
4939.563147
4531.967324
4609.902779
4480.475239
4479.718618
4449.310971
4317.251618
4479.741000
4432.798019
4337.886912
4798.450779
4657.990706
4563.212632
4780.739124
4352.015647
4133.360044
4612.933838
4325.510853
4457.822243
4823.685824
4614.278956
4752.548794
4769.105500
4266.046876
4137.266015
4633.052456
4437.632088
4603.844691
4557.234672
4803.935074
4867.037500
4824.360956
4621.287603
4582.053864
4368.425603
4773.902412
4326.882559
4976.508971
4572.041175
4309.952176
4874.009882
4440.680103
4448.145294
5127.594573
4496.493750
4358.302368
4387.296265
4780.245515
4876.785913
4451.269353
5106.254059
4353.238191
4471.236103
4277.705414
4568.730397
4397.330691
4464.710029
4724.476324
4499.434092
4362.467529
4442.214809
4745.304250
4693.204897
4661.266667
4567.592412
4658.446500
4870.992294
4681.319471
4398.207639
4643.635015
4672.158088
4395.659721
4628.130103
4475.364699
4557.954574
4658.315059
4774.079382
4502.270441
4436.872642
4564.853426
4393.725132
4884.332779
4706.821721
4437.193834
4580.171235
4855.290985
4240.850074
4201.724706
4572.465291
4419.303559
4323.254721
4771.704368
4524.851559
4413.421528
4660.147221
4406.366250
4599.808338
4290.917794
4217.791971
4568.086926
4608.277235
4459.046721
4378.191221
4591.635545
5045.015647
4529.683794
4636.866118
4239.490221
4603.827473
4854.705353
4813.054868
5094.692824
4352.323515
4649.620210
4866.988191
4570.327882
4542.900574
4730.011926
4546.258461
4783.677353
4964.719412
4490.604706
4744.701956
4582.494345
4748.985750
4605.444691
4375.781882
4626.094029
4635.860641
4935.875706
4833.950794
4783.625103
4852.011603
4555.344848
4852.044750
4578.477838
4470.992603
4354.321118
4552.650923
4640.660382
4748.748500
4749.604265
4812.560559
4258.630057
4455.077574
4582.915559
4783.285412
4804.570412
4988.819602
4360.717603
4785.354971
4788.054235
4439.458691
4805.691383
4587.247882
4901.705382
4753.226132
4432.567162
4338.422781
4192.738103
4740.578147
4984.467779
4542.721956
4191.501856
5029.106897
4483.953191
4174.911853
4725.281309
4656.956960
4595.197779
4885.655853
4728.826309
4558.446662
4665.462065
4344.474500
4899.866074
4576.950588
4643.966897
4388.117007
4935.064794
4039.829971
4136.562485
4693.884500
4772.691509
4763.227368
4309.676603
5081.163897
4698.383985
4569.180951
4357.016162
4925.679824
4451.823824
4773.655206
4566.068276
4129.000294
4457.806397
4752.343162
4234.750294
4717.941204
4475.175015
4808.540721
4600.115044
4773.991794
4641.668808
4365.209044
4315.924324
4662.475809
4729.279324
4728.318604
4413.926471
4307.664750
4499.948147
4403.421794
4577.648738
4498.687824
4419.603221
4874.681588
4732.213897
4877.943754
4675.069088
4167.826265
5250.451279
4394.154118
4688.089402
4078.190956
4626.388824
4579.729603
4858.832926
4453.045345
4737.193426
4455.179529
4733.357868
4885.516015
4628.850728
4457.319088
5214.523544
4724.504382
4439.685897
4871.617627
4605.805897
4154.431515
4438.011985
4855.329059
4586.039922
4934.760265
4815.946838
4337.420382
4747.140676
4560.213953
4694.802971
4616.110074
4962.370353
4437.572029
4840.263999
4859.822309
4744.445706
4580.660721
4560.151676
5104.680853
4994.792662
4808.076500
4438.858044
4795.108044
4585.811045
5039.446618
4303.545309
4616.241912
4508.918412
4092.336841
4659.553088
4537.202735
4899.793941
4441.796824
5026.213460
4774.541691
4247.726265
4806.644015
4728.620250
4619.018226
4717.820632
4251.392706
4454.013750
4325.603206
4500.865345
4554.591750
5144.162588
4234.492559
4384.900118
4453.922626
4758.027441
4532.084588
4388.051353
4761.343206
4573.475613
4302.725515
4276.557353
4440.059765
4686.586765
4807.400187
4641.578809
4545.261779
4412.845721
4453.854353
4803.513336
4820.724500
5073.370529
4578.550162
4734.759647
4849.009720
4469.389985
4319.709368
4697.656529
4643.321735
4338.754736
4687.877118
4702.134735
4676.635221
4496.121074
4259.872443
4575.487029
4307.222676
4751.291368
4429.236794
4370.078533
4564.082191
4384.819074
4409.021779
4688.833529
4591.529490
4917.913368
4681.952368
4253.177162
4645.911647
4133.744771
4138.729676
4676.189809
4477.863750
4921.050794
4685.999169
4723.237412
4518.379559
4443.783338
4608.969441
4410.193523
3989.836809
4623.853074
4666.398750
4363.300382
4715.995510
4461.037809
4836.248088
4546.964926
4478.461515
4610.910114
4210.054015
4613.369250
4276.498500
4738.409059
4265.379248
4639.336897
4695.652676
4540.608221
5080.920221
4618.927661
4613.148176
4951.317029
4750.378015
4575.209912
4694.633913
4719.194838
4641.252250
4869.769353
4933.684647
4882.435326
5093.821618
4622.621618
4774.798824
4389.506779
4415.957842
4777.628147
4980.519456
4166.572265
4377.035353
