4046.597309
4091.529382
4119.112500
4141.588221
3873.437010
3986.820853
3936.984735
3901.335412
4021.895824
3928.073614
3634.527044
3760.576324
3994.674015
4108.023000
3800.726983
4062.111721
4089.953456
4042.898515
4030.597853
3751.627661
3722.907956
4562.755485
3805.100382
3924.704294
3818.503148
3971.294941
3680.294059
4015.404044
3849.320941
4060.964914
4247.395015
4074.207574
3629.387162
3935.529544
3826.990224
4024.238250
3926.844103
3852.893897
3820.097838
4049.248240
3918.792662
3813.073412
4185.740471
3752.917838
3967.810889
4139.236676
3781.928265
3912.514897
4161.479824
3963.636478
4075.225588
3665.108956
4455.682353
3906.130956
3721.629936
4000.212103
4065.058118
3973.626206
3936.926515
4069.650099
4095.648147
3878.662353
3501.950500
3793.406559
3950.128894
3880.892279
3827.277412
4272.474824
3869.267603
3836.488234
3725.320706
3737.302882
3954.533485
3620.369985
3955.974176
3969.809338
3750.303691
3837.646706
3873.816265
3826.285457
3748.288647
4126.526765
3770.406074
3722.805029
3627.606253
3899.715456
3905.357971
3777.949235
4035.098500
4036.879710
3831.447662
4254.538765
3778.068559
3844.278779
3995.620064
3755.278353
4146.750485
4063.945309
3927.551544
3684.507242
3915.307868
4084.694221
4352.585662
4040.644882
4040.871788
4149.107191
4098.464206
4087.250235
3867.225074
3788.780407
4006.132441
3882.586294
3810.379882
3883.111029
3919.889923
3923.321441
3799.869676
4039.163706
3895.689456
3788.018262
3955.586618
4300.325926
4153.719897
3812.813382
4108.053690
4167.803868
4329.345132
4493.469691
3882.374647
4002.817177
3969.936147
4185.604721
3998.539471
4104.961397
3672.072634
3919.680412
3909.706294
4083.648676
4069.333706
3941.819415
3781.493132
4053.077941
3811.120926
3707.363765
4020.270269
3684.371000
4363.142353
4144.157750
3777.639941
3809.812388
3741.347868
3699.307059
4099.005603
3587.208647
3827.869890
3936.599015
3784.945706
3724.847059
3809.941632
3836.790862
4069.658162
3870.024088
4093.318588
3865.314882
4042.518878
3998.602809
3980.620265
3925.426309
3911.574632
3742.011864
3982.074941
3961.483235
3986.573426
4108.647603
3738.779057
3628.325456
3775.148029
3883.242088
3731.397544
4018.804514
4078.706721
3842.914250
4073.371176
4027.074191
3712.432133
3845.769897
3676.855015
3941.194500
4054.182456
3706.922870
3736.121603
4456.116059
4190.347176
4084.021309
3576.096121
4116.096647
3941.381147
4015.962721
3983.210985
3823.868593
3764.340000
3702.618559
3951.896588
4012.749853
3884.665903
4131.254279
3333.676956
3795.579471
4076.606353
3899.358831
3877.409588
3877.004471
3806.160574
3849.613147
3654.448597
4258.939706
3895.698794
4118.021529
3805.817691
3893.272128
3908.305618
3413.690279
4015.500691
4076.205015
3879.582894
4138.134941
4022.603574
4017.775515
3860.192103
3828.619410
4129.878324
3942.261015
3839.394632
3682.546794
3811.876750
4134.730735
4184.941059
3733.658221
4046.821779
3998.669545
3561.864794
4126.933147
3800.942912
4129.331588
4076.826162
3963.137650
4089.704456
3753.515529
3646.136926
3775.314544
3906.248754
3874.593191
3880.681000
3918.662368
3607.543456
3992.548050
3618.953647
3837.998235
3988.970088
3612.579059
3856.140536
3936.846735
3886.220853
3700.419588
3796.680426
4167.481361
3510.275500
4012.499088
3797.656103
3971.139368
3651.040818
4360.367088
3830.429706
3729.519500
4237.772456
4290.080996
3858.942706
3981.678941
4092.168956
3982.770162
4198.213189
3901.219485
3763.595956
4197.638118
3846.488956
4025.046587
3740.147559
3687.009750
4046.345706
4113.130838
3813.113059
4029.266206
4205.572515
3881.209000
3683.184588
3958.375517
3553.229838
3511.049412
3740.482397
3845.615353
3699.119003
4137.883265
3906.536103
3549.846794
3382.847838
3802.319460
3968.635118
3916.604235
4045.243015
3839.558897
3673.866197
3781.360868
3979.346515
3758.409500
3978.838000
3804.191434
4356.885868
3958.041471
3944.304515
4291.377221
3401.714862
3830.982118
3488.960044
4046.452676
3795.808456
3762.483069
4036.930706
4350.401956
3994.814324
3745.816985
4182.903629
3863.374338
3718.507103
3960.625588
3839.802882
3754.191513
4052.379853
3660.920779
3921.690044
3852.083265
3994.784220
4221.733103
3899.497926
3982.536441
4188.271735
3777.574016
3723.020544
3917.797000
3983.503132
3899.357456
3665.707591
3812.264794
3867.362882
4017.575382
3827.370221
4114.325607
3874.238147
3877.973088
3927.891721
3977.629735
3985.816829
3577.914941
3961.035000
3952.199191
4042.382618
3730.991874
3667.203176
3891.048941
3914.662485
3957.800926
3723.852346
3632.506676
4108.128412
3979.153397
4081.531074
4046.318186
3699.452926
3703.607074
4077.833132
3983.457588
4061.808011
3961.411250
3712.177941
4131.850206
4336.808632
3756.401894
4174.403206
3677.859074
4008.221794
4007.334794
4136.394131
4157.353735
3750.271235
4012.157059
3733.140882
3868.366029
3999.867500
3742.699485
4054.560426
4002.684309
4226.005913
3864.870897
4170.408500
3912.303706
3860.709324
3958.772915
3680.560382
3784.958162
3776.035868
4000.342132
4077.452313
3717.173706
4058.704015
4210.105353
4075.961412
4026.300314
3793.471971
3701.267647
3523.782221
3935.599926
3686.295698
3766.800015
3720.443794
3927.357412
3520.891676
3579.380611
3795.939971
4304.572191
3851.750162
4126.446118
4125.482289
4290.239044
3918.542147
3906.330574
4065.200456
4146.304555
3598.350853
3933.504750
4099.969368
3818.085147
3844.406615
3695.888191
4058.353250
4074.635485
4213.959162
3765.669381
3889.932691
3910.251324
3907.190132
4036.927824
3970.600236
3843.312926
3645.127559
4195.706368
3816.638353
4093.958443
3975.716368
3635.484721
4163.031985
3763.634809
3750.096415
3715.047221
4123.412779
4241.361985
3800.524706
3464.535181
4078.984618
3759.504382
3874.436897
3460.186118
4098.210491
3955.969662
3823.123412
3728.473324
3945.334471
3901.992346
4018.741382
4000.505118
4031.217074
3974.027029
4176.906935
3757.636735
4033.805235
4085.118868
3792.285088
3829.803745
3874.178500
3816.359662
3778.081015
3742.088632
3813.351732
3738.247853
4025.666868
3805.761603
4043.750794
4220.483131
4178.822574
3726.896397
3883.283559
3648.359368
4075.177176
4324.506544
3744.201500
4082.407897
4311.805971
3886.680339
3713.139941
3704.511059
3927.743662
4157.207809
4125.626120
3639.470985
3896.298897
3966.375426
4289.761338
3721.680254
3913.474794
3740.824574
3922.850353
3760.916559
3665.384564
3859.671397
3780.498456
3957.748529
3812.399456
3618.861403
3966.271412
4250.115691
3875.094853
3662.537250
3627.838228
3942.125103
4010.219015
3884.356191
3830.053206
3751.356789
4161.002074
3799.242029
4106.322176
3840.651044
3871.154128
3771.153147
3996.864853
3901.587971
3948.297265
3721.159085
4146.180794
3946.218779
4262.243000
3966.198750
3880.586763
4208.644779
4194.567838
4088.649132
3777.663750
3943.206603
4010.319235
3980.534221
3895.827956
4329.280279
3833.198531
3875.122971
3912.247632
4137.754265
3924.248103
3892.760209
3958.770059
3992.025176
3937.337515
4157.704529
3711.159975
3523.849206
3952.419412
4208.761485
4036.833676
3902.032344
3869.630676
4219.548368
3734.662471
3931.316779
4079.690683
4146.441368
3691.994529
4155.661691
4107.031412
3538.285008
3641.457338
4062.051162
4215.812324
3812.436868
3651.143568
3850.430324
3719.822426
3643.208441
3856.888706
3785.023246
4260.716794
3535.031618
3914.755294
4053.692912
3835.771439
4222.121956
3887.433456
4025.443926
4096.524074
3823.881073
3785.512176
4069.693206
3737.367588
4002.231750
4096.814530
3911.192324
3893.611309
3922.758794
3923.648985
3719.304825
4078.937544
4292.338662
4111.814588
3863.794853
4118.161724
3892.779544
4000.126353
3863.608779
3736.156721
4025.030093
3832.452103
4077.729559
3752.462397
4197.778368
3776.351977
3805.613471
3810.357985
4286.147500
4160.286647
3922.245434
3908.927221
3832.187294
3960.668926
4239.857574
3784.316450
3809.293309
4163.932926
4030.707265
4224.949103
3815.104113
3926.895221
3777.267912
3888.036265
4034.731265
3599.560923
3680.481691
3928.237779
4097.548794
3934.330882
4164.397836
4020.568162
3954.958441
3987.990985
3598.366191
3945.828397
3778.594750
3805.883118
3959.744235
3933.836088
4263.034457
4230.914456
4002.805206
4055.509044
3900.664044
4303.085679
3842.918059
3758.592765
4045.360279
3842.524118
3678.336930
3611.774353
3901.767809
3793.877912
3910.061853
4106.882182
4016.492691
4214.574985
3867.836368
4109.746897
3580.429477
3513.064515
3608.937044
4008.133132
3836.158706
3359.555243
3935.542618
3969.072500
4154.656985
4004.607338
3877.228024
3912.158603
4294.980809
4193.648941
3880.964103
4133.484702
3772.839662
3924.680809
3823.548809
4134.523206
3768.865762
4045.724882
3806.585632
3887.608574
3962.521500
3717.558278
3646.432176
3785.652015
3786.879338
4128.100632
3646.687176
4229.795147
3729.822485
3797.393456
4043.832088
3869.970178
3935.157735
4243.659662
4075.616279
3827.269471
3912.394547
4001.930235
4024.601544
4020.107882
3723.712500
3865.569475
4057.196059
3730.946971
3968.016132
4152.648765
4006.660726
3805.851206
4082.741000
4044.513735
3667.364971
3957.798727
4038.391382
4005.800956
3605.769324
3828.746426
4112.702479
4066.087441
4156.729221
4290.154824
3979.868647
3804.192142
3890.292485
4037.676118
4077.086647
3605.301221
3776.637835
3644.212574
4139.437397
3891.250044
4068.146676
4015.152557
3730.275029
4034.121471
4027.141338
4159.700897
3980.088734
3599.964206
3913.016088
4061.962015
3470.092397
3679.637192
4048.645588
4088.413941
4007.532412
3956.980515
4030.129884
3796.005588
3717.131059
4203.963941
4111.682206
3572.335944
4028.792088
3896.911412
3726.653956
4035.465544
3965.610063
3963.737897
3835.315118
4152.685324
4009.477324
4174.516432
3867.316985
3879.279000
3831.072897
4140.650647
3821.845640
4106.101515
3654.845074
3663.792353
4120.385044
4264.535465
3816.989000
3959.773559
3738.531779
3757.758603
3845.993363
3908.024279
4239.782926
4106.926618
4083.249147
4039.370364
3689.360353
3954.602368
3983.839132
3756.324500
3702.772983
4207.310721
4282.682044
4201.366162
3875.512059
3553.793088
3640.770794
3804.123691
3912.710368
3774.071485
4070.473001
3914.669853
4047.184706
3788.741941
3911.735632
3779.060767
3975.057324
4091.882794
3729.256632
4068.658176
4005.637033
4238.526985
4012.672882
3936.467103
3606.693971
3794.735476
3784.602191
4018.437838
3722.490853
3993.999397
3976.881242
3829.226250
3821.767176
4247.709279
3792.866721
3847.490434
4422.967706
3852.408485
4102.020368
3924.171735
3828.299730
3965.467368
4024.315868
3983.805176
3713.238603
4260.378128
4036.419676
3962.432103
3665.032059
3803.962397
3938.257556
3747.158559
3993.403956
4039.554765
3949.188559
3847.790896
3971.049426
3837.452765
3788.808029
3931.789868
3977.820074
4211.270838
4030.900059
3982.092868
4079.617221
4036.803825
4034.789632
4058.375118
3978.583897
3625.333029
3876.317017
3760.582059
4110.924897
4126.288735
3824.709706
4053.590431
3855.316441
3790.570882
4144.378544
4012.492735
3922.591476
3766.410235
3757.031515
4055.962426
4111.256015
3839.360139
3699.946765
4037.251015
4053.317044
3815.784147
4615.491699
3820.086029
3868.944235
4078.403735
4022.756882
3775.809877
4158.519162
3989.257368
3855.226647
3934.513206
3626.469776
3924.434074
4076.032074
4051.320529
3755.552412
3739.151248
4035.785191
4015.892324
3901.236074
3948.838662
3971.681852
3689.814368
3545.554029
3821.595897
3872.660544
4197.936706
4057.512765
3901.522882
3678.896059
3913.413441
3791.337193
3528.409647
4063.745294
3780.998662
3758.604397
3793.698886
3764.806000
3778.258750
3865.779603
3774.763647
3930.584093
3773.086912
4210.897265
3955.294074
3892.326559
3860.314727
3935.065882
3908.304632
3884.187574
3691.223015
3678.851669
4235.491544
3724.995838
4063.641985
3950.003265
3828.843523
3739.873706
3856.232838
3775.240706
4016.523691
3888.162113
3871.365824
3793.035397
4160.417721
3831.343500
3950.483688
4186.628059
4031.338441
3855.789368
4140.632015
3982.998131
3988.364176
4045.410368
3910.831162
4106.921721
3688.544044
3537.713338
3980.558044
3792.621662
3971.315721
3841.511398
3759.541985
3884.536500
4136.584176
3804.074176
3801.625061
3992.983544
4104.010500
3678.498559
3924.196015
3980.875092
3999.603691
4035.237809
3807.023088
3933.659765
