2226.348000
2014.474103
1913.061088
2102.918471
2147.893848
2267.547632
2132.911471
1946.983162
2213.119000
1897.264747
2120.844294
2242.794779
2130.188265
2175.007412
2110.554704
2112.264956
2150.512382
2180.224971
2223.554853
2107.172426
2054.688882
2179.630956
2088.040118
2206.096706
2123.212324
2184.612529
2168.724324
2031.952353
1996.060588
2189.741664
1986.953618
2124.601735
2121.582618
2091.654971
2172.701121
1908.248147
2075.387426
2086.385250
2185.501926
1918.516652
2188.874809
1975.525412
2146.398721
2068.422250
2213.717918
2004.771897
2035.973059
2069.715956
2057.499279
1830.767052
2011.425897
2024.474691
2123.188544
2095.736926
1938.993289
2115.523500
1977.981706
2241.541324
2194.895824
1914.750246
2009.557103
2016.352676
1994.840618
1977.412926
2071.046703
2036.297618
1814.978809
2120.249647
2038.756588
2098.904160
2005.775794
2227.380044
2075.955118
2140.215809
2083.746412
1968.463721
2057.573191
2134.963206
2116.256147
2063.369413
2096.702176
1932.445059
2146.738426
1960.648662
2208.090473
2143.012574
2085.457971
2027.048750
2147.616471
2223.329092
2120.402412
1929.658221
1997.650471
2100.300706
2019.762756
1942.014750
2007.412588
1966.524588
1914.355838
1876.134022
2182.481779
2081.615353
2006.056088
2209.347971
2204.856244
2060.134324
2077.854750
2145.230471
2161.819456
2250.622730
2133.389338
2069.552985
2134.134588
2044.160662
2031.703585
2119.455279
2166.437941
2010.553515
2076.040529
2021.477807
1998.518662
2128.556676
2104.487132
2191.030176
2097.066793
2050.197176
1992.620441
2012.678794
2206.076235
2041.670500
1872.562044
2114.975456
2175.732221
2141.754706
2067.720619
2010.539059
2095.175088
2142.663618
2171.471059
1979.861783
2048.541515
2044.309574
2163.648926
1930.623485
1939.098725
1963.138279
2097.355191
2058.126103
2084.599632
1906.576432
2268.055441
1920.574824
1950.243985
2127.681824
2042.070463
2083.875485
2126.260559
2087.070338
2223.688574
2122.028244
2010.823809
2096.858059
2044.207897
2179.342779
2017.651922
2267.555500
2000.308059
1970.300779
2090.760456
2252.994570
2132.720897
2152.205103
2191.790603
1974.698368
2202.189719
1932.012971
2070.704926
2026.963029
2060.462676
1996.955044
2111.926147
2272.960882
2378.338706
2137.584221
1993.260957
2077.859235
2164.369853
1999.455574
2164.591353
2001.252046
2196.813294
2065.447147
2086.800882
1995.674206
2204.396636
2172.363500
2094.620000
1987.953588
2142.626500
1900.203005
2096.341353
2184.853676
2046.571956
2012.489250
2101.379771
2153.221132
2099.811647
2017.885765
2145.493500
2136.808993
1975.934250
2109.556074
1930.347088
2004.558676
1943.747847
1975.276132
2120.832603
2209.413897
2110.983721
2125.701040
2204.992250
2050.949441
2085.878721
2056.807221
2085.375277
2193.762882
2070.780853
2195.663029
2040.078971
1897.525807
2132.081559
2142.095794
2166.323647
2057.751044
1964.805574
2133.369250
1942.910544
1972.528735
2176.750118
1968.588178
2112.392941
2035.298765
2119.358735
2064.823324
2002.437162
2127.620400
1899.730691
2093.783765
2176.657029
2019.704162
1977.338607
2218.604515
1929.526691
2099.514147
2023.873868
1923.793594
2334.691912
1963.123162
1999.676588
2177.099574
2003.009551
1977.667956
2198.803735
2054.979015
2170.049824
2004.154185
2271.055162
2087.052191
2136.084353
2088.396618
2054.850495
2143.612632
1902.569265
2065.381779
2124.576426
2134.220732
2129.422574
2136.341162
2169.967044
2131.317574
2139.287248
2018.233838
2074.065838
1978.171353
1982.831250
2085.969293
2053.837044
2186.698971
2147.134132
2148.830412
2090.986515
2081.241603
1994.104162
2111.763691
2129.305309
2032.983134
2130.284926
2400.359941
2029.797544
2030.997618
2046.197180
2180.840779
2115.789779
2062.120750
2064.554426
1987.374402
2033.866603
2092.216662
2089.925971
2125.326500
2031.437932
2095.599221
2281.319515
2089.008279
2096.336353
1987.470904
2015.035235
1934.465515
2336.124324
2048.485632
1996.767862
2191.466103
1906.942456
2088.815029
2112.188353
2037.791775
1990.417574
2060.350294
2105.395926
2234.849265
2016.334820
2181.499529
2112.409059
2216.304368
2170.062691
1948.402483
2185.451809
1981.813824
2037.531647
1996.468044
2080.677470
2087.950456
2015.502897
2028.821059
2115.538162
1907.061192
2173.699603
2144.948176
2162.164279
1896.364632
1997.965326
2259.333618
2004.172912
2115.008353
2002.916353
2043.380680
2020.183588
2109.130809
2051.953471
2024.082235
2092.362387
1974.643250
2065.388103
2118.049838
2087.700132
2141.015330
2102.517441
1937.410397
1959.769971
2171.211015
1992.961390
2147.580441
2180.841912
2270.327456
2049.309206
2057.818230
2205.194574
2010.437750
2167.936750
2004.913029
2005.472569
1939.814574
1989.751353
2138.717662
2148.891676
2011.923130
2113.453794
2048.972765
2035.127471
2055.839868
2033.582043
1983.193294
2072.964103
2084.549779
2184.324250
2135.183779
1923.484471
2228.461632
1923.834044
2070.702265
1943.642619
2099.707721
2244.352265
1971.236632
2105.952647
1973.209429
2099.446250
2240.635118
1962.433221
1968.031544
2000.215622
1971.776882
2006.781926
2046.755221
2053.599971
2206.006535
1973.360324
2070.962926
2117.262382
2101.057941
2272.619654
2012.034015
2041.688029
2178.185691
1944.121779
2017.300258
1964.847735
2174.009074
2275.157956
2165.099059
2073.638671
1962.544544
2097.689868
2172.742059
2196.201044
1946.116099
2098.289632
2088.230662
2063.131015
2073.391221
1987.732027
2098.976574
1971.212603
2067.838882
2146.216794
2140.163573
2193.211662
2028.125706
2178.129735
2005.572676
1923.629500
2102.200603
2188.178809
1962.957956
2168.911618
1984.578693
1994.017765
2103.549735
2097.931971
2028.378441
2267.026341
2200.717985
2217.430397
2202.541779
2175.476765
2077.592902
2060.552574
1975.811382
2090.889971
2088.267485
2081.187006
2163.969118
1956.918985
2230.741353
2212.155044
1958.907199
1924.093912
1998.298088
2126.596294
1900.616397
2216.094009
2122.882985
2124.737456
2062.312456
2157.871853
2121.829760
2174.957794
2120.837382
2136.644044
2092.978176
2004.259761
2020.245500
2155.813765
2155.783956
2254.621044
2126.865145
2221.647162
2239.034353
2164.071750
2100.461750
1974.545029
2093.778588
1920.283500
2082.276103
2213.630162
2136.433413
2188.180088
2119.811250
1998.835397
2052.873559
2015.774841
2008.181279
2068.071324
1911.607926
2117.730838
2091.564886
2231.166059
2089.537603
2078.611515
2040.828956
2097.150814
2105.910676
2103.965603
1955.046426
2232.496985
2151.097286
1945.658632
2202.385015
1917.580824
1983.214176
1957.984155
2105.960647
1884.783412
2127.682368
2101.689471
1970.692906
1980.722971
2165.543529
2143.061515
2031.993897
1761.672334
2192.833412
2127.795426
2186.744588
1992.058882
1938.795644
2046.803515
2072.181926
2334.007059
2018.928794
1928.150072
2214.436618
2104.410176
2034.531426
2061.451941
2094.594691
1973.707015
2034.664868
2067.243721
1975.937265
2025.362001
1981.205735
1989.086074
2161.679779
2056.148147
1994.010135
2125.069574
2109.914676
2079.905647
2017.649338
2116.935225
2146.852235
2241.843471
2306.177397
2063.929456
1918.734667
1909.996765
2172.212397
2071.342015
1984.410191
2130.937213
2095.953809
2056.494897
2019.071735
2190.457691
2011.120214
2009.886838
2025.818485
2147.266838
1971.400265
1977.461583
2046.816397
2136.689515
1993.664294
2143.736794
1976.729040
1929.882162
2225.074956
2093.198868
2009.632985
1921.144468
2056.398265
2199.324029
2021.679868
2127.989603
2035.095999
2148.933735
2097.474838
2001.301206
2021.113265
1988.930339
2139.489279
2182.397162
2147.090074
2028.788279
2202.252296
2053.508235
2099.855588
2211.735176
2260.054103
2105.898783
2146.608779
1996.520471
2147.911338
1892.152471
1952.909725
2041.533985
1896.530176
2137.398882
2067.561618
2070.950727
2161.915191
2082.793059
1965.217779
2185.834941
1798.283963
2066.176912
1972.686162
2120.756412
2035.595412
2054.061273
2180.600235
2082.753515
2147.341485
2125.034721
2055.440554
2078.060382
1939.541647
2025.315647
2035.325324
2119.953291
1954.038544
2150.516559
2024.603324
2129.877588
2125.629086
2038.983294
2041.253412
2038.618103
2017.797559
2155.145264
2071.070838
2278.184603
2062.827485
1941.162088
2014.415530
2004.891824
2131.812147
2033.492632
2044.669794
1947.350473
1985.010265
2338.994059
2161.854941
2063.264721
1959.638739
2070.910088
2108.510588
2006.621176
2292.346456
2126.161858
1829.117544
2200.016882
2177.996147
2182.658926
2067.178418
2212.089926
2148.729765
1995.174824
2191.264559
1995.882890
2140.986706
2017.519279
2075.865882
2149.853515
2088.128392
1971.292559
2133.726074
2030.378441
2122.089485
1946.916540
2094.001515
2144.184397
1970.207794
2236.433279
1991.771880
2171.675176
2042.484765
2165.054176
2076.154456
2064.536307
2126.926559
2168.629647
2033.787162
2157.619265
2182.283324
2032.433206
2134.349103
2139.618926
2044.450735
1960.189090
2009.390191
2131.709515
2059.728206
2092.916206
2011.774944
2042.508529
2238.148735
2031.343559
1962.456000
2115.385166
2351.344765
2133.018662
2108.046456
2126.313721
1899.804623
2193.615221
2021.522603
1903.442750
2045.518324
2069.751389
2256.133897
2159.693809
2104.240118
2328.367368
2047.776288
1995.807721
2018.362382
2053.293794
1944.718662
2005.403495
2058.872176
2233.913765
2165.734147
1970.534706
1865.973188
2043.774618
2164.277162
2164.384971
2011.675368
2145.668777
2140.507941
2071.702412
2167.801279
2110.330500
2104.285705
2023.599000
2095.037603
2111.983397
2046.031809
2159.429530
2102.443074
2014.714500
2108.742338
2115.084206
1940.148664
2082.628221
2136.078103
2155.961456
2128.547426
1925.196562
2095.819735
2139.486721
2026.743559
2053.016735
2153.235358
2221.847632
2130.059397
2043.061324
2083.911015
2003.293918
2077.542603
2079.107221
2042.535382
2119.740088
1989.864625
2069.888574
2146.519882
2167.839088
2084.489529
2091.917023
2017.881353
1947.876118
2028.648985
2224.109985
1984.731098
2023.443544
2077.281765
2133.539897
2168.538000
2000.627011
1993.977235
2249.671706
2058.519588
1982.648647
1929.065175
2070.278956
2141.633971
2118.629824
1869.451603
1925.676235
2175.122662
1886.431559
2191.915485
2152.839632
1991.014369
2150.012162
2006.945897
2043.360559
2021.802721
2105.617473
1982.694809
1848.880441
1973.782735
2060.775368
2045.666342
2072.391132
2062.056382
2113.235750
2096.029706
2112.049284
2086.832500
1999.128456
2091.372044
1904.853588
2036.306933
2278.049529
2061.883397
1991.289618
1963.086338
2042.786817
2031.756221
2045.375971
2042.178588
2051.689897
2056.000803
2220.372676
2225.799529
2209.684632
2019.840721
2000.949511
2124.607000
2155.529103
2084.207809
2225.505015
1919.405321
2066.306162
2203.283868
2146.270044
1965.032515
2014.642102
2165.238941
2097.116853
2060.752309
2092.690338
2130.717779
1969.703706
2309.562221
2048.139265
2057.684426
2226.167501
2109.677529
2171.203250
2025.842721
2027.476500
2068.276576
1975.458544
2000.086500
1939.804647
2147.873044
1906.277916
2124.418485
2061.822882
2134.858662
2067.141265
2110.488785
2033.178618
2156.129074
1979.922103
2006.843985
2002.485330
1985.378735
2085.070368
2083.410500
1931.304000
2045.024538
2017.606147
2074.880118
2127.525471
2133.820044
1920.625245
2229.830971
2119.078221
2142.126897
1829.287338
1946.767702
1944.251588
2098.212868
2009.306559
2040.455338
2121.319027
1813.828368
2037.048059
2212.904015
1986.960250
2010.716970
2071.743838
2143.665088
1984.705603
2164.615279
1957.196795
1930.812574
2001.646324
1938.858588
2147.765735
1990.148884
2139.508176
2031.671338
2147.599529
2152.128750
1983.123886
2095.874603
1905.052632
2085.519941
2050.266265
1921.171637
2060.521515
2230.484426
1911.952309
2026.844794
1873.231962
2002.934500
2049.167971
2134.240485
2069.408074
2250.069243
2234.625941
2071.671265
2022.706221
2046.935485
2150.997215
2215.062309
2153.141162
2214.104221
2113.038500
1911.684040
2115.736838
2132.715912
2015.176676
1810.156559
2020.596600
2060.942265
2259.148324
2261.470279
2081.686279
2031.740469
2153.228824
1960.519456
2110.009309
2018.288838
2077.794411
2035.692779
1982.250221
2171.408721
2056.700662
2246.432810
2051.212721
2178.743853
2084.730882
2087.488985
1944.314693
2028.511059
2155.922324
2110.969691
1962.279221
2082.033783
2089.368059
2213.915471
1956.334691
2136.829559
