3386.241941
2976.809000
2976.504912
3017.315250
3126.341628
3272.899529
3505.468382
3149.365456
3101.916250
3168.662453
3296.838279
3696.414279
3610.472397
3541.663500
3199.264263
3232.216279
3242.771868
3448.384897
3498.832574
3009.065044
3275.712103
3136.568632
3229.543912
3340.818235
3235.628530
3410.454809
3313.105015
3140.446029
3367.163250
3441.543561
3264.358824
3427.040162
3747.253529
3221.912897
3122.794695
3079.632632
3109.349838
3238.463235
3355.921765
3144.837358
3290.009088
3422.667441
3498.818735
3393.106853
3287.960521
3234.547397
3359.686647
3433.114647
3317.480132
3129.751125
3421.840956
3242.391132
3291.656750
3374.680324
3459.512024
3334.070162
3160.803750
3549.112588
3205.253750
3231.012114
3368.693176
3336.496132
3272.209574
3233.845750
3265.078703
3254.687868
3018.275265
3221.752794
3135.188176
3042.220028
3221.643221
3182.434647
3092.897294
3249.754250
2947.931368
3385.058382
3041.685132
3275.659309
3457.123603
2933.236001
2980.846926
3381.068676
3306.676868
3453.659559
3278.125062
3118.418574
3160.275162
3538.545132
3323.492294
3663.362622
3014.092500
3170.194662
3181.309132
3370.921382
3388.309623
3089.816397
3390.547235
3104.881294
3188.099456
3052.308566
3262.847544
3308.830176
3268.233191
3343.152691
3464.911611
3020.667088
3419.713000
3056.081838
3257.634926
3285.459068
3403.238441
3012.554279
3673.843059
3139.842912
3187.730938
3205.035529
3358.945191
3539.347250
3087.451926
3412.427380
3309.301691
3251.743132
3037.892456
3219.948265
3305.541514
3149.191044
3274.326956
3361.094853
3373.912721
3432.760456
3193.519985
3341.995691
3314.975309
3528.713088
3367.119825
3285.541985
3432.132574
3357.297912
3188.340059
3321.958783
3288.284691
3146.029529
3189.297221
3089.416029
2835.540858
2906.377000
3200.874191
3172.345838
3193.741412
3220.444932
3486.547074
3243.811103
3270.733456
3227.238162
3428.138699
3262.305471
3288.673441
3008.458721
3233.496441
3114.029920
3041.313706
3299.195779
3261.544662
3307.445162
3550.241348
3333.630706
3247.771000
3339.449221
3181.174162
3285.226850
3189.674162
3480.479824
3291.223765
3359.010765
3827.847645
3081.922750
3261.601544
3265.974000
3635.239882
3264.778529
3438.499735
3394.430118
3420.922500
3074.575206
3169.828604
3244.793529
3319.742441
3179.574074
2989.100088
3423.428105
3309.816882
3287.131868
3429.006412
3538.609618
3381.921960
3472.824765
3279.120912
3261.145544
3277.419574
3225.768946
3451.562162
3187.099809
3303.080485
3045.023941
3467.013065
3435.641324
3252.872618
3125.642750
3328.129588
3041.494625
3144.158176
3533.893485
3081.796191
3362.414382
3201.127686
3201.304441
3433.606765
3229.224926
3205.095412
3220.920305
3235.011559
3260.495941
3537.008118
3406.163809
3046.775953
3604.169368
3273.825029
3346.894088
3512.701691
3202.401087
3261.316176
3306.791221
3180.790544
3338.573985
2991.132015
2985.018618
3268.207147
3386.253544
3189.639191
3103.092443
3394.624000
3533.288353
3162.150338
3091.442338
3312.863824
3219.535591
3396.313412
3071.513250
3531.160779
3292.976618
3026.013828
3241.937529
3265.201647
3046.812735
3275.895971
3226.801579
3114.874353
3478.282897
3230.894279
3379.497294
3055.626786
3479.766147
3359.069794
3183.730574
3179.614632
3466.965170
3368.477426
2981.635132
3514.311735
3194.713574
3314.912480
3158.329441
3173.851324
3186.093838
3264.156088
2969.935085
3186.299706
3236.038706
3057.541353
3291.956324
3168.554954
3335.549662
3280.148353
2923.765500
2988.345441
3280.011764
3165.798059
3352.677647
3490.756941
3497.316500
3162.565706
3138.270735
3317.874985
3227.433971
3407.520515
3355.752311
3346.245029
3287.009779
3408.283794
3279.477279
3112.342724
3481.218015
3313.987250
3332.376191
3203.689382
3304.560681
3542.498588
3295.501926
3282.046691
3080.940324
3245.969697
3493.120985
3230.219544
3257.157985
3505.084485
2949.879846
3309.844559
3242.942529
3389.097500
3471.731294
3161.689538
3453.459265
3291.934221
3251.289588
3170.867294
3193.455495
3397.824574
3242.602809
3174.423015
3478.201838
3300.206159
3324.305662
3513.518853
3371.346324
3043.406397
3130.599895
3268.911250
3357.403324
3283.858250
3034.767176
3281.427500
3396.710588
3188.910824
3509.785103
3333.173912
3248.240648
3311.219559
3223.236221
3423.460353
3025.135324
3264.358223
3342.038412
3179.793191
3518.531750
3154.118279
3242.632665
3043.195824
3409.198279
3376.067294
3216.904015
3401.183152
3323.168662
3450.206838
3200.045147
3220.852588
3130.065330
3121.694044
3381.988441
3193.651662
3480.860088
3528.511993
3343.437809
3413.674809
3470.360603
2953.127603
3187.837303
3102.924735
3276.001029
3146.006588
3175.409103
3070.198349
3451.704294
3241.476015
3609.105368
3455.834941
3341.358703
3042.783662
3244.065294
2988.139956
3429.635985
3254.347778
3365.491485
3308.421324
3410.837500
3165.880074
3408.040221
3587.162603
3082.758324
3394.609632
3161.600279
3476.105031
3364.150162
3464.285176
3225.267426
3170.803485
3231.357562
3252.959897
3433.504515
3164.579000
3075.625588
2902.805019
3253.818868
3097.494074
3247.214235
3375.797838
3244.724388
3129.145324
3565.496941
3361.648382
3251.882206
3228.976095
3016.310985
3388.015838
3511.551897
3122.603015
3221.923008
3056.679941
3365.968824
3148.721647
3346.572397
3061.936524
3150.432132
3173.915015
3407.158956
3224.898941
3198.745893
3410.981765
3426.100368
3478.000926
3392.905015
2827.207512
3035.078118
3075.012176
3397.303794
3162.927015
3153.377587
3274.550559
3508.314515
3351.776279
3212.916779
3281.346442
3504.609956
3296.499250
3204.018074
3136.647588
3093.993502
3300.870735
3077.463118
3406.722176
3464.903176
2955.861768
3361.925485
3299.942971
3359.767118
3114.797544
3359.368122
3256.026162
3164.368397
3208.058971
3614.986015
3265.482932
3167.115294
3330.693912
3550.171882
3415.935029
3016.921699
3535.685662
3664.551838
3299.485162
3120.666191
3256.512082
3254.546662
3135.700897
3221.497353
3377.294338
3171.252937
3028.586147
3572.673897
3127.141529
3172.140912
3262.473056
3324.644279
3342.672515
3486.358794
3729.821721
3100.554013
3540.052824
3734.552426
3178.374265
3177.365074
3269.167529
3492.148868
3471.019382
3569.053397
3403.180912
3224.445486
3439.529176
3392.430309
3108.751574
3279.239265
3161.539767
3472.746691
3398.703838
3324.664618
3257.122471
3275.453680
3242.399103
3359.837853
3311.312515
3533.607824
3440.579667
3337.499765
3276.367618
3002.401853
3375.962676
3299.701477
3270.672559
3524.673662
3157.333853
3160.692750
3327.841905
3456.056397
3189.394956
3449.119941
3159.505191
3084.290671
3115.393882
3192.516353
3352.957721
2953.039838
3388.206290
3350.872250
3416.693456
3257.788000
3328.635382
3073.740880
3161.801015
3443.907176
3196.946265
3150.383309
3130.950234
3442.878824
3174.875485
2996.396485
3367.519794
3207.193794
3309.238412
3319.795603
3623.626324
3317.749897
3367.165678
3177.288897
3464.361779
3062.303500
3254.893000
3062.534517
3209.373868
3128.306044
3470.882162
3459.245235
3359.347313
3123.727353
3383.986838
3276.704132
3252.735456
3142.167226
3082.243044
3173.372368
3201.507015
2924.966235
3295.823816
3390.341882
3294.922868
3307.975897
3375.464515
3156.179008
3057.878750
3416.894088
3385.327426
3177.828897
3186.096480
3248.546088
3255.003868
3396.990750
3499.664706
3448.345511
3188.853294
3350.124353
3271.964529
3024.531721
3116.865174
3328.595309
3652.813662
3228.212971
3289.108838
3198.861852
3133.851985
3129.624853
3121.563838
3068.708588
3169.150662
3507.054221
3232.614368
3325.539618
3265.117985
3357.914237
3222.974750
3164.073985
3628.315603
3246.483662
3181.594547
3058.002897
3342.479382
3284.322956
3091.611515
3438.500725
2976.869779
2932.407250
3239.304250
3177.851941
3328.717330
3209.269368
3292.680191
3163.700088
3163.552250
3208.055890
3136.552279
3121.954500
3422.175691
3180.193456
3491.601332
3213.256368
3088.257441
3189.604721
3593.727529
3376.408701
3320.766191
3244.668632
3241.362000
3034.669897
3277.359320
3177.207500
3229.404544
3220.388735
3467.814250
3036.422307
3403.942971
3205.579074
3146.634985
3029.614574
3342.404411
3447.671735
3284.409750
3222.672706
2980.102559
3445.745339
3251.021574
3411.322147
3042.049706
3292.059044
3223.992576
3577.894706
3158.426809
3409.341265
3240.201206
3009.983754
3300.141750
3283.103735
3246.598500
3385.173441
3512.596520
3159.369765
3292.040691
3304.108588
3144.433338
3366.271212
3099.182044
3257.941235
3024.898353
3468.948779
3244.240081
3524.388353
3457.142515
3113.591485
3260.148971
3414.949803
3208.965368
3274.645588
3415.446029
3215.573529
3384.554511
3324.815074
3308.215456
3209.958368
3574.274309
3273.066850
3159.771559
3153.331206
3305.318559
3152.966603
3103.267352
3504.812191
3066.435426
3017.609956
2952.156750
3326.412529
3040.149324
3387.999397
3421.968029
3400.199059
3474.670707
3404.910882
3384.034735
3292.943059
3318.221397
2964.048135
3200.830250
3286.938294
3382.198735
3167.749015
3148.116945
3304.803456
3447.029544
3270.062912
3441.545838
3103.225829
3365.690324
3236.196912
3418.211074
3308.212176
3427.066169
3155.255456
3073.678765
3312.803721
3515.953191
3359.491111
3073.539324
3177.881485
3250.069765
3117.506074
3416.408745
3028.817294
3355.819353
3234.923779
3115.015338
2963.037364
3290.140338
3185.912824
3109.387279
3300.148176
3224.001454
3208.051735
3123.206618
3363.770647
3296.527118
3231.162337
3308.654882
3462.568985
3161.609676
3120.960206
3265.259339
3262.138103
3261.783882
3099.555824
3246.793897
3170.574722
3389.095456
3349.033779
3384.771603
3293.642044
3110.876224
3533.022647
3440.701309
3149.994235
3551.956765
3220.442799
3553.208412
3120.948118
3403.885838
3063.995926
3065.287962
3431.142324
3190.862824
3295.756382
3463.204824
3181.101419
3460.707426
3529.698588
3460.004515
3436.841382
3164.209729
2982.740294
3114.917779
3174.703544
3401.737132
3235.256922
3263.183897
3257.916603
3298.016647
3198.465132
3219.146864
3058.567088
3653.609809
3195.002779
3247.958338
2892.958719
3171.171735
3230.722456
3222.213279
3024.888882
3428.593014
3300.772338
2912.242735
3365.092691
3254.519324
3171.031442
3399.545471
3478.718029
3241.849397
3123.847897
3400.088796
3279.482132
3434.218926
3266.908456
3115.717574
3286.487180
3237.246412
3198.525779
3382.957971
3142.293324
3354.607387
3297.985103
3309.914471
3089.451985
3184.884735
3523.937389
3586.453353
3432.616456
3418.110088
3308.420853
3185.546978
3402.374338
3335.949618
3055.639588
3067.832294
3397.789539
3228.269765
3201.417824
3427.275132
2997.027044
3260.000011
2986.555191
2991.464647
3180.225426
3329.955662
3132.608306
3133.472985
3359.622794
3446.470029
3167.783485
3381.210896
3293.205441
3037.803779
3222.799912
3161.536147
3214.605029
3393.449721
3264.761735
3304.174456
3499.045132
3223.820457
3330.730544
3504.484162
3238.570985
3242.794088
3257.652988
3121.910956
3529.257015
3440.947588
3105.594441
3270.303622
3237.388397
3301.656412
3287.426426
3418.494544
3222.011403
3665.583912
3087.944029
3333.585618
3164.113265
3165.997227
3243.226588
3481.535868
3347.467471
3482.739971
3278.530288
3304.517015
3180.726971
3236.405221
3413.791044
3123.423024
3371.537412
3433.260721
3348.553265
2959.606015
3220.475687
3282.482500
3076.607397
3495.278897
3423.834588
3236.661159
3190.262574
3587.125559
3308.513191
3209.910544
3268.285573
3251.981206
3256.360897
3307.382044
3193.708176
3295.630912
3130.070632
3245.764926
3262.102706
3438.003412
3233.855737
3345.331706
3247.188868
3264.859000
3395.588176
3213.411415
3149.415088
3236.152956
3001.400735
3506.548721
3024.499725
3070.621074
3622.895368
3318.441706
3413.613853
3286.781403
3174.755691
2977.049721
3084.346191
3268.272250
3197.011316
3362.338456
3447.791206
3358.055250
3403.405162
3099.282803
3209.596882
3170.002985
3232.261015
3148.933794
3115.320966
3176.241897
3474.819485
3355.037956
3335.458485
3289.622041
2902.903706
3363.268956
3232.791103
3213.835088
3161.782733
3314.931103
3349.124191
3181.569956
3341.117750
3094.358867
3506.572324
3324.176691
3445.335044
3359.370103
3337.461251
3332.726897
3242.890603
3382.988118
3077.269926
3189.846591
3335.645368
3081.006382
3424.294456
3326.414588
3248.608445
3451.765515
3187.032559
3276.770691
3221.812765
