6620.979088
6490.614029
6879.462735
7001.319588
6415.635069
6555.750853
6520.121676
6118.755132
7261.823676
7569.181114
6166.905162
6854.816338
6791.802544
6996.676147
6885.035454
6756.018897
7057.074868
7006.904118
7328.844176
6685.415250
6721.782515
7530.093382
6949.258441
6769.360309
6805.422810
6561.545515
6212.310706
6701.398882
7195.033985
6304.219885
6961.160618
6445.513191
6562.029206
7124.540500
6363.547827
7496.911162
6657.372544
6868.313074
6775.846059
6853.174784
7175.530735
6869.406368
6612.445912
6648.764779
6847.654139
7006.944309
6878.891588
6968.202309
7566.965941
6761.406684
7043.822574
6731.151912
6840.948956
6686.000824
6411.392892
6674.894265
6458.070029
6690.796279
6564.176029
7066.459540
6917.190706
6746.836338
7188.239662
7148.443176
6461.880247
6821.780338
6573.571000
6361.356529
7136.147221
6470.252807
7384.938882
6779.122485
7008.195412
7312.713309
6263.516353
6642.604750
6726.589971
6744.276368
7246.604206
6410.056795
7248.739588
6502.388618
6991.890529
6781.576368
6858.683532
6833.435235
6660.267676
6846.762897
6966.709779
6839.191092
6290.245441
6775.676971
6749.846985
7230.399853
6580.251476
7458.296721
6688.104000
6755.595691
6550.173882
6036.442404
6278.896529
7297.970456
6871.755044
6973.150074
7120.905523
6825.114456
6825.959103
6667.288912
7054.683353
7044.782980
6920.413235
6618.519456
6500.762647
7119.361706
6660.601937
6977.302044
7214.536074
7088.310074
6616.434250
6431.508307
6626.455574
6985.549309
7101.823294
6721.421750
6481.260264
7023.151794
6671.837868
7224.045132
6456.560603
6356.831074
6622.755059
6824.877691
6859.609074
6466.697338
6822.592884
7894.281338
6907.408544
6478.464250
6450.739235
6755.193121
6758.293147
6949.029735
6403.136118
6910.010735
6472.585284
6824.191838
7040.775985
6771.153162
6747.527382
7023.767697
6651.632029
7022.706912
7573.062706
6510.940588
6601.290419
7194.432338
6478.693838
7399.702265
6572.937809
6390.406538
6908.251059
7086.168794
6879.371294
6718.882559
6915.523216
6884.458706
6877.754147
6691.602985
7168.956309
6526.508732
6864.417441
6819.843382
6332.916044
6316.073029
6576.628851
6815.327794
7285.887971
6498.557029
7150.384382
5880.464044
6021.308397
6822.580676
6882.861868
7047.506985
7063.718942
6533.624382
6536.753044
6637.042882
7108.066515
6707.448899
6142.469162
6305.733382
6844.615632
6513.099500
6267.938710
6478.973103
7072.391603
6512.179426
7519.982147
6748.252976
6892.218559
6947.665441
6372.870250
6532.078044
6731.096683
5938.588176
7596.426765
6413.516250
7323.150868
7600.032287
7046.611309
6797.419338
6902.514544
6756.383176
6476.727215
6719.736250
6633.247529
6820.063868
7084.182265
6413.674202
6619.906647
7818.513632
7180.297426
7315.965221
6586.239306
6839.855588
7063.950956
7294.047235
7171.195265
6726.273455
6905.885721
6956.763750
7151.827456
7101.672926
6158.840912
6914.500441
7438.949015
6879.022147
6355.442382
7346.131060
6913.297779
7036.536794
6210.800529
6537.393809
6750.103662
6913.210341
6850.341162
6948.193103
7092.251397
7215.524529
7116.717151
6938.065559
6767.254000
6823.023515
6401.858132
6872.707623
7057.159809
7105.280868
6721.580456
6525.088676
6364.697095
6752.165735
6667.230015
6558.815809
6533.868132
6724.991038
6197.790235
6596.890235
7122.475662
6959.478250
6694.067495
6821.196176
6865.948529
6652.735735
6937.169397
6561.798423
6743.419412
7176.804868
6178.520338
6638.892941
7008.739071
6975.420956
6784.914015
7237.457265
6491.863162
6624.216690
6960.142544
7120.309941
6685.007824
6588.114132
6824.386677
6703.345353
6807.322456
6902.024456
6813.057426
6429.544472
7354.899853
7133.501338
6279.333382
6907.210662
6549.537106
6389.488118
7230.669882
6402.068250
6540.144838
6552.896210
6768.545985
6525.455206
7457.025515
6738.776426
6890.916977
6564.879088
7140.579765
7034.811735
6518.493118
5988.102816
6942.242750
7469.205118
7026.571353
7156.346250
6904.454920
6275.399559
6950.317265
6561.117397
6163.052662
6810.040937
6992.225382
6768.083985
6808.235676
6817.724176
6510.829717
6998.998074
6502.763471
6903.757221
6363.177941
6540.866307
6441.480500
6691.928412
6958.135574
7111.245176
7051.314558
6824.442529
6654.706265
6529.366250
6509.631809
7034.949074
6634.819221
6894.773000
6994.901397
7015.270529
6558.229120
6406.939265
5858.269529
6287.514176
7249.745868
7108.929901
6633.435529
7340.478471
7408.612632
6397.371294
6848.909711
6694.337029
7634.240853
6075.501118
6524.966132
7019.316036
6703.157691
7234.308985
7139.137162
6581.498838
6963.897964
6847.858309
7108.807279
6873.858647
6903.091132
6981.249053
6764.657250
6590.885721
7043.152426
6172.685176
6286.284966
6533.705676
6141.948088
6788.785206
6590.702397
5915.101997
7558.872000
6887.176324
6544.757515
7159.134132
7018.796719
6419.769000
6913.913941
6701.816868
6785.094324
6751.912662
6264.668088
6526.563735
6616.370191
7040.677132
6333.339501
6501.462779
7537.214809
6780.522456
6872.473559
6918.431253
6417.100279
6832.089426
6224.381162
7002.957324
6804.060372
6961.726324
6738.857603
6597.427603
7669.454779
6534.063961
6859.525235
6720.068544
6893.943956
6804.638809
6362.343051
6559.462000
7181.263206
6881.238309
7348.876926
6600.861082
6914.125176
6582.492809
6760.760132
7080.843221
7003.103245
6881.963603
6884.436544
6643.353500
6433.748721
6356.326658
6652.536647
7529.923103
6983.123029
6565.482735
6529.238542
6448.076103
6040.386456
6964.952265
6970.706985
6894.769911
6930.113897
6807.391985
7123.228324
6607.714250
6526.097868
6948.996279
6640.693632
6482.667529
6648.397603
6732.460031
6761.305000
6047.248191
6408.628632
6200.428559
6288.080518
7032.638706
6887.996515
6996.995779
6552.174574
6709.698166
7028.110353
7204.680838
6583.448853
6963.820382
6954.015315
6453.649735
6569.480294
6485.380397
6863.241838
6511.772478
7327.622515
6404.387794
7019.228779
6424.623397
7294.344538
7015.100559
6776.522044
6800.645574
6273.660485
6454.159216
6743.242235
6469.632985
7040.570176
6512.865544
6628.766217
7058.451059
6793.020882
6621.268779
7587.394956
7498.699836
6243.075868
6862.347412
7294.998618
6829.474221
6504.739338
6765.172279
6751.539926
6875.004956
7101.798309
6515.250030
7077.676485
6660.290721
6612.536706
6292.250456
6245.939193
7005.792235
5996.412176
7375.683338
6899.471985
7040.153651
6889.723309
6484.398324
6398.018294
6761.959088
6853.406887
6335.803721
6979.675029
6853.673029
6746.674074
6684.863992
6690.248618
6252.910574
6852.943368
6486.255647
7495.295905
6692.322059
7118.441147
7030.309294
6743.269206
6782.597171
6532.111044
6770.358809
6424.036338
6517.144544
6890.449408
6351.157221
6779.267735
6378.023206
6668.218324
6820.444409
6319.044765
6602.197515
6698.856338
7016.480721
6635.473366
6597.635500
6571.540632
6720.058956
7025.274397
6849.544838
6408.075382
7119.867588
6685.404324
6651.838706
6669.462428
6168.721015
6720.939485
6566.875176
7092.371044
7117.781841
6986.263441
6435.106853
6552.962088
6816.364353
6537.011166
6857.266750
7021.901544
6834.997000
7263.839971
6461.160594
7328.752515
6771.954926
6914.461074
6036.972691
6360.690669
6986.267868
7598.898221
7332.610559
6956.418794
6154.664258
6427.769941
6763.291794
7080.620559
7489.506676
6382.489598
7297.561162
6675.489618
6143.682838
7065.187176
6727.997938
6503.041912
5978.393676
6882.235206
6356.103206
6981.226586
6909.069500
6992.075956
6396.211706
6795.579279
6768.386396
6655.198824
6728.070176
5885.824074
7101.177897
6707.180427
6426.186265
7048.497221
6864.904029
6796.230515
6680.434428
6813.604338
7407.414250
7164.678162
7178.574824
6395.790989
7103.721544
6707.154603
7484.616721
6653.992441
6485.465696
6032.958132
6360.267029
6830.169691
6315.310838
7045.041109
6968.811088
6398.448176
6821.745471
6627.157765
6512.497360
6512.456500
6381.175588
6762.618735
6761.137647
6555.772994
7036.934059
6535.627103
6736.457515
7282.456721
6495.963245
6588.319559
7216.148515
7087.382912
7515.106368
6920.126188
6443.632559
6928.086176
6546.069485
7271.577294
6055.729675
7263.878441
7015.816912
6559.074897
7211.338897
6764.968970
6625.388074
7380.419000
6790.791897
6769.096074
7236.789589
7466.107897
7197.384059
6796.229441
6565.829721
6590.688899
7133.279000
7242.220941
6293.071735
6932.675338
6995.055827
6610.354897
6899.614662
6817.052162
7466.033426
6926.294652
6932.056015
6520.325353
5969.425221
6431.870118
6645.092845
6641.061897
6586.576015
6543.798485
6541.241809
6961.550037
6727.991162
6850.508485
5830.794662
7017.057559
7274.137936
6288.528897
6679.167941
6712.184838
6871.254706
6840.745599
6594.319176
7221.826471
6721.422544
6859.977235
7291.073600
6726.192588
6190.500500
6788.617765
7669.607250
6357.957999
7425.597426
7223.415074
6935.819691
6723.818118
6122.139206
6921.547632
6823.558412
6784.503926
6813.217074
6650.062060
7062.648809
6562.245941
6539.610441
7204.191147
7136.242400
6696.586103
7359.633471
7308.592074
7108.960074
7286.118534
7424.516691
6860.653500
6722.045765
6766.584618
6605.675932
6981.461118
6733.831221
6764.775765
7141.732500
7134.618625
6863.484015
6297.712397
6428.921618
6964.972588
5907.283435
6789.864015
6862.964544
6750.117603
6376.940912
6420.199539
6920.377118
7061.521132
6456.711794
6731.334515
7071.666408
6742.455015
6655.330441
6730.004265
6887.717912
7290.562998
6185.119765
6954.616191
6107.040676
6596.173471
6881.147514
6777.527721
6750.815132
7123.535412
6339.590824
7284.368059
6597.162015
7208.788059
6908.921500
6449.923559
6175.965237
6686.027353
7198.460529
6637.870956
6735.349412
6656.687297
6882.639515
6484.317691
6234.342574
7000.066574
6327.860769
6895.488765
7408.697471
6900.262029
6601.557221
6730.335212
6828.924779
5778.451868
6512.728118
6797.874941
6916.819728
6820.253838
6516.713265
6343.801618
6611.962926
6694.282891
6657.411412
7254.992191
6890.342132
7039.113691
6907.286687
6666.536206
6575.273941
6963.811868
6722.376029
6679.721556
7390.980544
6404.348588
7137.404132
6623.344574
5818.543116
6864.801074
6343.832882
6834.322985
7363.915044
6573.512176
6341.659250
6198.978529
6478.434176
6866.409574
7044.667486
7132.927221
6504.332265
6978.693162
6805.304147
6870.391855
6979.946941
6439.392250
6579.236485
6718.426235
7237.833960
6788.186941
6983.698544
6769.474529
6820.700441
7227.299505
6692.454368
6891.393279
7079.439515
6954.014574
6681.707153
7353.217176
6504.644338
6719.069471
6064.033529
7610.294611
6496.537603
6538.686118
6537.272265
6994.473779
7325.635936
6637.264794
6408.445338
6877.508809
7045.730279
7044.060687
6682.264221
7002.492809
6382.897529
6413.372809
7239.738247
6694.090529
7023.444662
7481.392618
6983.543279
6141.871278
6529.580338
6500.869824
6849.862691
7474.637750
7001.112162
7270.974529
6776.615779
6340.172044
6470.927176
6881.007913
6823.749706
6841.608985
6361.224162
6795.108250
6416.628650
7248.758765
6918.425618
6347.553309
6741.300147
7489.479725
6340.851294
6605.850147
7370.275441
6493.404206
6516.464064
7130.234456
7126.312824
6640.527441
6455.443103
6685.235154
6860.914103
6963.564235
6786.236088
7137.048500
6971.091935
7177.924971
7355.424750
6840.817824
6736.873838
6313.855171
6788.698926
6159.920809
7104.297588
6703.469721
6631.876143
6778.945044
6910.729000
6554.054632
6912.259088
6243.799645
7206.442765
7167.612426
7139.893794
6724.791426
6949.448073
6483.119456
6550.275515
6935.379338
6727.819426
6746.643265
6702.556956
6805.748235
6845.494971
6809.869309
7052.825825
6705.434926
6800.350265
6354.570838
6975.386794
6160.506665
6444.338029
6284.957926
7044.187897
6409.038221
6521.391740
6923.065074
6460.679559
6898.961853
6320.050750
7031.864315
6541.669765
6377.186324
6720.634441
7494.545147
7012.975463
6562.361147
6738.893824
6666.005794
6965.519676
6964.090288
6700.636824
6799.282294
6717.572500
6932.887162
7090.072790
6915.777132
6977.412015
6464.621882
6442.016132
6534.478070
6119.497015
6981.265353
6761.715794
7056.529412
6668.111792
6968.659750
6435.634294
6753.756515
7277.448456
6905.249602
6508.574515
6607.094647
6296.088250
5768.897735
6651.388324
6066.461353
6588.552485
7372.836485
6671.090706
6947.561429
6733.861294
6537.603456
6837.515279
6727.977618
6408.586665
7138.342441
6328.029338
7032.624309
6951.594412
