3211.931426
3077.652985
3208.343706
3302.365074
3063.107937
3163.932397
3040.591118
3122.789309
2862.958368
2999.739056
2935.597118
3051.735529
3175.524221
3245.631029
3135.099307
3399.666412
3410.529941
3089.751882
3048.071985
3163.421779
2938.060618
3090.206000
3235.090132
3292.060956
2915.925045
3192.396588
2940.320926
3242.626382
2854.724294
3172.727120
3063.411426
3135.449868
3027.672324
3033.764897
2953.601474
3197.605338
3075.224632
3216.354779
3257.615632
2988.356167
3147.950603
3163.050853
3238.986647
2999.226074
3085.691286
3024.402059
3184.147544
2902.975397
3096.448971
2954.897611
3208.245926
2970.031338
3437.559662
2903.013618
3044.761186
3072.413735
3145.850103
2902.866176
2894.967882
3134.430893
3365.052382
3241.128838
2909.015397
2888.012059
3409.255718
3126.082000
3237.296309
3239.776426
3093.075412
2873.338616
3184.132853
3049.925529
3058.631206
3291.681412
3190.870882
2926.669676
3198.158485
2918.456118
3313.400471
3133.609031
3195.200235
3017.638235
3028.911603
3210.238926
3425.708709
3372.664059
2999.184662
3088.743235
3363.154971
3316.518166
3185.597147
3248.326500
3015.851691
2990.184309
3051.679564
3091.226794
3046.805603
3055.021441
2903.416765
3240.159242
3305.369588
3264.141412
3124.332132
3018.813838
3093.358420
2872.838691
3159.108147
3022.060441
3044.665794
3042.965495
3100.027662
3127.343147
3012.134147
3216.133971
3203.626967
3154.199221
3102.606735
3049.916676
3241.849809
3062.277336
3011.865147
3093.442162
3304.899118
2916.209074
3054.505411
3039.195206
3209.402176
3047.740897
3092.274147
2924.647898
3370.316824
3134.356926
2886.920059
3253.031838
2789.304546
3211.093618
2973.033000
3302.847059
2997.043706
3130.958062
3004.634603
3171.359382
3212.651103
3068.128309
3214.944225
3075.176735
3180.798632
3213.995382
3102.622191
3001.710521
3074.971603
3078.030118
2785.217118
3242.604103
2930.388669
3185.903441
3243.588838
3104.220162
2983.432544
3212.117891
3018.815221
3078.588882
3065.535412
3189.580882
3233.878731
3238.200279
3156.004853
3324.757118
3134.313000
3315.525938
3259.640000
2944.106794
3024.020353
2966.568088
2944.598116
3036.122382
3062.670779
3272.078456
3009.516029
3084.151661
3184.939721
3133.868103
3150.412456
3214.823647
2777.278707
2733.212853
3203.668279
3351.767235
3091.101985
2983.766296
2930.339029
3160.632221
3058.853088
3085.824588
3112.032342
3138.228456
2976.665103
3100.179809
3217.121250
2936.079108
3169.437206
2995.355074
3140.706721
3219.928176
3062.180903
3143.689500
3012.748765
3021.895206
3020.057147
3292.513581
3102.612250
2896.939074
3033.214838
3028.178074
3083.544362
2852.612500
2910.876721
3106.800956
3243.513485
3082.388364
3414.875544
3354.196632
3132.324765
3261.588853
2886.583424
2979.770706
3098.119824
2960.640691
3129.562074
3297.283307
3197.980250
3178.397015
3063.368044
3008.019603
3075.633191
3243.609529
3278.706971
3190.667574
2948.311441
2914.053119
3297.941676
3098.371809
3076.682588
3038.624706
3073.749882
3152.164488
3206.595191
3092.118250
3022.178515
2896.359368
3124.762372
3007.707632
2957.520206
3084.389118
2972.391691
2945.297270
3356.204382
3027.257162
3182.478603
2780.494338
3019.375463
3145.076574
3055.744588
2771.264632
3120.267397
3168.139699
3079.913529
2901.677971
3139.555926
2795.936206
3074.235951
2984.292485
3015.436500
3008.404691
3112.456132
3235.756305
3298.944721
3228.756029
2958.585735
3386.844603
3051.282483
3206.882500
2881.136868
3097.339029
3089.218441
3062.910881
3148.168662
3156.643868
3183.118103
3106.707529
3112.986236
3093.117529
3224.971412
2930.583368
2992.596809
2976.219105
3049.355103
2911.692721
2982.394706
3172.868941
3128.214239
3290.568882
3060.149294
2850.335368
2955.999221
2979.892372
3203.081471
3081.950515
3240.591956
3300.306559
3073.447888
3334.425426
3184.508397
3188.704794
3115.093559
3233.279301
3233.319000
3057.988912
2932.289515
3054.457926
2960.405068
3003.938206
3108.262191
2942.617868
3078.990338
2958.254540
3141.214662
3141.729309
2986.234662
2825.529588
3019.345703
3121.668868
3057.482515
2961.259294
3130.320721
3279.123189
3139.950412
3345.207515
3288.094912
3052.365088
3068.451000
3093.417603
2806.592235
3161.324015
3050.374338
2957.151089
3021.283382
2860.180926
2968.595118
3008.760221
3125.308002
2891.034132
3268.397029
2804.079574
2887.675735
3049.632268
3033.691794
3322.409000
3142.322294
3183.088515
2875.212711
3050.790985
3248.575265
3029.486353
3092.432382
3173.882948
3271.344662
3140.587132
3030.128074
3174.010838
3232.722581
3162.083265
3318.903426
2948.359647
3170.658294
3107.254583
2903.471294
2892.278956
3173.080088
3237.184029
3140.747584
3171.141662
3013.321897
2895.089529
3130.811441
3137.788865
3193.203176
3365.269882
3059.041279
3133.578294
2858.053381
2931.703971
3036.396588
2954.202500
2938.277412
3138.697250
3058.192706
3268.459250
3318.056353
2960.437632
3239.806016
3023.310029
3173.225853
2981.189368
3114.101706
3154.934032
2919.822382
2990.641412
3260.603309
3035.938471
3152.144578
3118.331309
3327.113074
3097.589838
3208.978441
3104.893358
3168.594235
3145.058118
3090.393118
3207.031824
2973.302389
3039.661015
2936.113265
2879.782426
2934.582059
3059.859111
3120.303162
3392.895162
2827.154779
3175.292324
3182.852201
3167.978765
3030.665912
3135.753603
3097.859485
2988.331790
3113.996353
2992.903368
3169.392956
3093.234441
2986.479689
3278.208441
3168.268882
2895.084279
3139.299338
3040.672543
2760.899191
3218.617912
3066.277426
3311.825088
3308.152721
3507.448176
3123.760206
3121.742485
2823.108559
3189.283017
3281.198926
2888.551515
3099.703338
3137.019162
2876.280136
3096.954941
3111.344632
2978.679176
3347.357382
3060.159358
3256.923706
2911.979574
3024.815324
2990.015574
3156.966021
3174.177779
3178.503015
3077.423515
3112.134647
3004.059243
3171.786853
3357.017250
3258.028765
3128.435632
2862.997994
2837.960235
3156.347882
3188.687676
3197.041324
3046.070937
3187.823250
3002.676412
3081.458574
2771.201382
2958.923320
3000.866588
3041.131382
3058.265338
2998.217279
2881.383425
3261.495338
2893.327603
3349.353412
2968.772132
3189.151500
3281.560397
3130.371309
3114.838662
3140.615279
2978.919957
3168.609368
3208.178809
3013.322706
3138.392765
3011.846855
3212.841294
3334.979794
3450.083309
3329.068603
2993.927180
3003.192426
3101.167750
3115.244485
3318.665868
3035.725373
3219.635735
3453.285971
3096.700309
3115.920897
2965.769095
2988.533971
3165.257941
3041.454029
2916.200176
2991.407214
3238.232471
3049.947029
3121.568941
3290.417279
2960.656009
3067.126926
3124.252765
2911.873618
2913.987882
3097.332084
2893.913324
2935.990221
3122.792132
3077.014765
3113.816247
3195.590809
3146.411985
3105.215441
3014.528412
3245.865234
3042.968735
3213.084529
2998.248368
2857.838074
2952.962103
2999.461426
3345.857882
3321.374279
3003.586515
3200.823251
3028.250544
3153.307059
3091.342265
3275.231132
3047.972209
3026.546559
3363.821971
3219.623500
3283.689588
3184.161489
2934.417074
2946.191853
3048.638471
3134.779059
2947.711800
2940.386044
3036.096515
2956.120765
2997.151882
3121.957169
3063.093706
2816.853382
3088.487279
3065.307588
2808.145861
3104.772809
2981.167706
3211.253015
3179.107971
3158.485304
3355.023103
2895.300059
2952.674191
3292.679368
2961.897864
3083.842015
2943.653235
3233.530382
3029.974809
3031.046527
3113.108765
3110.328618
2938.807382
3279.662882
3069.189087
2892.869691
3120.831735
3167.566294
3374.828691
3166.735250
3186.022074
3080.914868
3241.804382
3070.807603
2804.586399
3123.832162
2952.621632
3167.765809
3184.217044
2921.449665
3205.078029
2991.420353
3193.048500
3126.268662
2963.743990
3015.449868
3133.636368
3286.926588
3095.803147
3237.022212
2898.938132
3143.129941
3064.042956
3005.393706
2872.280051
3148.705132
2983.694221
3113.774074
3376.781132
2893.735053
3082.323029
3129.813779
3176.518618
3092.596471
2922.876584
3088.174809
3115.633176
2918.649794
3036.893044
2721.466688
3331.267794
3079.634206
3146.737206
3225.220779
2937.855028
2972.491191
3214.415853
3183.284279
3132.076544
2984.053279
2944.528191
2953.463529
3059.500574
3071.899676
3209.805442
3398.181706
2951.749088
3032.903132
2943.510235
3424.138355
3006.981397
3148.023265
3243.523662
3155.827676
3034.458901
3054.571985
3157.501706
2987.975412
3195.572647
3131.220858
2898.515588
3296.196618
3013.182132
3053.893574
3045.228889
2785.727971
3116.261441
3089.385162
3091.181926
3091.470773
3086.573176
3290.492426
3219.303353
3150.766735
3121.489642
3134.094279
3058.313559
3013.874926
3197.215294
3155.280187
3054.694485
3190.977588
3248.304529
3069.877662
3271.110821
2943.934206
2930.082397
3121.743324
3132.729456
3152.357278
2841.963074
3028.969324
3181.827353
3093.908897
2674.892353
3002.020574
2750.419853
2985.424838
3151.461882
3279.135707
3017.311632
3192.590515
3205.923221
3217.344235
3230.530988
2974.949500
3077.419132
3036.825647
2997.387324
2890.977798
3067.892162
3011.157044
3022.853074
3194.633368
3154.569741
2890.751221
2916.892529
2956.024853
3058.155971
2967.291213
3059.441956
3416.780971
3268.299588
3148.967912
3168.570891
3206.381235
3173.648515
3423.286000
2984.622309
3121.577642
2970.469412
3103.838265
3081.057765
2884.425647
3041.951349
3107.196103
3074.295265
2939.958456
3308.792574
3096.337689
3155.620485
3242.380515
3184.235074
3042.554706
3127.241249
3069.877618
3164.009324
3236.891765
2983.238500
3338.249398
3289.938015
3110.316632
3046.437897
3087.936059
2945.512340
2977.987941
3146.018471
3285.814412
2932.696926
2776.778577
3085.497574
3157.842176
2927.547147
2996.041971
3103.964372
3106.592426
3107.689794
3390.033706
3036.105338
3162.567227
3139.316162
3086.880691
3098.565706
3195.266250
3110.559125
3089.862618
2918.440647
2904.867441
2907.157088
2956.411023
3020.666324
3205.882485
3355.244529
3061.130897
3059.163069
3077.757000
3200.388500
2977.446235
3210.675603
2874.108864
3055.584838
3135.683765
3177.402985
3337.815044
2741.486895
3057.697015
2921.708221
3260.724794
2972.513412
3050.455691
3232.447735
2858.855706
2923.544662
3199.036191
3181.423972
3099.302632
3250.138838
3162.339941
3110.960529
2926.249796
2890.625500
3014.924559
3063.906985
2903.506941
3316.244165
3340.851838
3141.293000
2893.140412
2945.378500
3113.126505
3214.892368
3084.784397
2983.255471
3067.894162
3145.172903
3105.688059
3236.821588
3150.895956
3102.948103
3186.096493
3095.704985
2852.667779
3060.330015
3283.203647
3123.441436
3034.640265
3121.916985
2947.608059
2976.278191
3040.167790
3101.218750
3196.805426
2852.955426
3000.169735
3009.998821
3052.391118
3041.008029
3135.959529
3334.038956
3317.501866
3336.446897
3155.484956
3264.786941
3134.237162
3063.440618
3034.985088
3038.785544
3228.216221
3193.785559
3115.596957
3044.812412
3320.695838
3155.223353
3059.534544
2869.206929
3010.718647
3204.035779
3221.668074
3211.130324
3038.335445
3103.880221
2883.778750
3082.374559
3247.698691
2962.846388
3367.467176
3091.009191
2963.597397
3056.519118
2928.072257
3210.876294
3343.689382
2988.088956
3306.809176
3179.164758
3183.494574
3162.061529
3248.649985
2915.629882
2878.092157
3180.874088
2974.862426
3043.820897
2906.673471
3077.971335
3179.934515
3068.623632
3026.797618
2980.830691
3003.915115
3269.398941
3206.367441
3048.617176
3069.295603
2876.814587
3291.776162
3038.638176
3211.982294
3103.457926
3129.654148
2859.670809
3110.000294
3025.761426
2922.535368
3173.038237
3200.762059
3241.119853
2926.841574
3057.688941
3032.187121
2965.531426
3048.529441
3183.116721
3061.894691
3215.152505
3058.933721
3226.483088
3353.930382
3151.091750
2854.464330
3173.345015
3008.590250
3191.565912
2982.722426
2988.709096
3107.925632
3236.678985
2943.134103
3074.968044
3030.783244
3063.889279
3085.605691
3150.648515
3174.112059
3033.623540
3166.219412
3063.945721
3109.445000
3424.318118
3100.577394
3008.609294
3270.393074
3145.125544
3141.715912
3160.012763
3138.170221
3058.137456
3182.755868
2998.152265
2996.566044
3181.729221
3321.961029
2894.741103
3279.908912
2925.166001
2951.695250
3085.884059
3111.073324
3270.569574
2824.749017
2972.566529
3027.593765
3225.537103
3111.122618
2969.878680
3052.443941
3132.767235
3171.228132
3273.370191
