5870.204294
6345.673691
5387.584765
6072.769206
5763.982084
6031.918941
6779.730294
5744.133794
6372.822132
5178.029541
6185.827382
5859.016956
5610.920809
5833.525162
5845.439042
5883.895397
5701.512735
5761.397897
5803.730015
5586.207455
5614.755765
6113.230176
6082.388353
6154.081735
5918.380486
5926.955500
5603.256441
5700.252868
5675.982162
5898.001693
6073.844662
5520.169794
5893.523265
5940.295515
5438.350165
6082.023500
5478.667147
5761.888029
5662.228103
5747.760623
6091.409735
5906.157588
5763.261691
5549.699309
5259.761080
6026.411132
5765.972103
5968.025338
6852.314809
5781.934214
5933.561191
5656.208088
6120.441676
5771.607279
5324.119465
6173.003721
5955.982676
5684.465721
5570.119162
5506.518378
5941.836588
5793.199779
5815.551088
5475.116088
5848.564174
5147.714765
6084.523426
5640.263544
6610.061206
5769.634484
6207.994059
6329.441382
5881.810647
5873.480647
5789.799868
5822.229191
5894.450309
5914.816956
6175.159279
6239.079913
5838.006941
5755.792235
5441.718118
6073.444221
5809.330444
5786.625853
5614.020250
5802.911662
6270.409750
6163.630842
6047.532118
6290.489044
5598.993941
5795.554794
5804.413167
5674.585618
6105.907647
6347.421118
6321.650515
5482.976257
5506.242603
5782.778235
5578.419515
5463.396662
5929.491244
5784.371868
5863.686000
5386.383956
5662.755544
5866.907451
6070.305412
5458.542824
5773.056118
5778.160000
5528.688761
5295.589147
5574.136515
5905.367412
5903.240382
5553.152762
5654.546868
5804.183191
6336.222662
6171.099838
5294.760455
5682.819000
5715.587912
5775.816559
5944.857441
5712.517515
5908.865368
5941.711471
5780.470500
5835.801515
5664.284105
6034.761912
5806.462971
5826.873956
5544.526794
5409.147400
5497.787088
5964.894956
5498.117103
5842.026426
5519.749196
5511.225632
5415.395324
6111.966147
5319.196971
5368.619624
6114.021676
6343.241706
5862.224250
5460.591603
5818.773463
5855.543632
5813.514485
6065.944456
5651.991559
6098.023862
5689.075426
5584.075397
5591.899015
5683.050735
5939.375466
5933.057779
5758.724118
5775.010279
5863.549015
5624.932600
6006.284456
5907.138544
5644.935662
5754.961618
5690.955057
6512.369941
5604.084985
5576.559632
6396.835721
5579.432161
4706.007191
5897.080838
5345.404426
5359.861647
5741.870207
6205.206485
5966.606250
6008.114971
6350.353618
6260.788017
6204.411235
5792.677721
5642.759809
6116.828618
5368.733018
5644.158265
5955.840221
5595.448015
6017.804809
5798.900240
6009.309353
5671.614868
5738.935132
5555.151838
5631.667595
5584.168000
5810.550309
5650.280000
5961.421794
6221.984875
5711.819162
6009.024471
5525.207235
5983.593897
5543.927744
5414.122971
5347.212265
5696.309735
5611.755103
5493.362290
6031.828897
5897.065441
6253.341794
5918.703176
5531.523541
6178.320882
6058.044779
5925.835559
5559.987412
5798.820999
5690.549412
5487.279294
6254.671206
5784.714441
5804.731485
6273.852221
5820.593618
5789.258853
5699.457838
5985.253398
5945.108353
5682.289515
5895.189868
5687.284103
5686.052838
5737.880356
5804.555338
6414.622426
6134.932941
5899.805912
5678.250298
6049.469971
5615.887088
5880.557676
5853.660118
5812.768064
6013.344324
5793.425779
5687.988471
6089.070765
5433.612463
5703.537897
6476.734059
6186.328662
6360.686618
6000.232008
5531.574456
5707.361912
6345.331853
5658.925897
5753.865377
5451.170897
5394.821324
5493.208912
5603.259824
6209.213952
6030.847132
6073.553941
5778.902544
5590.837765
5665.633865
5580.852221
5847.680662
6102.041103
6243.307515
6247.782146
5817.644103
5476.690235
6088.979015
6103.362971
5978.533986
5476.213721
5893.024676
5673.076750
6015.694412
5491.241575
5917.454029
6129.752103
5827.700809
6387.281853
6009.701753
5496.494735
5578.782824
6163.926485
5877.437279
6084.175990
5983.633235
5728.565309
6186.465956
6196.942853
5726.216491
5519.998632
5750.832647
6039.403941
5565.469647
5575.191287
5545.388691
6155.412750
5831.619397
5881.228235
5770.847847
5817.164235
5957.275088
5577.423515
5585.110426
5953.535863
5893.145382
5688.576206
5706.943412
5629.412162
5303.544732
6235.608941
5689.748574
6087.484147
5946.312338
5555.789660
5885.516426
6192.044838
5823.011912
5969.969485
5795.755338
5873.882574
6120.101324
5440.570132
5628.015618
5846.143898
5823.537941
5989.006441
5766.443603
5526.913074
5489.128429
5400.027662
5455.014662
6094.240441
6207.910426
5794.315930
5830.637853
6154.877368
5959.520191
5919.402647
5960.115917
6113.565382
5724.988691
5893.656779
5882.441618
6088.578477
5595.240794
5752.783309
6529.784353
5598.862882
5460.565978
6020.309324
5494.052074
5875.994265
5458.532985
5984.858877
5458.513015
5372.544368
6055.249338
5642.366088
5758.036628
6078.617779
5779.363985
5352.394191
5484.696471
5575.112821
5793.446706
5336.675191
5616.445118
6341.606368
5775.879352
6000.638176
5680.883250
5595.937662
5798.801294
6055.891221
5578.432971
5867.359235
5373.804176
5722.103015
5252.930663
5664.984971
6025.991250
5872.801162
5431.886824
6013.287253
5571.540353
5899.650235
5805.042838
6024.730162
5885.257813
5479.585088
5544.698103
6125.368956
6186.639706
5634.659138
5676.024941
5787.143515
6067.509368
5924.662353
6196.077051
5482.186985
6073.033147
5648.535265
6344.822603
5791.375523
5924.531015
6635.463853
5685.372088
6000.827750
6033.424568
6186.455956
5685.267588
6146.399853
5978.612176
5326.696040
5969.351897
6026.813265
6247.125191
5991.105603
5679.782204
5809.825662
5824.983618
5661.093985
5832.697794
5889.943426
5417.367162
5575.086779
5994.084735
5527.124515
5889.662089
5968.375456
5594.615824
5833.772074
5824.636412
5205.190678
6215.097441
5864.438971
5956.818721
5532.470515
5605.595327
5490.215515
5883.785426
5996.800485
6159.349221
5520.826960
6040.419809
5801.420279
5567.157426
5623.087074
5621.613491
6242.108265
5292.418074
6084.998647
5961.183088
6273.836949
6149.838735
5671.153529
5816.654265
5920.820250
5564.462597
5717.025794
6050.696250
5658.461353
5645.867647
5880.922951
6151.814868
5781.494368
5863.331176
6013.701926
6188.521056
6104.610250
5596.904603
5446.971721
5566.857588
5916.403086
5756.769382
5642.967088
6256.958250
5502.345603
5691.052558
5720.213765
6136.301441
5976.144529
5946.472353
5458.118545
5866.387985
5820.218544
5882.286088
6012.003029
6011.286517
5979.677603
5779.919368
5655.683235
5929.384706
5790.027695
5483.461515
5586.078603
6023.571147
5748.686441
5647.975932
5550.742676
6187.434441
5769.631074
6053.748882
5236.173756
5650.709235
6179.728279
5655.080397
5750.186721
5958.122787
6084.326779
5769.822529
5534.527735
6092.935824
6340.134215
5396.046676
5966.092147
5532.050397
6094.332618
6108.120025
5843.462853
5732.356662
5494.134500
5874.200456
5694.956938
5705.201353
6040.398382
5591.255544
5699.396044
5391.488057
6106.268044
5534.507441
5584.819176
5891.805956
6111.395750
5846.347044
5356.643044
5655.337603
5576.884147
5553.932369
5762.450706
5734.305074
5693.600471
5807.908500
5536.617179
5548.367603
5692.634235
5697.181382
6081.342088
6071.885445
5648.490529
6182.671103
6220.613647
5279.338221
5864.437917
6095.979706
5899.735985
5985.815206
5676.396735
5918.050639
5589.545735
6042.739559
6136.468985
6022.547132
5497.056567
5629.831941
5392.145309
6026.208015
5966.139691
5913.296701
5845.145779
5802.988676
5274.697088
5934.369206
6211.180952
5799.247029
5777.851838
5656.983397
6019.969059
5930.942674
6105.870882
6110.789456
5527.105353
5803.517971
5595.056043
5809.196809
5817.820294
5734.311412
5615.547912
6117.028089
5427.120882
6058.415956
5590.037088
5347.656662
5255.420517
6024.411618
5608.953809
5423.866103
6426.732588
5617.134591
6345.575074
6582.183353
5866.185529
5713.860132
5318.192402
5434.679456
5770.421221
6275.805221
5861.139324
5809.564050
5445.735853
5951.248603
6167.064338
5997.597632
5898.623419
5698.144368
5948.564074
5728.906088
6201.108353
5707.007229
5953.854779
5725.612118
5533.175426
6295.333662
5097.120760
5710.677279
5721.127000
5797.828662
6049.474265
5745.678100
6241.292868
5717.726059
5570.017868
5994.140529
5531.229336
5659.601074
6027.557912
6028.489750
6338.852088
5461.250044
5611.650956
5672.076574
5808.753426
5700.291647
5749.898383
6222.632779
6069.407882
5361.060618
5670.814368
6114.706355
5452.786265
5351.061000
5750.675868
5664.984221
5401.726533
5705.185824
6051.616044
5423.114941
5839.390485
5899.890608
5533.691265
5548.568074
5549.357456
5783.645309
6227.245698
5686.913838
6006.677779
5682.896985
5411.713206
5628.808243
5870.880721
5553.495706
5672.792397
6052.017603
5651.865980
5984.001882
5272.659029
6133.384926
5835.676735
5722.302496
5946.341897
5918.758471
5796.571250
5961.202088
5592.211247
5536.456809
5489.592059
5476.584500
5843.538618
6032.484293
5674.178235
5585.434971
5984.030676
5455.074662
5580.304765
5682.193382
6343.618368
5625.862721
5833.270603
5977.255825
6113.757985
6347.506662
5781.472441
5854.924897
5631.842297
6106.711162
6188.972412
6241.387382
5625.325794
5890.722284
5542.668956
5720.521824
5667.161426
5786.474721
5816.373726
5414.420809
6353.427265
5648.640132
5917.330162
6435.064963
5615.735368
5876.628926
6251.947750
5831.201235
5421.568391
5124.764721
5620.154574
5799.812618
6024.838574
5227.381171
5774.025779
5746.769397
5835.470838
5768.779574
5920.999232
5610.009412
5639.214868
5943.575074
5586.687324
5953.847777
5832.821721
6014.364265
5750.153603
5971.729691
5673.817720
6055.679191
5996.574956
5237.520853
6007.528015
6108.501633
5454.329941
5620.063294
5499.069162
6020.432338
5413.980634
5456.553750
5606.561691
6137.041882
5863.861706
5679.393091
5680.162206
5760.220294
5949.991132
6068.871279
5569.712093
5814.433765
5900.335294
5689.112147
6043.368176
5527.838491
5663.588426
5526.609353
5881.037338
5894.141897
5724.676199
5652.298500
5450.361956
5767.143176
6040.809059
5965.927141
6198.913956
5715.427456
6044.415691
6083.414412
6053.228422
6026.112603
5716.483632
5423.516456
5414.899853
5566.029438
6386.524824
5992.490750
6030.385588
6237.485824
5509.717557
5654.908000
5574.164338
5640.274559
6117.696500
6232.518426
6069.138485
5696.280897
5906.786588
5190.641426
6108.546898
5541.981647
6080.530765
5699.594603
5607.666059
5734.096899
5670.990485
5095.154485
6225.132118
5704.128456
5903.832298
5864.954941
5792.889794
6518.462426
5418.975000
5923.234064
5572.313265
5642.303559
6005.429103
5835.002368
5545.862433
6142.641324
6047.207294
5854.964515
5507.980809
5685.486846
5734.345500
5501.638353
5593.101015
5711.109265
6199.292347
5938.728176
5977.749265
6084.797029
5920.945074
5683.776128
6030.872618
6242.428515
5552.110750
6018.667574
5919.861027
6321.844103
5824.311779
6369.300368
5939.921397
5229.793572
6000.985221
5502.822176
6305.335059
5748.446338
5744.792456
5831.023618
6095.919029
6316.745265
5393.518176
6024.094266
6510.186441
5904.308691
5260.967574
6120.798471
5235.062444
5718.360544
6140.694382
5692.368515
6029.501882
5924.767931
5615.707941
5807.340294
6503.636676
5796.262412
5731.441785
5673.722926
5965.429162
5970.083279
6158.707574
5657.953742
5572.001176
6193.536353
5933.664338
5910.773824
5591.606273
5773.493471
5627.911632
6325.137015
5975.110824
6164.967877
6026.712868
5306.898868
5559.139544
5574.666926
5831.153188
5790.249809
5864.326279
6008.007265
5423.634103
5467.145321
5754.289324
6006.544603
5497.979897
6121.285971
6129.166852
5991.136529
5397.744353
5741.824500
5966.455147
5191.135486
6016.253515
5906.779529
5652.536324
6033.187691
6042.584634
5704.065000
5404.610015
6017.815868
5429.890250
5828.079018
5492.395897
5371.304500
5838.575397
6191.771662
5924.503578
6094.892721
5965.291162
6112.901485
5849.978588
5952.339682
5687.410044
5190.521779
5798.118632
5751.602368
6140.432684
5728.106279
5848.245971
5676.779882
5490.001250
5594.416141
5684.296956
5701.927382
5848.421721
5725.664353
5306.503760
5576.261132
5991.548162
5682.332279
5556.291926
5492.262688
6105.103456
5829.783426
5460.866515
5713.158103
6089.589616
6298.868235
6324.652676
5114.661191
6108.210941
5788.105382
5616.574721
5671.329603
5890.717676
5407.354456
5496.790383
5379.096162
6411.876368
6026.145691
5974.621985
6013.244620
5926.060029
5829.554500
5764.778118
5083.239838
5956.957092
5605.711279
5753.522162
5571.526750
5685.176735
