5045.245765
4725.738632
5280.910750
4703.760515
5175.984084
4744.378324
4745.022206
4519.039147
4912.955882
5143.300070
4900.061941
5045.448147
4653.007588
5362.886647
4659.125322
5165.446647
5002.295676
4965.234647
4568.386029
4640.452250
5127.353735
5052.224912
4850.544074
5117.819382
4776.798148
4630.932132
4576.297441
4807.309765
5040.630971
4604.810958
4938.141985
5022.241632
5200.493721
4864.182926
4761.305989
5099.366794
5086.221485
4846.394559
4785.373279
5171.877505
5253.242426
4831.007147
5010.458750
4725.133912
4869.341183
5233.462971
5060.386103
4888.014309
5174.857941
5236.324670
4896.646059
4822.069941
4706.234368
4953.304706
5005.078980
4872.279662
4811.098809
5105.256221
4848.224294
4614.160658
4756.468235
5138.358529
4903.552588
4842.836779
5027.685159
4710.759044
4941.532382
4881.005088
5287.624235
5028.844852
4795.687926
5267.801706
5255.732191
4784.384721
4808.086412
4772.555588
5273.692397
4914.575000
5102.151676
4332.616590
4914.359735
4708.160706
4389.795324
4956.309882
4680.051753
5022.750015
4755.044676
5100.460882
4792.393206
4421.573519
4690.807368
5128.308647
4813.102632
4844.958735
4726.571432
5053.855353
5334.834353
5249.087103
4815.036706
4932.676757
4671.496221
4921.053176
4740.081471
4904.232176
4605.672626
5168.208500
5187.508294
4647.877044
4817.044794
5012.650936
5077.995441
4707.734088
4768.598162
5091.177603
4752.194246
4925.005853
4612.395029
4352.039618
4701.522588
4414.490630
5077.167691
4796.036941
5096.585794
4423.861544
5022.492308
4796.721515
5066.237471
4951.668074
4780.568956
5074.620648
4601.967015
5008.423529
5120.735824
4836.511162
4409.342914
4515.982985
5106.304632
4634.890809
4750.832706
4906.879459
4959.651868
4948.747824
4453.897647
5273.412412
4752.406828
4591.663015
4887.596882
4646.302353
4887.961559
5034.193094
5261.197912
5037.925338
4828.217382
4576.985647
5353.894772
4912.280897
5061.332294
5065.552279
4648.889191
4992.310112
4997.500956
4816.522132
5068.092044
4557.340882
5135.862113
4844.225588
5078.882074
4497.180368
4873.403059
4935.827864
5049.953456
5106.536912
4885.947824
4774.507794
4546.695881
5149.879500
4818.600632
4689.234794
5062.688603
4730.851500
4794.564088
4543.761897
4793.586265
4691.238029
4765.970692
4556.148912
4838.727279
4951.033956
5063.939235
5000.668149
4848.230353
4758.072088
5251.150456
4737.236926
4737.986813
5021.360882
4674.782338
4850.535971
4876.725794
4416.118123
4636.571029
4672.777647
4851.707662
4688.097206
4953.216021
4993.181235
4744.547191
4919.528324
5158.611515
4541.488184
4548.743338
5096.271912
4640.552059
4919.158662
4810.830377
4602.741456
4834.628456
4770.754971
5142.673441
4475.069643
5056.924559
5162.992926
4667.796706
4820.867118
4728.148394
4830.974824
4613.363279
4964.465824
4798.330912
4801.928146
5030.614676
4873.399294
4655.158824
5120.732985
4892.240147
4950.856853
4814.568750
4899.824132
4692.774971
4832.406781
4870.498544
5138.253721
4775.574779
4753.768603
4876.346456
5027.022297
4885.707897
4974.983985
4868.188235
5256.942309
4620.552401
4634.594765
4984.575088
4348.339176
5004.567603
4917.567917
4582.364426
5298.187162
5343.552000
4649.015456
4789.112154
5078.336882
5389.950941
4706.485882
4413.600706
4609.683082
4624.092397
4845.991206
5136.559574
4890.653824
4811.680348
4977.423382
4694.137632
4980.173294
4692.064559
4629.003452
4754.677412
4820.559735
4696.961941
5041.453574
4996.864027
4619.017971
4844.477853
4799.811426
4526.872015
4601.650058
4764.313000
5431.058059
4795.187809
4825.919618
4681.580015
4704.908029
4833.657794
5067.702647
4788.006397
4588.881399
5033.822235
4767.405662
4949.831029
4731.879235
4551.960077
4595.472544
5080.469176
4695.399412
5059.555368
4905.496652
4767.180868
5137.064088
4951.797676
4768.300515
4832.514844
5048.007926
4871.916132
4932.490735
4539.803515
4694.538904
5329.974735
4916.350279
4843.221588
4748.295515
4819.872656
4727.623176
5372.706382
5144.863735
4800.703632
4704.761819
4828.120750
5079.511647
4745.473162
4898.767044
4519.466629
4625.387794
4702.455412
4237.505088
4988.042191
4829.950586
5000.225985
4599.546353
4603.454324
4571.768882
4941.862411
5183.243500
4845.381515
4740.294721
4975.583221
4801.405854
4824.991397
4917.976485
4980.639529
4782.370250
5126.890164
4879.355809
5165.439956
4530.401559
4959.599206
5263.602548
5019.767706
5347.631485
4806.828971
4889.973485
5199.964387
5118.959515
5089.535294
5087.553250
5584.934485
4499.583653
5015.595353
5352.803882
5064.431956
4696.768118
4856.806787
4934.761382
4733.226750
5045.491603
4963.674279
4821.678921
4743.379765
4652.457676
5347.845647
4921.930603
4926.570643
5120.636809
4509.741971
4726.942250
4677.735500
4466.843747
5034.157912
4857.726471
4631.669721
4883.407838
5139.638484
4923.029529
5066.207426
5120.231912
4742.448015
4878.582838
4863.073088
4926.569441
4471.481206
4732.365206
4613.900443
4860.143353
4969.140324
4934.460412
4634.021324
4970.056282
4618.554588
4677.101618
4381.883279
4921.662088
5011.431651
4970.889544
4864.333662
4561.555368
4913.239088
4800.168844
5069.913426
4886.416221
4631.681118
5128.267103
4631.800816
4472.859059
5406.031015
5162.450941
5005.771941
4906.362082
5122.734824
5187.865868
4460.183559
4617.153441
5187.980980
5186.379912
4639.582750
5013.420338
4912.599882
4665.672232
4978.211588
4594.964838
4598.645588
5019.224044
4357.381012
4742.347559
5138.868265
4869.117324
5062.074191
4558.901852
4796.189059
5039.551588
4853.436632
4381.076279
4630.924795
4728.000397
4857.026882
4628.461412
4580.274647
5077.450414
4936.445941
4438.463588
4850.799632
5075.859647
4510.626489
5006.470603
4887.942471
5056.415485
4873.046044
4550.478637
4979.357662
4727.823632
5208.759250
4782.219397
4775.591285
4626.259912
5005.517456
5335.043750
5062.193529
4548.019625
4781.292882
4964.861691
4971.673765
4592.449118
4843.246803
4864.111353
4770.810250
5186.612118
5030.469603
4915.470951
4696.387471
5082.710088
4965.124368
5042.238074
4592.230791
4703.521412
4484.739588
5167.976191
4724.689250
4988.120131
5327.749985
5289.307103
4904.573588
4901.405691
4413.754044
5066.397971
4995.789382
4614.526485
5151.927485
4764.875736
5320.693838
4813.943779
5170.014956
4799.377941
4460.679752
5357.714338
5096.365235
4921.731721
4763.759456
5000.463945
4594.333574
5434.563735
4884.388265
4683.220676
4556.452358
4755.255206
4482.258647
4993.358603
5005.463956
5300.943389
4492.505971
4883.966809
5185.060706
4692.437074
4675.518964
4823.532412
5118.151103
4857.399265
4699.655162
5239.313230
4599.377676
4672.343926
4812.809191
5331.956441
4691.919908
5259.197456
4829.926162
4489.857118
4511.771368
4644.217218
4587.376103
4937.724735
4978.632471
4807.922441
4981.360866
4830.445941
4545.433382
5018.440500
4911.743088
4828.455441
4958.395926
4781.107632
5012.987691
4829.188676
4827.522443
4695.198147
4933.712074
4930.753324
4530.613956
4608.070356
4873.090824
5457.781294
4799.830971
4733.956279
5093.966519
5005.736368
4751.311103
4739.537324
4790.048441
4762.706050
4792.133662
4930.996735
4913.334324
4454.029956
4880.821051
5059.213176
4845.965544
5112.098574
4853.870559
4647.858361
4879.823015
4387.182603
5046.382426
4866.338765
4752.177083
5277.722471
4478.512750
4898.257265
4688.617000
4819.801246
5134.736368
4683.412279
5306.436324
4634.806338
4561.725645
4831.220074
4738.441029
4576.702574
4581.675485
4937.081999
4752.271529
4738.164162
4742.325647
4604.751779
4433.263118
4815.177309
5149.106221
4684.148368
4425.326382
4410.619928
4855.132309
4836.815588
4933.850765
4771.094162
4796.354136
4990.280912
5265.244588
4679.446794
4711.087441
4574.645799
4658.798147
4622.027515
5339.046485
4957.681735
5062.918491
4700.665912
4978.046750
4957.131603
4634.997279
4546.601699
4663.276059
4605.310000
4579.993765
4881.249103
4885.800612
5137.214529
4738.411750
4558.013235
4821.285412
4345.070348
5093.563588
5015.392397
4556.992515
4508.940721
4540.958497
5200.316750
4925.661971
4579.406574
4826.288515
4899.149483
5111.135441
4692.404471
5262.766588
4778.450868
4792.392882
4507.435735
4913.297324
4916.063235
5183.370250
4583.700192
4960.267794
4907.317368
4954.304221
4922.874721
4830.766782
4631.162588
4690.912706
5201.427529
5139.235956
4720.742415
4837.196559
4965.833000
4898.090500
4641.941309
5422.807358
4723.408824
4792.959647
4665.516676
4499.518824
5191.419712
4642.598132
4985.884132
4916.578235
4937.453721
4533.634346
4929.060618
4680.389632
4567.913721
4522.728559
5066.551494
5126.033574
4973.401544
4806.397735
4813.559353
5356.493628
4654.653941
4752.311103
4663.706029
5487.585706
5133.356850
4736.587662
4382.702868
4592.171559
4957.880118
4760.971381
5034.790294
4826.302926
4833.757088
4679.950735
4832.562279
5028.330485
4929.809574
4749.322912
5312.031618
4617.598134
5020.248250
5156.376471
4845.952088
4387.368397
4603.845900
4927.264515
5002.159971
4599.634559
4718.442662
4634.106475
5041.811838
5011.450412
4926.809632
4925.144647
5094.218535
4752.950441
4977.599235
4646.065765
4793.253750
5251.469477
4886.087412
4737.632250
4825.103059
4812.208147
4997.174038
4863.468882
4735.281559
5041.933529
4986.327765
4773.882127
5288.110368
5198.013279
4813.382735
4956.043471
4716.413835
4548.483647
4821.027029
4693.752956
4883.940294
5191.009380
4492.253044
5197.003353
5073.929721
4707.588721
4815.204337
5138.215662
4865.009971
4906.460382
4821.441956
5004.171853
4886.690294
4860.095794
5001.057868
4912.018132
4477.924443
4827.048765
4891.372485
4751.744088
4902.260676
4630.065768
4780.816471
5004.554191
4809.650779
5182.434618
4960.422946
5262.008103
5183.604721
4945.770750
5133.562206
4805.805506
4661.951029
4832.785794
4578.562588
5004.406059
4932.425375
4788.498250
4484.526882
4945.669882
4924.778412
5306.482259
4896.278647
4915.435544
4661.081735
4545.678721
4866.090892
5107.149485
4760.045588
4615.290324
4583.371456
4825.136467
4987.604574
4824.429912
4639.439676
5051.682882
4663.310204
4659.044309
5068.838971
4615.903029
4963.969324
4820.995852
4782.773015
5148.410221
4842.140279
4882.244162
5025.318898
4710.356809
4976.155397
4622.385353
4666.759044
4798.460341
4757.504971
4451.369456
4952.375029
4888.610000
4633.525901
5062.771353
4722.834794
4978.505603
4653.195250
5065.759755
4996.103956
4871.876265
5152.379691
4913.872971
4978.534403
4936.338824
5154.715088
4977.142559
4723.078632
4748.005111
4416.395456
4915.659368
4732.577750
4573.492397
5001.658892
4592.427441
4789.314132
4823.419838
4782.669250
4617.335261
4796.274926
5012.789279
4681.521456
4982.242103
4900.441880
5219.411500
5235.200926
4703.476456
4942.125897
4567.733381
4612.745721
4684.716926
4957.919779
5126.541706
4486.112235
4788.338971
4890.942353
4864.814897
4423.564456
5017.513031
5229.003662
5069.135368
4716.833029
4949.340485
4990.009312
4748.911294
5094.647721
5019.740559
5136.433574
4987.061357
4666.054971
4888.367618
5060.311647
4948.344618
4671.324006
5230.787588
5027.199118
5389.945250
4867.900574
5043.406580
5006.967632
5135.991750
5056.956015
4998.126500
4908.191199
4663.842985
4990.009544
4872.707809
4676.090618
5012.530730
5051.543765
4593.423118
4811.435985
5006.540059
4693.369393
4730.054221
5112.789265
4641.928015
4505.410397
4805.307468
4964.162676
4815.177912
4573.457941
4904.094721
4640.395926
4723.703824
4990.256765
4805.052824
4816.761426
4268.630280
4716.386750
5061.649309
4668.418574
4937.164603
4742.542531
4920.266485
4493.852544
5002.529779
5043.524559
4551.587047
4735.197015
4901.418206
5067.386882
4802.814574
4719.711887
4780.941618
5157.132706
5110.648691
4596.319985
4992.690668
5147.717618
4729.428088
4586.364603
4680.510206
4853.998228
4903.523206
4801.477926
4687.321279
4479.148794
4821.955038
4819.685985
4877.806382
4967.510676
4771.818868
4535.496113
4740.092441
4676.969882
4611.476176
5010.762279
5054.940879
4696.429809
4698.215191
4745.588750
5371.152059
4653.842013
4684.980721
4663.523397
4672.552941
5259.576853
4978.194044
4949.354147
4755.493735
4715.962662
4433.304809
5039.271810
4710.763191
5229.870868
4538.150456
4789.877441
4724.473179
4945.827853
4915.052676
4606.067441
4716.545176
4505.743195
4895.539103
4671.772691
4970.988353
5023.600132
