3997.756544
4205.307971
3847.924265
4125.770426
3874.721407
3902.290397
4063.094176
3944.827088
4009.435309
3884.978011
3845.360397
3876.799882
3615.435956
4343.992235
3803.877851
4418.249882
4232.843500
4118.464706
3997.438897
3702.485308
3665.540441
3867.602721
3898.370441
4337.814500
3757.566795
3733.872529
3929.756750
4111.433118
3906.075485
4018.292870
4297.525029
3818.233735
3871.683265
3861.902794
3912.640254
4161.761250
4191.259074
3734.394515
4331.017309
3959.588770
4419.051015
4289.703882
3945.258456
4051.019544
4079.305036
4189.531912
4144.585500
3639.519235
3905.441206
4037.336331
4016.074397
3934.135515
4224.442294
3834.031162
4105.226303
3925.108897
3844.842971
4023.111647
3931.466721
4175.709349
4146.966941
4042.852838
3998.626529
3833.205309
4141.861909
4105.132500
3946.202574
3994.038647
3803.546794
3883.137396
4182.596074
4074.389029
3905.257794
3856.145132
4033.371574
3832.470897
3896.776338
3775.956000
4097.481515
4058.831884
4020.860382
3883.565779
4173.477368
3798.095353
4186.892782
4191.615426
3960.344382
4109.723868
3910.594338
4129.435828
4392.809074
4147.465412
3893.721382
4021.151912
3964.534888
4076.607338
4241.257441
4154.219147
4209.656544
4154.801948
4023.906618
4238.143103
4088.005324
3847.034647
4012.890023
4337.083353
4209.363750
3871.659544
4060.547309
3898.045760
3915.439441
4045.219397
4140.922426
4250.250250
3292.985996
4310.491221
3785.920221
4104.401353
4022.321706
3744.228718
3985.826191
3961.893309
3925.438897
4259.342529
3905.862249
4323.596309
3829.230250
4144.920279
4075.121779
3967.956486
4306.159294
3954.820676
4175.571000
3862.720044
3866.361414
3758.004191
3792.963868
3998.729971
4030.907529
4004.834297
3835.965353
3855.618015
4380.911618
4219.209147
3855.831755
3659.140706
3811.141838
4154.755603
4215.391691
3906.770874
3901.560382
3822.538397
3945.329206
4137.263471
4208.947904
3849.675044
4103.757103
3815.351147
3791.617088
3863.760612
3940.490912
3862.878926
4274.899015
3950.573676
3789.577040
4138.368941
4053.332456
3825.352647
4015.440824
3864.598306
4124.648574
3996.777735
4169.136235
3762.072941
3768.543645
4088.563941
3906.913779
3974.318191
3852.626882
4086.731661
4160.933588
3995.021221
4285.611456
3700.865603
4219.862869
3855.894941
4136.704485
4126.162029
4220.584676
3566.630164
3795.747765
4114.705059
3877.913956
4056.329132
4024.379695
4074.194309
4154.133544
4026.943118
4256.292735
3903.364814
4282.417279
4160.085632
3893.922074
4040.177029
3666.773271
4029.518824
4067.073324
4079.765000
4050.806647
3951.688287
4101.946515
4052.599309
4533.840162
4125.217397
3812.966303
3783.653868
3856.951676
4397.869809
4201.277647
3856.388775
4246.050471
3990.349382
3898.403868
4328.117118
3774.411218
4005.603324
4102.046485
4016.229059
3968.929897
3779.713131
3969.466794
3977.320294
4000.565603
3979.220588
3661.485706
3905.747779
4163.361426
3941.842956
4094.757647
4349.195119
4035.347397
4104.485206
3849.784559
4195.190000
4030.290118
3893.422003
3650.137765
4102.516015
3931.695485
4138.898529
3943.141004
3921.145868
3786.114779
3948.197882
3943.558662
3700.991991
4053.033382
4026.812529
4016.363309
3990.635412
3838.676860
4323.994103
3794.141397
3731.167912
4368.686471
4251.301597
3788.738426
4247.619176
4378.109971
3946.813500
4378.430657
4004.107574
4447.180794
3899.285544
4203.758485
3937.528555
3827.614103
4378.835721
4090.153250
4358.661647
4064.287380
3978.836941
3902.676029
3881.711926
4054.400926
3745.290470
4122.772588
4184.119868
3926.611618
4061.405338
4050.459456
4105.879618
3927.327926
3740.934235
4371.453103
3722.819002
4167.290162
3642.037721
4037.617691
4040.639735
3803.167297
3981.378941
3876.521000
3978.437838
3843.232676
3572.170725
4172.617191
4287.526485
4212.119088
3932.891897
3993.996947
4122.810294
4446.977441
4001.042471
3780.367971
3857.121654
4185.886735
3985.527265
3767.567809
4123.073544
3718.125965
3666.909868
3700.975971
4137.863265
4143.268618
4025.537437
4054.667706
3801.395985
3942.915353
3895.723779
4138.893070
3795.845721
3888.729529
3778.733515
3959.448647
4218.653425
3971.350000
3879.051368
4083.651721
4202.567441
4039.879176
4129.800618
3923.728441
3887.704294
4367.420279
3983.912089
3997.520721
4028.858353
4049.339176
4108.277059
3922.966899
4042.692632
4164.372529
4088.281044
3973.475588
3826.088210
3917.653882
4073.363838
3907.173588
4179.312588
4190.738608
3656.395426
4231.302029
3944.536985
3934.128632
4224.796933
4056.819721
3907.041750
4107.600544
4208.236382
4055.603802
4182.824765
4363.144603
4104.772941
4127.623588
3951.495980
4177.358338
3993.970485
3922.917721
4129.996544
4191.520011
4165.760632
4145.523235
4032.910015
4093.101721
4057.954791
4035.903044
3925.886779
4301.203000
3870.830853
3879.870352
4035.028397
4099.575574
3944.409971
4089.239706
3907.777838
4448.478706
4152.797588
4319.587500
3954.642397
3940.374178
4130.842132
4084.749853
3557.837603
3802.363074
3851.824370
3885.666368
3801.572603
4234.645971
4270.308441
4265.406210
3906.210309
4034.446500
4288.768191
4088.374044
4403.811358
4209.965029
3980.705794
4052.396074
4347.501750
3941.618404
4053.330574
3996.185765
3911.501132
3756.845956
4071.292097
4106.841147
4425.246838
3706.261544
4137.853206
3931.809245
4148.840235
4535.355912
3982.623015
4035.605853
4089.922276
4226.739765
3904.461088
3552.089029
3982.571294
3819.818145
4379.137706
4196.934735
4153.440574
3991.914368
4071.758793
3859.577632
4066.116294
4064.758765
3893.367765
4119.912030
3870.820044
3953.160647
4235.752794
3931.429279
3852.191119
4309.279721
4189.937294
3853.660118
3848.954691
3637.413033
4217.924426
3922.953882
4119.142721
4117.472574
3765.716358
3947.568118
3893.870544
3890.406897
3819.212279
3905.362241
4009.736529
4120.485662
3904.104544
3876.524574
3697.149184
4115.588574
3889.339515
4095.719721
4113.332971
3973.036420
4101.716926
3879.871221
4240.102956
4198.680338
4122.707628
4049.901162
4099.878382
3690.545706
3836.207412
4057.570453
4040.754882
4042.256912
4002.580015
4005.152750
3835.882248
4086.130794
4104.845147
4138.424029
4115.120515
4293.207735
4181.507412
4201.913632
3970.124397
4026.828412
3994.519854
4108.887897
3886.571456
3905.424103
3851.828309
3789.033414
3999.492206
4438.005441
3833.644809
4213.912000
3949.219945
3783.755882
3989.315706
4182.814015
4123.475529
3731.656476
3995.103559
3889.357426
3850.843544
4225.989500
4077.248859
3953.028765
4204.879265
4096.737765
3493.886882
4124.887758
4095.962956
3857.014912
4018.158956
4160.448618
3753.001200
4065.557103
4085.300132
4046.094706
4532.141618
4236.176658
4243.779059
3935.284265
4066.379382
4067.153956
3785.600674
3958.704882
3554.407912
3847.268397
4120.191941
3950.257263
4062.098956
4025.148779
3915.566309
3861.520750
3713.718015
4359.012250
4160.494368
4150.218294
3762.946426
4201.324560
3876.631838
3976.098662
4103.171559
4178.611029
4131.388826
4169.734559
4366.656176
4031.761309
4070.993824
4059.927725
3819.530868
3950.031765
3961.125029
3910.556000
4045.150991
3978.846956
4276.391706
3755.842015
3952.425015
3606.806536
3962.770676
3709.262662
4171.557897
4074.988853
4000.057229
4104.200191
3601.300324
4276.393632
4044.435529
4140.348157
4035.482279
3854.772632
3726.010250
3892.900779
4021.574614
3736.458868
3957.927912
4417.782353
3639.593456
3843.294307
3957.546147
3860.313985
4263.580206
4171.623647
3749.811337
4026.902397
4159.088088
3749.954941
4368.489735
4114.470809
4207.127897
4016.947926
4197.863029
4043.282559
3777.387708
4036.334618
4008.970956
3716.101324
4118.457853
3861.852459
3827.936662
3993.895279
3782.241632
4011.194397
4075.050887
3840.973500
3969.085809
4063.809000
3913.817118
4119.692344
4376.037191
3778.133794
4271.357162
3767.874588
4013.641640
4121.125868
3653.999529
3993.120338
4074.654368
3930.035597
3924.672471
3775.801662
3838.313647
4031.876603
3800.023540
3906.978471
4186.602662
3878.484368
3981.916794
3782.406864
3873.147824
4071.644029
4027.538029
3963.919559
3975.707307
3877.388221
4140.947044
3671.844412
3752.277529
3875.625602
4098.734588
3683.610382
4079.216471
4096.087000
4109.473560
4064.402059
3924.086426
3857.815853
4081.291971
3725.840326
3927.821118
3845.118897
3986.769588
3932.616147
4167.444151
3995.709309
4062.050618
4029.649103
3917.098559
4124.783152
3942.595382
4244.587574
4197.295044
4248.113456
4018.848889
3840.754838
4056.447824
4068.659015
3999.616015
3953.118655
3994.787676
4046.794706
3782.816324
3781.731191
3916.598803
3783.852441
3789.459941
3667.950132
3990.271603
4292.002261
3925.462441
4175.174868
4182.402456
3898.873838
4109.865468
3988.375912
4159.282809
4107.704779
3946.231118
3716.895778
3673.363676
3896.930603
3943.054735
3786.466294
3648.085941
3934.932750
3750.926618
3939.515088
4058.792912
3998.883766
3992.425309
4421.480529
4301.428074
4272.601103
4135.627797
4204.545529
3997.952191
3970.575735
3465.799176
3690.902372
4148.499956
4274.878544
3959.042632
4226.855691
3926.126388
3737.798103
4155.947765
4102.912485
3790.582941
3908.650860
3901.059338
4406.560309
3986.532368
3971.280147
4027.758449
3936.506265
3987.932691
4085.850353
3931.787221
4111.709510
3930.658368
4316.205529
3877.538074
3623.674294
4075.992467
3893.059956
3985.460853
4134.507529
4239.500971
3887.094689
4288.992088
3983.923853
4174.774691
3829.467015
4063.937926
4100.817059
4132.784382
3945.902515
3936.583132
4108.496103
4007.607103
3826.260985
3993.787235
3773.121309
4375.944090
3601.024221
3911.882765
3948.936397
4132.188353
3678.284430
4034.982662
3918.274059
4053.959118
3935.925176
4112.873828
4385.697059
4070.911779
4100.186941
4015.344235
3961.064815
4093.048985
4298.143765
3955.958721
4574.877691
3892.855316
4258.712735
3615.244353
3942.299809
4342.702809
3810.228068
4266.245279
4093.965941
4002.343559
4174.639529
3867.375054
3934.695706
4097.841853
3784.606074
3927.539632
3658.284820
3673.556176
3992.116985
3875.873221
4051.628456
3818.434631
4016.836015
3819.497074
4106.468426
4313.894324
3765.314941
4144.907338
3486.109294
3979.989412
4044.523779
3879.679501
3966.695853
3910.687926
3907.003162
4208.162559
3916.696943
3908.909074
3980.529735
4218.796618
4056.439691
4351.624651
4152.683824
4315.541574
4181.614485
4078.836000
3975.961490
3912.994765
4074.747868
3770.471221
3799.995721
4139.360639
3752.612000
4027.315147
3887.015456
4134.377985
4010.119375
4098.061397
4223.570662
4164.915956
4080.059412
4120.543597
4038.201176
4250.986559
3831.579206
4315.526162
3952.510540
4332.938368
3993.069191
3771.936882
3985.099324
3976.692835
4086.119706
4125.707382
3946.047853
3999.780765
3878.694557
4091.923574
3891.546279
4113.951618
4159.900059
4122.008426
4176.694882
3994.697029
4115.986897
3705.219574
3891.424281
4247.898147
4114.797132
3948.885926
3894.739059
4088.921400
4083.318735
3984.358706
4436.155588
4343.695971
4159.684445
4377.612603
3797.619132
4048.048368
4132.483368
3839.263417
3944.900265
4035.986926
4327.286147
4052.087176
3903.389639
3842.089618
4068.195000
3725.284265
4122.073662
4266.608273
4427.007176
4108.876662
4294.843044
3995.905721
3612.078171
4045.814824
3741.630544
4221.410971
4173.538985
4197.755805
4160.898926
3974.614235
4210.026691
3916.662662
4119.532821
4314.808868
4217.347632
4249.339500
4043.370574
3666.703220
4102.482103
3884.162456
3947.178735
4006.720132
4064.044839
4023.878471
4073.729015
3587.453456
4123.957735
3871.801737
3762.412382
4179.314824
4184.683441
3816.747412
3998.580856
4203.228118
3822.286235
4138.702397
3955.695662
4207.343181
4122.103735
4176.169426
4050.241912
4248.412735
4252.793756
4113.973500
4245.986368
4049.675162
4084.482941
4270.045434
4121.899735
4204.098059
3478.466912
3992.189353
3712.484715
3491.955118
3624.189250
3876.940544
4000.314103
4150.451716
3950.605956
3926.519382
4141.922235
4258.877765
4154.900688
3905.318765
3930.065206
4063.199647
4047.390103
3884.979013
4227.315176
3816.052647
4105.654353
4179.054838
4073.737514
4049.943647
4139.016721
4004.764529
3752.585015
3921.337295
4249.164912
3739.207956
4018.430574
3807.617676
4097.299326
4246.145044
3893.988809
4144.576603
3749.886956
4104.193592
3832.130176
4401.234485
3976.024544
4047.643000
